158939, 1, 20250112205742.089155
158999, 1, 20250112205743.089184
159059, 1, 20250112205744.089210
159119, 1, 20250112205745.089241
159179, 1, 20250112205746.089268
159239, 1, 20250112205747.089287
159299, 1, 20250112205748.089328
159359, 1, 20250112205749.089352
159419, 1, 20250112205750.089380
159479, 1, 20250112205751.089554
159539, 1, 20250112205752.089585
159599, 1, 20250112205753.089488
159659, 1, 20250112205754.089512
159719, 1, 20250112205755.089533
159779, 1, 20250112205756.089562
159839, 1, 20250112205757.089577
159899, 1, 20250112205758.089615
159959, 1, 20250112205759.089641
160019, 1, 20250112205800.089658
160079, 1, 20250112205801.089699
160139, 1, 20250112205802.089736
160199, 1, 20250112205803.089765
160259, 1, 20250112205804.089799
160319, 1, 20250112205805.089816
160379, 1, 20250112205806.089849
160439, 1, 20250112205807.089871
160499, 1, 20250112205808.089908
160559, 1, 20250112205809.090078
160619, 1, 20250112205810.089940
160679, 1, 20250112205811.089981
160739, 1, 20250112205812.090017
160799, 1, 20250112205813.090051
160859, 1, 20250112205814.090084
160919, 1, 20250112205815.090244
160979, 1, 20250112205816.090267
161039, 1, 20250112205817.090132
161099, 1, 20250112205818.090196
161159, 1, 20250112205819.090228
161219, 1, 20250112205820.090249
161279, 1, 20250112205821.090275
161339, 1, 20250112205822.090449
161399, 1, 20250112205823.090507
161459, 1, 20250112205824.090505
161519, 1, 20250112205825.090539
161579, 1, 20250112205826.090557
161639, 1, 20250112205827.090586
161699, 1, 20250112205828.090625
161759, 1, 20250112205829.090660
161819, 1, 20250112205830.090682
161879, 1, 20250112205831.090712
161939, 1, 20250112205832.090760
161999, 1, 20250112205833.090781
162059, 1, 20250112205834.090796
162119, 1, 20250112205835.090830
162179, 1, 20250112205836.090850
