154593, 1, 20250122143002.175328
154653, 1, 20250122143003.175376
154713, 1, 20250122143004.175332
154773, 1, 20250122143005.175392
154833, 1, 20250122143006.175364
154893, 1, 20250122143007.175388
154953, 1, 20250122143008.175438
155013, 1, 20250122143009.175535
155073, 1, 20250122143010.175492
155133, 1, 20250122143011.175514
155193, 1, 20250122143012.175652
155253, 1, 20250122143013.175580
155313, 1, 20250122143014.175616
155373, 1, 20250122143015.175638
155433, 1, 20250122143016.175703
155493, 1, 20250122143017.175704
155553, 1, 20250122143018.175694
155613, 1, 20250122143019.175868
155673, 1, 20250122143020.175788
155733, 1, 20250122143021.175836
155793, 1, 20250122143022.175874
155853, 1, 20250122143023.175874
155913, 1, 20250122143024.175948
155973, 1, 20250122143025.175930
156033, 1, 20250122143026.175955
156093, 1, 20250122143027.175990
156153, 1, 20250122143028.176062
156213, 1, 20250122143029.176089
156273, 1, 20250122143030.176057
156333, 1, 20250122143031.176176
156393, 1, 20250122143032.176192
156453, 1, 20250122143033.176215
156513, 1, 20250122143034.176304
156573, 1, 20250122143035.176274
156633, 1, 20250122143036.176296
156693, 1, 20250122143037.176333
156753, 1, 20250122143038.176350
156813, 1, 20250122143039.176395
156873, 1, 20250122143040.176420
156933, 1, 20250122143041.176445
156993, 1, 20250122143042.176524
157053, 1, 20250122143043.176539
157113, 1, 20250122143044.176569
157173, 1, 20250122143045.176594
157233, 1, 20250122143046.176628
157293, 1, 20250122143047.176680
157353, 1, 20250122143048.176700
157413, 1, 20250122143049.176724
157473, 1, 20250122143050.176784
157533, 1, 20250122143051.176822
157593, 1, 20250122143052.176829
157653, 1, 20250122143053.176850
157713, 1, 20250122143054.176876
157773, 1, 20250122143055.176908
157833, 1, 20250122143056.176933
157893, 1, 20250122143057.176975
157953, 1, 20250122143058.177003
158013, 1, 20250122143059.177032
158073, 1, 20250122143100.177063
158133, 1, 20250122143101.177105
158193, 1, 20250122143102.177114
158253, 1, 20250122143103.177165
158313, 1, 20250122143104.177172
158373, 1, 20250122143105.177208
158433, 1, 20250122143106.177232
158493, 1, 20250122143107.177257
158553, 1, 20250122143108.177289
158613, 1, 20250122143109.177326
158673, 1, 20250122143110.177382
158733, 1, 20250122143111.177378
158793, 1, 20250122143112.177426
158853, 1, 20250122143113.177440
158913, 1, 20250122143114.177464
158973, 1, 20250122143115.177519
159033, 1, 20250122143116.177526
159093, 1, 20250122143117.177577
159153, 1, 20250122143118.177583
159213, 1, 20250122143119.177628
159273, 1, 20250122143120.177649
159333, 1, 20250122143121.177673
159393, 1, 20250122143122.177712
159453, 1, 20250122143123.177748
159513, 1, 20250122143124.177756
159573, 1, 20250122143125.177793
159633, 1, 20250122143126.177829
159693, 1, 20250122143127.177850
159753, 1, 20250122143128.177871
159813, 1, 20250122143129.177916
159873, 1, 20250122143130.177954
159933, 1, 20250122143131.177975
159993, 1, 20250122143132.177997
160053, 1, 20250122143133.178021
160113, 1, 20250122143134.178044
160173, 1, 20250122143135.178095
160233, 1, 20250122143136.178107
160293, 1, 20250122143137.178141
160353, 1, 20250122143138.178164
160413, 1, 20250122143139.178221
160473, 1, 20250122143140.178258
160533, 1, 20250122143141.178256
160593, 1, 20250122143142.178275
160653, 1, 20250122143143.178320
160713, 1, 20250122143144.178343
160773, 1, 20250122143145.178369
160833, 1, 20250122143146.178419
160893, 1, 20250122143147.178435
160953, 1, 20250122143148.178471
161013, 1, 20250122143149.178491
161073, 1, 20250122143150.178523
161133, 1, 20250122143151.178544
161193, 1, 20250122143152.178582
161253, 1, 20250122143153.178606
161313, 1, 20250122143154.178628
161373, 1, 20250122143155.178673
161433, 1, 20250122143156.178676
161493, 1, 20250122143157.178724
161553, 1, 20250122143158.178770
161613, 1, 20250122143159.178792
161673, 1, 20250122143200.178803
161733, 1, 20250122143201.178836
161793, 1, 20250122143202.178871
161853, 1, 20250122143203.178891
161913, 1, 20250122143204.178923
161973, 1, 20250122143205.178957
162033, 1, 20250122143206.178976
162093, 1, 20250122143207.179023
162153, 1, 20250122143208.179056
162213, 1, 20250122143209.179086
162273, 1, 20250122143210.179096
162333, 1, 20250122143211.179133
162393, 1, 20250122143212.179156
162453, 1, 20250122143213.179188
162513, 1, 20250122143214.179207
162573, 1, 20250122143215.179250
162633, 1, 20250122143216.179267
162693, 1, 20250122143217.179298
