184793, 1, 20250116185336.365458
184853, 1, 20250116185337.365451
184913, 1, 20250116185338.365422
184973, 1, 20250116185339.365454
185033, 1, 20250116185340.365478
185093, 1, 20250116185341.365519
185153, 1, 20250116185342.365531
185213, 1, 20250116185343.365572
185273, 1, 20250116185344.365591
185333, 1, 20250116185345.365632
185393, 1, 20250116185346.365711
185453, 1, 20250116185347.365707
185513, 1, 20250116185348.365712
185573, 1, 20250116185349.365750
185633, 1, 20250116185350.365768
185693, 1, 20250116185351.365811
185753, 1, 20250116185352.365829
185813, 1, 20250116185353.365819
185873, 1, 20250116185354.365879
185933, 1, 20250116185355.365912
185993, 1, 20250116185356.365936
186053, 1, 20250116185357.366033
186113, 1, 20250116185358.366063
186173, 1, 20250116185359.366030
186233, 1, 20250116185400.366065
186293, 1, 20250116185401.366166
186353, 1, 20250116185402.366128
186413, 1, 20250116185403.366195
186473, 1, 20250116185404.366216
186533, 1, 20250116185405.366196
186593, 1, 20250116185406.366259
186653, 1, 20250116185407.366321
186713, 1, 20250116185408.366363
186773, 1, 20250116185409.366366
186833, 1, 20250116185410.366349
186893, 1, 20250116185411.366394
186953, 1, 20250116185412.366472
187013, 1, 20250116185413.366430
187073, 1, 20250116185414.366499
187133, 1, 20250116185415.366547
187193, 1, 20250116185416.366585
187253, 1, 20250116185417.366555
187313, 1, 20250116185418.366578
187373, 1, 20250116185419.366615
187433, 1, 20250116185420.366646
187493, 1, 20250116185421.366675
187553, 1, 20250116185422.366771
187613, 1, 20250116185423.366728
187673, 1, 20250116185424.366853
187733, 1, 20250116185425.366789
