180051, 1, 20250122143706.493009
180111, 1, 20250122143707.493185
180171, 1, 20250122143708.493163
180231, 1, 20250122143709.493110
180291, 1, 20250122143710.493275
180351, 1, 20250122143711.493120
180411, 1, 20250122143712.493161
180471, 1, 20250122143713.493211
180531, 1, 20250122143714.493267
180591, 1, 20250122143715.493260
180651, 1, 20250122143716.493289
180711, 1, 20250122143717.493308
180771, 1, 20250122143718.493339
180831, 1, 20250122143719.493359
180891, 1, 20250122143720.493436
180951, 1, 20250122143721.493417
181011, 1, 20250122143722.493457
