166313, 1, 20250121140456.463648
166373, 1, 20250121140457.463675
166433, 1, 20250121140458.463681
166493, 1, 20250121140459.463717
166553, 1, 20250121140500.463738
166613, 1, 20250121140501.463773
166673, 1, 20250121140502.463784
166733, 1, 20250121140503.463834
166793, 1, 20250121140504.463857
166853, 1, 20250121140505.463891
166913, 1, 20250121140506.463917
166973, 1, 20250121140507.463959
167033, 1, 20250121140508.463988
167093, 1, 20250121140509.464024
167153, 1, 20250121140510.464046
167213, 1, 20250121140511.464065
167273, 1, 20250121140512.464098
167333, 1, 20250121140513.464133
167393, 1, 20250121140514.464137
167453, 1, 20250121140515.464209
167513, 1, 20250121140516.464246
