115361, 1, 20250111141638.118132
115421, 1, 20250111141639.118174
115481, 1, 20250111141640.118195
115541, 1, 20250111141641.118215
115601, 1, 20250111141642.118246
115661, 1, 20250111141643.118274
115721, 1, 20250111141644.118331
115781, 1, 20250111141645.118340
115841, 1, 20250111141646.118371
115901, 1, 20250111141647.118396
115961, 1, 20250111141648.118424
116021, 1, 20250111141649.118449
116081, 1, 20250111141650.118482
116141, 1, 20250111141651.118505
116201, 1, 20250111141652.118534
116261, 1, 20250111141653.118575
116321, 1, 20250111141654.118593
116381, 1, 20250111141655.118619
116441, 1, 20250111141656.118640
116501, 1, 20250111141657.118684
116561, 1, 20250111141658.118704
116621, 1, 20250111141659.118742
116681, 1, 20250111141700.118769
116741, 1, 20250111141701.118808
116801, 1, 20250111141702.118820
116861, 1, 20250111141703.118864
116921, 1, 20250111141704.118892
116981, 1, 20250111141705.118944
117041, 1, 20250111141706.118936
117101, 1, 20250111141707.118969
117161, 1, 20250111141708.119000
117221, 1, 20250111141709.119025
117281, 1, 20250111141710.119054
117341, 1, 20250111141711.119097
117401, 1, 20250111141712.119107
117461, 1, 20250111141713.119153
117521, 1, 20250111141714.119191
117581, 1, 20250111141715.119205
117641, 1, 20250111141716.119220
117701, 1, 20250111141717.119259
