466015, 1, 20250116095344.394865
466075, 1, 20250116095345.394896
466135, 1, 20250116095346.394917
466195, 1, 20250116095347.394957
466255, 1, 20250116095348.394846
466315, 1, 20250116095349.394877
466375, 1, 20250116095350.394906
466435, 1, 20250116095351.394926
466495, 1, 20250116095352.394964
466555, 1, 20250116095353.394982
466615, 1, 20250116095354.395014
466675, 1, 20250116095355.395045
466735, 1, 20250116095356.395081
466795, 1, 20250116095357.395116
466855, 1, 20250116095358.395142
466915, 1, 20250116095359.395170
466975, 1, 20250116095400.395203
467035, 1, 20250116095401.395239
467095, 1, 20250116095402.395270
467155, 1, 20250116095403.395284
467215, 1, 20250116095404.395316
467275, 1, 20250116095405.395344
467335, 1, 20250116095406.395374
467395, 1, 20250116095407.395399
467455, 1, 20250116095408.395435
467515, 1, 20250116095409.395462
467575, 1, 20250116095410.395484
467635, 1, 20250116095411.395534
467695, 1, 20250116095412.395564
467755, 1, 20250116095413.395580
467815, 1, 20250116095414.395612
467875, 1, 20250116095415.395633
467935, 1, 20250116095416.395670
467995, 1, 20250116095417.395697
468055, 1, 20250116095418.395716
468115, 1, 20250116095419.395742
468175, 1, 20250116095420.395801
468235, 1, 20250116095421.395812
468295, 1, 20250116095422.395847
468355, 1, 20250116095423.395868
468415, 1, 20250116095424.395917
468475, 1, 20250116095425.395927
468535, 1, 20250116095426.395970
468595, 1, 20250116095427.396125
468655, 1, 20250116095428.396160
