136481, 1, 20241223154413.305534
136541, 1, 20241223154414.305568
136601, 1, 20241223154415.305605
136661, 1, 20241223154416.305628
136721, 1, 20241223154417.305640
136781, 1, 20241223154418.305676
136841, 1, 20241223154419.305702
136901, 1, 20241223154420.305743
136961, 1, 20241223154421.305767
137021, 1, 20241223154422.305798
137081, 1, 20241223154423.305821
137141, 1, 20241223154424.305851
137201, 1, 20241223154425.305892
137261, 1, 20241223154426.305905
137321, 1, 20241223154427.305926
137381, 1, 20241223154428.305958
137441, 1, 20241223154429.306010
137501, 1, 20241223154430.306039
137561, 1, 20241223154431.306045
137621, 1, 20241223154432.306080
137681, 1, 20241223154433.306114
137741, 1, 20241223154434.306145
137801, 1, 20241223154435.306164
137861, 1, 20241223154436.306196
137921, 1, 20241223154437.306226
137981, 1, 20241223154438.306262
138041, 1, 20241223154439.306307
138101, 1, 20241223154440.306327
138161, 1, 20241223154441.306333
138221, 1, 20241223154442.306374
138281, 1, 20241223154443.306385
138341, 1, 20241223154444.306435
138401, 1, 20241223154445.306447
138461, 1, 20241223154446.306489
138521, 1, 20241223154447.306510
138581, 1, 20241223154448.306560
138641, 1, 20241223154449.306575
138701, 1, 20241223154450.306603
138761, 1, 20241223154451.306636
138821, 1, 20241223154452.306667
138881, 1, 20241223154453.306694
138941, 1, 20241223154454.306713
139001, 1, 20241223154455.306739
139061, 1, 20241223154456.306770
139121, 1, 20241223154457.306802
139181, 1, 20241223154458.306822
139241, 1, 20241223154459.306839
139301, 1, 20241223154500.306883
139361, 1, 20241223154501.306904
139421, 1, 20241223154502.306951
139481, 1, 20241223154503.306967
139541, 1, 20241223154504.306999
139601, 1, 20241223154505.307020
139661, 1, 20241223154506.307059
139721, 1, 20241223154507.307077
139781, 1, 20241223154508.307130
139841, 1, 20241223154509.307153
139901, 1, 20241223154510.307171
139961, 1, 20241223154511.307209
140021, 1, 20241223154512.307225
140081, 1, 20241223154513.307255
140141, 1, 20241223154514.307273
140201, 1, 20241223154515.307311
140261, 1, 20241223154516.307340
140321, 1, 20241223154517.307363
140381, 1, 20241223154518.307426
140441, 1, 20241223154519.307456
140501, 1, 20241223154520.307461
140561, 1, 20241223154521.307488
140621, 1, 20241223154522.307517
140681, 1, 20241223154523.307542
140741, 1, 20241223154524.307570
140801, 1, 20241223154525.307610
140861, 1, 20241223154526.307645
140921, 1, 20241223154527.307655
140981, 1, 20241223154528.307693
141041, 1, 20241223154529.307720
141101, 1, 20241223154530.307755
141161, 1, 20241223154531.307761
141221, 1, 20241223154532.307802
141281, 1, 20241223154533.307828
141341, 1, 20241223154534.307867
141401, 1, 20241223154535.307887
141461, 1, 20241223154536.307923
141521, 1, 20241223154537.307974
141581, 1, 20241223154538.307996
141641, 1, 20241223154539.308002
141701, 1, 20241223154540.308041
141761, 1, 20241223154541.308075
141821, 1, 20241223154542.308096
141881, 1, 20241223154543.308129
141941, 1, 20241223154544.308162
142001, 1, 20241223154545.308179
142061, 1, 20241223154546.308211
142121, 1, 20241223154547.308263
142181, 1, 20241223154548.308284
142241, 1, 20241223154549.308289
142301, 1, 20241223154550.308324
142361, 1, 20241223154551.308352
142421, 1, 20241223154552.308378
142481, 1, 20241223154553.308398
142541, 1, 20241223154554.308443
142601, 1, 20241223154555.308463
142661, 1, 20241223154556.308514
142721, 1, 20241223154557.308552
142781, 1, 20241223154558.308561
142841, 1, 20241223154559.308588
142901, 1, 20241223154600.308609
142961, 1, 20241223154601.308638
143021, 1, 20241223154602.308690
143081, 1, 20241223154603.308701
143141, 1, 20241223154604.308728
143201, 1, 20241223154605.308749
143261, 1, 20241223154606.308791
143321, 1, 20241223154607.308804
143381, 1, 20241223154608.308836
143441, 1, 20241223154609.308866
143501, 1, 20241223154610.308909
143561, 1, 20241223154611.308923
143621, 1, 20241223154612.308962
143681, 1, 20241223154613.308994
143741, 1, 20241223154614.309014
143801, 1, 20241223154615.309048
143861, 1, 20241223154616.309083
143921, 1, 20241223154617.309120
143981, 1, 20241223154618.309145
144041, 1, 20241223154619.309163
144101, 1, 20241223154620.309193
144161, 1, 20241223154621.309221
144221, 1, 20241223154622.309251
144281, 1, 20241223154623.309274
144341, 1, 20241223154624.309288
144401, 1, 20241223154625.309324
144461, 1, 20241223154626.309387
144521, 1, 20241223154627.309419
144581, 1, 20241223154628.309422
144641, 1, 20241223154629.309464
144701, 1, 20241223154630.309481
144761, 1, 20241223154631.309498
144821, 1, 20241223154632.309555
144881, 1, 20241223154633.309560
144941, 1, 20241223154634.309591
145001, 1, 20241223154635.309618
145061, 1, 20241223154636.309651
145121, 1, 20241223154637.309680
145181, 1, 20241223154638.309712
145241, 1, 20241223154639.309731
145301, 1, 20241223154640.309773
145361, 1, 20241223154641.309792
145421, 1, 20241223154642.309828
145481, 1, 20241223154643.309867
145541, 1, 20241223154644.309881
145601, 1, 20241223154645.309933
145661, 1, 20241223154646.309957
145721, 1, 20241223154647.309961
145781, 1, 20241223154648.309989
145841, 1, 20241223154649.310020
145901, 1, 20241223154650.310062
145961, 1, 20241223154651.310080
146021, 1, 20241223154652.310117
146081, 1, 20241223154653.310126
146141, 1, 20241223154654.310170
146201, 1, 20241223154655.310225
146261, 1, 20241223154656.310251
146321, 1, 20241223154657.310247
146381, 1, 20241223154658.310280
146441, 1, 20241223154659.310308
146501, 1, 20241223154700.310342
146561, 1, 20241223154701.310368
146621, 1, 20241223154702.310405
146681, 1, 20241223154703.310422
146741, 1, 20241223154704.310467
146801, 1, 20241223154705.310501
146861, 1, 20241223154706.310523
146921, 1, 20241223154707.310533
146981, 1, 20241223154708.310584
147041, 1, 20241223154709.310596
147101, 1, 20241223154710.310624
147161, 1, 20241223154711.310650
147221, 1, 20241223154712.310693
