363773, 1, 20250112090255.555425
363833, 1, 20250112090256.555442
363893, 1, 20250112090257.555476
363953, 1, 20250112090258.555504
364013, 1, 20250112090259.555538
364073, 1, 20250112090300.555564
364133, 1, 20250112090301.555609
364193, 1, 20250112090302.555635
364253, 1, 20250112090303.555661
364313, 1, 20250112090304.555685
364373, 1, 20250112090305.555712
364433, 1, 20250112090306.555727
364493, 1, 20250112090307.555766
364553, 1, 20250112090308.555792
364613, 1, 20250112090309.555824
364673, 1, 20250112090310.555855
364733, 1, 20250112090311.555900
364793, 1, 20250112090312.555931
364853, 1, 20250112090313.555934
364913, 1, 20250112090314.555949
364973, 1, 20250112090315.555994
365033, 1, 20250112090316.556015
365093, 1, 20250112090317.556046
365153, 1, 20250112090318.556081
365213, 1, 20250112090319.556109
365273, 1, 20250112090320.556133
365333, 1, 20250112090321.556168
365393, 1, 20250112090322.556206
365453, 1, 20250112090323.556224
365513, 1, 20250112090324.556257
365573, 1, 20250112090325.556284
365633, 1, 20250112090326.556317
365693, 1, 20250112090327.556349
365753, 1, 20250112090328.556376
365813, 1, 20250112090329.556406
365873, 1, 20250112090330.556454
365933, 1, 20250112090331.556480
365993, 1, 20250112090332.556484
366053, 1, 20250112090333.556516
366113, 1, 20250112090334.556550
366173, 1, 20250112090335.556576
366233, 1, 20250112090336.556583
366293, 1, 20250112090337.556630
366353, 1, 20250112090338.556637
366413, 1, 20250112090339.556683
366473, 1, 20250112090340.556711
