237851, 1, 20250106112840.102900
237911, 1, 20250106112841.102916
237971, 1, 20250106112842.102958
238031, 1, 20250106112843.102982
238091, 1, 20250106112844.103020
238151, 1, 20250106112845.103051
238211, 1, 20250106112846.103070
238271, 1, 20250106112847.103130
238331, 1, 20250106112848.103133
238391, 1, 20250106112849.103159
238451, 1, 20250106112850.103194
238511, 1, 20250106112851.103220
238571, 1, 20250106112852.103250
238631, 1, 20250106112853.103273
238691, 1, 20250106112854.103311
238751, 1, 20250106112855.103341
238811, 1, 20250106112856.103364
238871, 1, 20250106112857.103395
238931, 1, 20250106112858.103420
238991, 1, 20250106112859.103451
239051, 1, 20250106112900.103486
239111, 1, 20250106112901.103521
239171, 1, 20250106112902.103544
239231, 1, 20250106112903.103575
239291, 1, 20250106112904.103612
239351, 1, 20250106112905.103635
239411, 1, 20250106112906.103682
239471, 1, 20250106112907.103718
239531, 1, 20250106112908.103725
239591, 1, 20250106112909.103755
239651, 1, 20250106112910.103780
239711, 1, 20250106112911.103801
