309621, 1, 20250112164819.222512
309681, 1, 20250112164820.222465
309741, 1, 20250112164821.222479
309801, 1, 20250112164822.222553
309861, 1, 20250112164823.222522
309921, 1, 20250112164824.222574
309981, 1, 20250112164825.222670
310041, 1, 20250112164826.222629
310101, 1, 20250112164827.222695
310161, 1, 20250112164828.222764
310221, 1, 20250112164829.222810
310281, 1, 20250112164830.222763
310341, 1, 20250112164831.222774
310401, 1, 20250112164832.222816
310461, 1, 20250112164833.222831
310521, 1, 20250112164834.222928
310581, 1, 20250112164835.222873
310641, 1, 20250112164836.222919
310701, 1, 20250112164837.222942
310761, 1, 20250112164838.222987
310821, 1, 20250112164839.223066
310881, 1, 20250112164840.223036
310941, 1, 20250112164841.223059
