937575, 1, 20250112114219.268694
937635, 1, 20250112114220.268717
937695, 1, 20250112114221.268747
937755, 1, 20250112114222.268781
937815, 1, 20250112114223.268815
937875, 1, 20250112114224.268847
937935, 1, 20250112114225.268866
937995, 1, 20250112114226.268893
938055, 1, 20250112114227.268915
938115, 1, 20250112114228.268958
938175, 1, 20250112114229.268975
938235, 1, 20250112114230.269007
938295, 1, 20250112114231.269031
938355, 1, 20250112114232.269076
938415, 1, 20250112114233.269114
938475, 1, 20250112114234.269113
938535, 1, 20250112114235.269146
938595, 1, 20250112114236.269172
938655, 1, 20250112114237.269190
938715, 1, 20250112114238.269225
938775, 1, 20250112114239.269251
938835, 1, 20250112114240.269287
938895, 1, 20250112114241.269315
938955, 1, 20250112114242.269357
939015, 1, 20250112114243.269388
939075, 1, 20250112114244.269395
939135, 1, 20250112114245.269432
939195, 1, 20250112114246.269453
939255, 1, 20250112114247.269489
939315, 1, 20250112114248.269522
939375, 1, 20250112114249.269541
939435, 1, 20250112114250.269571
939495, 1, 20250112114251.269600
939555, 1, 20250112114252.269651
939615, 1, 20250112114253.269682
939675, 1, 20250112114254.269694
939735, 1, 20250112114255.269716
939795, 1, 20250112114256.269746
939855, 1, 20250112114257.269777
939915, 1, 20250112114258.269804
939975, 1, 20250112114259.269829
940035, 1, 20250112114300.269854
940095, 1, 20250112114301.269890
940155, 1, 20250112114302.269940
940215, 1, 20250112114303.269972
940275, 1, 20250112114304.269965
940335, 1, 20250112114305.270010
940395, 1, 20250112114306.270041
940455, 1, 20250112114307.270050
940515, 1, 20250112114308.270100
940575, 1, 20250112114309.270138
940635, 1, 20250112114310.270164
940695, 1, 20250112114311.270176
940755, 1, 20250112114312.270210
940815, 1, 20250112114313.270246
940875, 1, 20250112114314.270262
940935, 1, 20250112114315.270289
940995, 1, 20250112114316.270327
941055, 1, 20250112114317.270338
941115, 1, 20250112114318.270373
941175, 1, 20250112114319.270411
941235, 1, 20250112114320.270457
941295, 1, 20250112114321.270482
941355, 1, 20250112114322.270530
941415, 1, 20250112114323.270518
941475, 1, 20250112114324.270544
941535, 1, 20250112114325.270593
941595, 1, 20250112114326.270627
941655, 1, 20250112114327.270639
941715, 1, 20250112114328.270668
941775, 1, 20250112114329.270689
941835, 1, 20250112114330.270718
941895, 1, 20250112114331.270777
941955, 1, 20250112114332.270803
942015, 1, 20250112114333.270814
942075, 1, 20250112114334.270836
942135, 1, 20250112114335.270857
942195, 1, 20250112114336.270891
942255, 1, 20250112114337.270936
942315, 1, 20250112114338.270958
942375, 1, 20250112114339.270982
942435, 1, 20250112114340.271009
942495, 1, 20250112114341.271033
942555, 1, 20250112114342.271068
942615, 1, 20250112114343.271089
942675, 1, 20250112114344.271115
942735, 1, 20250112114345.271134
942795, 1, 20250112114346.271162
