221505, 1, 20241223204258.300317
221565, 1, 20241223204259.300410
221625, 1, 20241223204300.300376
221685, 1, 20241223204301.300407
221745, 1, 20241223204302.300431
221805, 1, 20241223204303.300466
221865, 1, 20241223204304.300549
221925, 1, 20241223204305.300519
221985, 1, 20241223204306.300556
222045, 1, 20241223204307.300582
222105, 1, 20241223204308.300623
222165, 1, 20241223204309.300657
222225, 1, 20241223204310.300664
222285, 1, 20241223204311.300695
222345, 1, 20241223204312.300730
222405, 1, 20241223204313.300834
222465, 1, 20241223204314.300793
222525, 1, 20241223204315.300883
222585, 1, 20241223204316.300846
222645, 1, 20241223204317.300935
222705, 1, 20241223204318.300966
222765, 1, 20241223204319.300945
222825, 1, 20241223204320.300973
222885, 1, 20241223204321.301004
222945, 1, 20241223204322.301018
223005, 1, 20241223204323.301122
223065, 1, 20241223204324.301084
223125, 1, 20241223204325.301174
223185, 1, 20241223204326.301136
223245, 1, 20241223204327.301211
223305, 1, 20241223204328.301266
223365, 1, 20241223204329.301261
223425, 1, 20241223204330.301314
223485, 1, 20241223204331.301351
223545, 1, 20241223204332.301316
223605, 1, 20241223204333.301342
223665, 1, 20241223204334.301374
223725, 1, 20241223204335.301390
223785, 1, 20241223204336.301433
223845, 1, 20241223204337.301477
223905, 1, 20241223204338.301486
223965, 1, 20241223204339.301518
224025, 1, 20241223204340.301549
224085, 1, 20241223204341.301639
224145, 1, 20241223204342.301678
224205, 1, 20241223204343.301671
224265, 1, 20241223204344.301632
224325, 1, 20241223204345.301757
224385, 1, 20241223204346.301719
224445, 1, 20241223204347.301806
224505, 1, 20241223204348.301810
224565, 1, 20241223204349.301808
224625, 1, 20241223204350.301911
224685, 1, 20241223204351.301927
224745, 1, 20241223204352.301901
224805, 1, 20241223204353.301958
224865, 1, 20241223204354.302028
224925, 1, 20241223204355.301981
224985, 1, 20241223204356.302021
225045, 1, 20241223204357.302093
225105, 1, 20241223204358.302087
225165, 1, 20241223204359.302098
225225, 1, 20241223204400.302151
225285, 1, 20241223204401.302174
225345, 1, 20241223204402.302188
225405, 1, 20241223204403.302285
225465, 1, 20241223204404.302313
225525, 1, 20241223204405.302284
225585, 1, 20241223204406.302379
225645, 1, 20241223204407.302334
225705, 1, 20241223204408.302369
225765, 1, 20241223204409.302385
225825, 1, 20241223204410.302432
225885, 1, 20241223204411.302459
225945, 1, 20241223204412.302478
226005, 1, 20241223204413.302518
226065, 1, 20241223204414.302532
226125, 1, 20241223204415.302577
226185, 1, 20241223204416.302614
226245, 1, 20241223204417.302640
226305, 1, 20241223204418.302654
226365, 1, 20241223204419.302689
226425, 1, 20241223204420.302733
226485, 1, 20241223204421.302747
226545, 1, 20241223204422.302788
226605, 1, 20241223204423.302875
226665, 1, 20241223204424.302824
226725, 1, 20241223204425.302862
226785, 1, 20241223204426.302944
226845, 1, 20241223204427.302942
226905, 1, 20241223204428.302957
226965, 1, 20241223204429.302990
227025, 1, 20241223204430.303076
227085, 1, 20241223204431.303056
227145, 1, 20241223204432.303076
227205, 1, 20241223204433.303108
227265, 1, 20241223204434.303085
227325, 1, 20241223204435.303219
227385, 1, 20241223204436.303229
227445, 1, 20241223204437.303212
227505, 1, 20241223204438.303245
227565, 1, 20241223204439.303342
227625, 1, 20241223204440.303304
227685, 1, 20241223204441.303339
227745, 1, 20241223204442.303361
227805, 1, 20241223204443.303494
227865, 1, 20241223204444.303417
227925, 1, 20241223204445.303494
227985, 1, 20241223204446.303473
228045, 1, 20241223204447.303572
228105, 1, 20241223204448.303538
228165, 1, 20241223204449.303559
228225, 1, 20241223204450.303599
228285, 1, 20241223204451.303625
228345, 1, 20241223204452.303732
228405, 1, 20241223204453.303681
228465, 1, 20241223204454.303781
228525, 1, 20241223204455.303828
228585, 1, 20241223204456.303787
228645, 1, 20241223204457.303875
228705, 1, 20241223204458.303822
228765, 1, 20241223204459.303824
228825, 1, 20241223204500.303969
228885, 1, 20241223204501.303920
228945, 1, 20241223204502.303944
229005, 1, 20241223204503.303971
229065, 1, 20241223204504.304006
229125, 1, 20241223204505.304078
229185, 1, 20241223204506.304151
229245, 1, 20241223204507.304087
229305, 1, 20241223204508.304130
229365, 1, 20241223204509.304150
229425, 1, 20241223204510.304184
229485, 1, 20241223204511.304198
229545, 1, 20241223204512.304229
229605, 1, 20241223204513.304271
229665, 1, 20241223204514.304364
229725, 1, 20241223204515.304368
229785, 1, 20241223204516.304371
229845, 1, 20241223204517.304384
229905, 1, 20241223204518.304419
229965, 1, 20241223204519.304451
230025, 1, 20241223204520.304536
230085, 1, 20241223204521.304570
230145, 1, 20241223204522.304589
230205, 1, 20241223204523.304616
230265, 1, 20241223204524.304537
230325, 1, 20241223204525.304666
230385, 1, 20241223204526.304645
230445, 1, 20241223204527.304678
230505, 1, 20241223204528.304704
230565, 1, 20241223204529.304802
230625, 1, 20241223204530.304840
230685, 1, 20241223204531.304791
230745, 1, 20241223204532.304891
230805, 1, 20241223204533.304860
230865, 1, 20241223204534.304898
230925, 1, 20241223204535.304948
230985, 1, 20241223204536.304922
231045, 1, 20241223204537.304980
231105, 1, 20241223204538.304997
231165, 1, 20241223204539.305044
231225, 1, 20241223204540.305067
231285, 1, 20241223204541.305090
231345, 1, 20241223204542.305116
231405, 1, 20241223204543.305149
231465, 1, 20241223204544.305264
231525, 1, 20241223204545.305222
231585, 1, 20241223204546.305236
231645, 1, 20241223204547.305270
231705, 1, 20241223204548.305296
231765, 1, 20241223204549.305327
231825, 1, 20241223204550.305355
231885, 1, 20241223204551.305387
231945, 1, 20241223204552.305414
232005, 1, 20241223204553.305454
232065, 1, 20241223204554.305540
232125, 1, 20241223204555.305496
232185, 1, 20241223204556.305517
