348865, 1, 20241222125731.121718
348925, 1, 20241222125732.121761
348985, 1, 20241222125733.121773
349045, 1, 20241222125734.121798
349105, 1, 20241222125735.121830
349165, 1, 20241222125736.121862
349225, 1, 20241222125737.121897
349285, 1, 20241222125738.121916
349345, 1, 20241222125739.121954
349405, 1, 20241222125740.121968
349465, 1, 20241222125741.122010
349525, 1, 20241222125742.122028
349585, 1, 20241222125743.122062
349645, 1, 20241222125744.122073
349705, 1, 20241222125745.122118
349765, 1, 20241222125746.122152
349825, 1, 20241222125747.122181
349885, 1, 20241222125748.122217
349945, 1, 20241222125749.122246
350005, 1, 20241222125750.122272
350065, 1, 20241222125751.122313
350125, 1, 20241222125752.122342
350185, 1, 20241222125753.122363
350245, 1, 20241222125754.122387
350305, 1, 20241222125755.122420
350365, 1, 20241222125756.122451
350425, 1, 20241222125757.122476
350485, 1, 20241222125758.122498
350545, 1, 20241222125759.122531
350605, 1, 20241222125800.122567
350665, 1, 20241222125801.122610
350725, 1, 20241222125802.122632
350785, 1, 20241222125803.122648
350845, 1, 20241222125804.122680
350905, 1, 20241222125805.122706
350965, 1, 20241222125806.122736
351025, 1, 20241222125807.122780
351085, 1, 20241222125808.122795
351145, 1, 20241222125809.122822
351205, 1, 20241222125810.122850
351265, 1, 20241222125811.122908
351325, 1, 20241222125812.122916
351385, 1, 20241222125813.122932
351445, 1, 20241222125814.122973
351505, 1, 20241222125815.122992
351565, 1, 20241222125816.123030
351625, 1, 20241222125817.123064
351685, 1, 20241222125818.123092
351745, 1, 20241222125819.123122
351805, 1, 20241222125820.123145
351865, 1, 20241222125821.123194
351925, 1, 20241222125822.123204
351985, 1, 20241222125823.123238
352045, 1, 20241222125824.123266
352105, 1, 20241222125825.123307
352165, 1, 20241222125826.123320
352225, 1, 20241222125827.123353
352285, 1, 20241222125828.123374
352345, 1, 20241222125829.123406
352405, 1, 20241222125830.123459
352465, 1, 20241222125831.123475
352525, 1, 20241222125832.123490
352585, 1, 20241222125833.123527
352645, 1, 20241222125834.123552
352705, 1, 20241222125835.123593
352765, 1, 20241222125836.123608
352825, 1, 20241222125837.123648
352885, 1, 20241222125838.123667
352945, 1, 20241222125839.123688
353005, 1, 20241222125840.123740
353065, 1, 20241222125841.123777
353125, 1, 20241222125842.123770
353185, 1, 20241222125843.123821
353245, 1, 20241222125844.123837
353305, 1, 20241222125845.123863
353365, 1, 20241222125846.123895
353425, 1, 20241222125847.123923
353485, 1, 20241222125848.123954
353545, 1, 20241222125849.124002
353605, 1, 20241222125850.124017
353665, 1, 20241222125851.124047
353725, 1, 20241222125852.124075
353785, 1, 20241222125853.124098
353845, 1, 20241222125854.124121
353905, 1, 20241222125855.124166
353965, 1, 20241222125856.124183
354025, 1, 20241222125857.124224
354085, 1, 20241222125858.124249
354145, 1, 20241222125859.124280
354205, 1, 20241222125900.124303
354265, 1, 20241222125901.124322
354325, 1, 20241222125902.124370
354385, 1, 20241222125903.124399
354445, 1, 20241222125904.124429
354505, 1, 20241222125905.124461
354565, 1, 20241222125906.124488
354625, 1, 20241222125907.124509
354685, 1, 20241222125908.124548
354745, 1, 20241222125909.124603
354805, 1, 20241222125910.124602
354865, 1, 20241222125911.124617
354925, 1, 20241222125912.124654
354985, 1, 20241222125913.124681
355045, 1, 20241222125914.124715
355105, 1, 20241222125915.124753
355165, 1, 20241222125916.124772
355225, 1, 20241222125917.124804
355285, 1, 20241222125918.124838
355345, 1, 20241222125919.124878
355405, 1, 20241222125920.124902
355465, 1, 20241222125921.124922
355525, 1, 20241222125922.124931
355585, 1, 20241222125923.124974
355645, 1, 20241222125924.124995
355705, 1, 20241222125925.125044
355765, 1, 20241222125926.125062
355825, 1, 20241222125927.125091
355885, 1, 20241222125928.125131
355945, 1, 20241222125929.125154
356005, 1, 20241222125930.125179
356065, 1, 20241222125931.125209
356125, 1, 20241222125932.125238
356185, 1, 20241222125933.125271
356245, 1, 20241222125934.125296
356305, 1, 20241222125935.125328
356365, 1, 20241222125936.125308
356425, 1, 20241222125937.125387
356485, 1, 20241222125938.125444
356545, 1, 20241222125939.125464
356605, 1, 20241222125940.125477
356665, 1, 20241222125941.125495
356725, 1, 20241222125942.125528
356785, 1, 20241222125943.125568
356845, 1, 20241222125944.125585
356905, 1, 20241222125945.125617
356965, 1, 20241222125946.125647
357025, 1, 20241222125947.125669
357085, 1, 20241222125948.125719
357145, 1, 20241222125949.125754
357205, 1, 20241222125950.125754
357265, 1, 20241222125951.125778
357325, 1, 20241222125952.125818
357385, 1, 20241222125953.125853
357445, 1, 20241222125954.125875
357505, 1, 20241222125955.125895
357565, 1, 20241222125956.125924
357625, 1, 20241222125957.125969
357685, 1, 20241222125958.126017
357745, 1, 20241222125959.126025
357805, 1, 20241222130000.126043
357865, 1, 20241222130001.126082
357925, 1, 20241222130002.126096
357985, 1, 20241222130003.126153
358045, 1, 20241222130004.126167
358105, 1, 20241222130005.126207
358165, 1, 20241222130006.126226
358225, 1, 20241222130007.126264
358285, 1, 20241222130008.126276
358345, 1, 20241222130009.126321
358405, 1, 20241222130010.126324
358465, 1, 20241222130011.126364
358525, 1, 20241222130012.126398
358585, 1, 20241222130013.126432
358645, 1, 20241222130014.126457
358705, 1, 20241222130015.126487
358765, 1, 20241222130016.126512
358825, 1, 20241222130017.126568
358885, 1, 20241222130018.126603
358945, 1, 20241222130019.126614
359005, 1, 20241222130020.126627
359065, 1, 20241222130021.126661
359125, 1, 20241222130022.126692
359185, 1, 20241222130023.126727
359245, 1, 20241222130024.126744
359305, 1, 20241222130025.126782
359365, 1, 20241222130026.126808
359425, 1, 20241222130027.126859
359485, 1, 20241222130028.126880
359545, 1, 20241222130029.126889
