227263, 1, 20250109110039.638593
227323, 1, 20250109110040.638676
227383, 1, 20250109110041.638652
227443, 1, 20250109110042.638686
227503, 1, 20250109110043.638704
227563, 1, 20250109110044.638747
227623, 1, 20250109110045.638791
227683, 1, 20250109110046.638819
227743, 1, 20250109110047.638809
227803, 1, 20250109110048.638860
227863, 1, 20250109110049.638876
227923, 1, 20250109110050.638902
227983, 1, 20250109110051.638926
228043, 1, 20250109110052.638964
228103, 1, 20250109110053.638989
228163, 1, 20250109110054.639020
228223, 1, 20250109110055.639055
228283, 1, 20250109110056.639074
228343, 1, 20250109110057.639102
228403, 1, 20250109110058.639147
228463, 1, 20250109110059.639168
228523, 1, 20250109110100.639194
228583, 1, 20250109110101.639223
228643, 1, 20250109110102.639264
228703, 1, 20250109110103.639291
228763, 1, 20250109110104.639315
228823, 1, 20250109110105.639336
228883, 1, 20250109110106.639374
228943, 1, 20250109110107.639410
229003, 1, 20250109110108.639430
229063, 1, 20250109110109.639467
229123, 1, 20250109110110.639496
229183, 1, 20250109110111.639518
229243, 1, 20250109110112.639553
229303, 1, 20250109110113.639580
229363, 1, 20250109110114.639620
229423, 1, 20250109110115.639657
229483, 1, 20250109110116.639662
229543, 1, 20250109110117.639704
229603, 1, 20250109110118.639728
229663, 1, 20250109110119.639764
229723, 1, 20250109110120.639784
229783, 1, 20250109110121.639812
229843, 1, 20250109110122.639843
229903, 1, 20250109110123.639868
229963, 1, 20250109110124.639926
230023, 1, 20250109110125.639954
230083, 1, 20250109110126.639966
230143, 1, 20250109110127.639977
230203, 1, 20250109110128.640018
