410697, 1, 20250107155533.390754
410757, 1, 20250107155534.390799
410817, 1, 20250107155535.390819
410877, 1, 20250107155536.390839
410937, 1, 20250107155537.390865
410997, 1, 20250107155538.390899
411057, 1, 20250107155539.390918
411117, 1, 20250107155540.390959
411177, 1, 20250107155541.390985
411237, 1, 20250107155542.391015
411297, 1, 20250107155543.391043
411357, 1, 20250107155544.391084
411417, 1, 20250107155545.391081
411477, 1, 20250107155546.391132
411537, 1, 20250107155547.391148
411597, 1, 20250107155548.391187
411657, 1, 20250107155549.391208
411717, 1, 20250107155550.391247
411777, 1, 20250107155551.391278
411837, 1, 20250107155552.391309
411897, 1, 20250107155553.391341
411957, 1, 20250107155554.391365
412017, 1, 20250107155555.391400
412077, 1, 20250107155556.391428
412137, 1, 20250107155557.391453
412197, 1, 20250107155558.391480
412257, 1, 20250107155559.391532
412317, 1, 20250107155600.391542
412377, 1, 20250107155601.391570
412437, 1, 20250107155602.391591
412497, 1, 20250107155603.391650
412557, 1, 20250107155604.391676
412617, 1, 20250107155605.391689
412677, 1, 20250107155606.391707
412737, 1, 20250107155607.391737
412797, 1, 20250107155608.391768
412857, 1, 20250107155609.391803
412917, 1, 20250107155610.391836
412977, 1, 20250107155611.391859
413037, 1, 20250107155612.391883
413097, 1, 20250107155613.391915
413157, 1, 20250107155614.391959
413217, 1, 20250107155615.391982
413277, 1, 20250107155616.391994
413337, 1, 20250107155617.392024
413397, 1, 20250107155618.392046
413457, 1, 20250107155619.392076
413517, 1, 20250107155620.392101
