943033, 1, 20250112114350.238689
943093, 1, 20250112114351.238706
943153, 1, 20250112114352.238734
943213, 1, 20250112114353.238769
943273, 1, 20250112114354.238789
943333, 1, 20250112114355.238835
943393, 1, 20250112114356.238868
943453, 1, 20250112114357.238883
943513, 1, 20250112114358.238917
943573, 1, 20250112114359.238949
943633, 1, 20250112114400.238970
943693, 1, 20250112114401.239012
943753, 1, 20250112114402.239022
943813, 1, 20250112114403.239051
943873, 1, 20250112114404.239079
943933, 1, 20250112114405.239121
943993, 1, 20250112114406.239151
944053, 1, 20250112114407.239177
944113, 1, 20250112114408.239203
944173, 1, 20250112114409.239240
944233, 1, 20250112114410.239248
944293, 1, 20250112114411.239276
944353, 1, 20250112114412.239311
944413, 1, 20250112114413.239331
944473, 1, 20250112114414.239361
944533, 1, 20250112114415.239388
944593, 1, 20250112114416.239430
944653, 1, 20250112114417.239436
944713, 1, 20250112114418.239476
944773, 1, 20250112114419.239507
944833, 1, 20250112114420.239538
944893, 1, 20250112114421.239564
944953, 1, 20250112114422.239592
945013, 1, 20250112114423.239628
945073, 1, 20250112114424.239667
945133, 1, 20250112114425.239700
945193, 1, 20250112114426.239721
945253, 1, 20250112114427.239732
945313, 1, 20250112114428.239769
945373, 1, 20250112114429.239809
945433, 1, 20250112114430.239814
945493, 1, 20250112114431.239849
945553, 1, 20250112114432.239888
945613, 1, 20250112114433.239923
945673, 1, 20250112114434.239974
945733, 1, 20250112114435.239994
945793, 1, 20250112114436.240001
945853, 1, 20250112114437.240017
945913, 1, 20250112114438.240052
945973, 1, 20250112114439.240101
946033, 1, 20250112114440.240118
946093, 1, 20250112114441.240151
946153, 1, 20250112114442.240158
946213, 1, 20250112114443.240189
946273, 1, 20250112114444.240230
946333, 1, 20250112114445.240252
946393, 1, 20250112114446.240293
946453, 1, 20250112114447.240307
946513, 1, 20250112114448.240343
946573, 1, 20250112114449.240376
946633, 1, 20250112114450.240411
946693, 1, 20250112114451.240431
946753, 1, 20250112114452.240453
946813, 1, 20250112114453.240498
946873, 1, 20250112114454.240515
946933, 1, 20250112114455.240546
946993, 1, 20250112114456.240574
947053, 1, 20250112114457.240592
947113, 1, 20250112114458.240633
947173, 1, 20250112114459.240662
947233, 1, 20250112114500.240690
947293, 1, 20250112114501.240713
