292965, 1, 20241221121951.036918
293025, 1, 20241221121952.036941
293085, 1, 20241221121953.036987
293145, 1, 20241221121954.036998
293205, 1, 20241221121955.037026
293265, 1, 20241221121956.037081
293325, 1, 20241221121957.037110
293385, 1, 20241221121958.037116
293445, 1, 20241221121959.037143
293505, 1, 20241221122000.037178
293565, 1, 20241221122001.037209
293625, 1, 20241221122002.037239
293685, 1, 20241221122003.037254
293745, 1, 20241221122004.037292
293805, 1, 20241221122005.037321
293865, 1, 20241221122006.037345
293925, 1, 20241221122007.037380
293985, 1, 20241221122008.037411
294045, 1, 20241221122009.037442
294105, 1, 20241221122010.037466
294165, 1, 20241221122011.037368
294225, 1, 20241221122012.037399
294285, 1, 20241221122013.037424
294345, 1, 20241221122014.037453
294405, 1, 20241221122015.037480
294465, 1, 20241221122016.037522
294525, 1, 20241221122017.037549
294585, 1, 20241221122018.037574
294645, 1, 20241221122019.037587
294705, 1, 20241221122020.037765
294765, 1, 20241221122021.037800
294825, 1, 20241221122022.037687
294885, 1, 20241221122023.037718
294945, 1, 20241221122024.037740
295005, 1, 20241221122025.037765
295065, 1, 20241221122026.037814
295125, 1, 20241221122027.037986
295185, 1, 20241221122028.037982
295245, 1, 20241221122029.038017
295305, 1, 20241221122030.038039
295365, 1, 20241221122031.038081
295425, 1, 20241221122032.038117
295485, 1, 20241221122033.038126
295545, 1, 20241221122034.038147
295605, 1, 20241221122035.038184
295665, 1, 20241221122036.038228
295725, 1, 20241221122037.038253
295785, 1, 20241221122038.038283
295845, 1, 20241221122039.038300
295905, 1, 20241221122040.038326
295965, 1, 20241221122041.038352
296025, 1, 20241221122042.038392
296085, 1, 20241221122043.038415
296145, 1, 20241221122044.038449
296205, 1, 20241221122045.038484
296265, 1, 20241221122046.038535
296325, 1, 20241221122047.038539
296385, 1, 20241221122048.038552
296445, 1, 20241221122049.038595
296505, 1, 20241221122050.038624
296565, 1, 20241221122051.038649
296625, 1, 20241221122052.038685
296685, 1, 20241221122053.038723
296745, 1, 20241221122054.038758
296805, 1, 20241221122055.038788
296865, 1, 20241221122056.038839
296925, 1, 20241221122057.038693
296985, 1, 20241221122058.038726
297045, 1, 20241221122059.038750
297105, 1, 20241221122100.038777
297165, 1, 20241221122101.038817
297225, 1, 20241221122102.038840
297285, 1, 20241221122103.039011
297345, 1, 20241221122104.038907
297405, 1, 20241221122105.038925
297465, 1, 20241221122106.038935
297525, 1, 20241221122107.038980
297585, 1, 20241221122108.039012
297645, 1, 20241221122109.039174
297705, 1, 20241221122110.039202
297765, 1, 20241221122111.039230
297825, 1, 20241221122112.039266
297885, 1, 20241221122113.039287
297945, 1, 20241221122114.039328
298005, 1, 20241221122115.039346
298065, 1, 20241221122116.039372
298125, 1, 20241221122117.039400
298185, 1, 20241221122118.039438
298245, 1, 20241221122119.039470
298305, 1, 20241221122120.039494
298365, 1, 20241221122121.039522
298425, 1, 20241221122122.039561
298485, 1, 20241221122123.039581
298545, 1, 20241221122124.039619
298605, 1, 20241221122125.039657
298665, 1, 20241221122126.039661
298725, 1, 20241221122127.039707
298785, 1, 20241221122128.039720
298845, 1, 20241221122129.039757
298905, 1, 20241221122130.039773
298965, 1, 20241221122131.039803
299025, 1, 20241221122132.039834
299085, 1, 20241221122133.039859
299145, 1, 20241221122134.039913
299205, 1, 20241221122135.039947
299265, 1, 20241221122136.039952
299325, 1, 20241221122137.039982
299385, 1, 20241221122138.040024
299445, 1, 20241221122139.040039
299505, 1, 20241221122140.040060
299565, 1, 20241221122141.040096
299625, 1, 20241221122142.040129
299685, 1, 20241221122143.040162
299745, 1, 20241221122144.040186
299805, 1, 20241221122145.040219
299865, 1, 20241221122146.040254
299925, 1, 20241221122147.040268
299985, 1, 20241221122148.040296
300045, 1, 20241221122149.040334
300105, 1, 20241221122150.040358
300165, 1, 20241221122151.040396
300225, 1, 20241221122152.040422
300285, 1, 20241221122153.040465
300345, 1, 20241221122154.040487
300405, 1, 20241221122155.040504
300465, 1, 20241221122156.040542
300525, 1, 20241221122157.040568
300585, 1, 20241221122158.040612
300645, 1, 20241221122159.040630
300705, 1, 20241221122200.040648
300765, 1, 20241221122201.040674
300825, 1, 20241221122202.040715
300885, 1, 20241221122203.040758
300945, 1, 20241221122204.040783
