373787, 1, 20250107154518.201075
373847, 1, 20250107154519.201106
373907, 1, 20250107154520.201116
373967, 1, 20250107154521.201144
374027, 1, 20250107154522.201179
374087, 1, 20250107154523.201217
374147, 1, 20250107154524.201227
374207, 1, 20250107154525.201257
374267, 1, 20250107154526.201287
374327, 1, 20250107154527.201325
374387, 1, 20250107154528.201379
374447, 1, 20250107154529.201394
374507, 1, 20250107154530.201404
374567, 1, 20250107154531.201427
374627, 1, 20250107154532.201477
374687, 1, 20250107154533.201491
374747, 1, 20250107154534.201523
374807, 1, 20250107154535.201550
374867, 1, 20250107154536.201585
374927, 1, 20250107154537.201612
374987, 1, 20250107154538.201644
375047, 1, 20250107154539.201664
375107, 1, 20250107154540.201689
375167, 1, 20250107154541.201713
375227, 1, 20250107154542.201741
375287, 1, 20250107154543.201773
375347, 1, 20250107154544.201805
375407, 1, 20250107154545.201818
375467, 1, 20250107154546.201862
375527, 1, 20250107154547.201924
375587, 1, 20250107154548.201943
375647, 1, 20250107154549.201936
375707, 1, 20250107154550.201977
375767, 1, 20250107154551.201991
375827, 1, 20250107154552.202036
375887, 1, 20250107154553.202061
375947, 1, 20250107154554.202095
376007, 1, 20250107154555.202120
376067, 1, 20250107154556.202151
376127, 1, 20250107154557.202194
376187, 1, 20250107154558.202225
376247, 1, 20250107154559.202238
376307, 1, 20250107154600.202272
376367, 1, 20250107154601.202300
376427, 1, 20250107154602.202317
376487, 1, 20250107154603.202315
