358409, 1, 20250116220159.726156
358469, 1, 20250116220200.726164
358529, 1, 20250116220201.726216
358589, 1, 20250116220202.726371
358649, 1, 20250116220203.726397
358709, 1, 20250116220204.726428
358769, 1, 20250116220205.726441
358829, 1, 20250116220206.726500
358889, 1, 20250116220207.726530
358949, 1, 20250116220208.726546
359009, 1, 20250116220209.726577
359069, 1, 20250116220210.726594
359129, 1, 20250116220211.726633
359189, 1, 20250116220212.726660
359249, 1, 20250116220213.726691
359309, 1, 20250116220214.726726
359369, 1, 20250116220215.726743
359429, 1, 20250116220216.726798
359489, 1, 20250116220217.726819
359549, 1, 20250116220218.726834
359609, 1, 20250116220219.726867
359669, 1, 20250116220220.726903
359729, 1, 20250116220221.726926
359789, 1, 20250116220222.726957
359849, 1, 20250116220223.726984
359909, 1, 20250116220224.727021
359969, 1, 20250116220225.727094
360029, 1, 20250116220226.727098
360089, 1, 20250116220227.727105
360149, 1, 20250116220228.727139
360209, 1, 20250116220229.727161
360269, 1, 20250116220230.727194
360329, 1, 20250116220231.727215
360389, 1, 20250116220232.727257
360449, 1, 20250116220233.727281
360509, 1, 20250116220234.727319
360569, 1, 20250116220235.727334
360629, 1, 20250116220236.727372
360689, 1, 20250116220237.727406
360749, 1, 20250116220238.727418
360809, 1, 20250116220239.727461
360869, 1, 20250116220240.727492
360929, 1, 20250116220241.727525
360989, 1, 20250116220242.727544
361049, 1, 20250116220243.727575
361109, 1, 20250116220244.727608
361169, 1, 20250116220245.727653
361229, 1, 20250116220246.727688
361289, 1, 20250116220247.727702
361349, 1, 20250116220248.727716
361409, 1, 20250116220249.727747
361469, 1, 20250116220250.727787
361529, 1, 20250116220251.727813
361589, 1, 20250116220252.727845
361649, 1, 20250116220253.727875
361709, 1, 20250116220254.727904
361769, 1, 20250116220255.727961
361829, 1, 20250116220256.727982
361889, 1, 20250116220257.727991
361949, 1, 20250116220258.728025
362009, 1, 20250116220259.728052
362069, 1, 20250116220300.728079
