424555, 1, 20250109115527.964310
424615, 1, 20250109115528.964334
424675, 1, 20250109115529.964354
424735, 1, 20250109115530.964390
424795, 1, 20250109115531.964435
424855, 1, 20250109115532.964440
424915, 1, 20250109115533.964495
424975, 1, 20250109115534.964515
425035, 1, 20250109115535.964546
425095, 1, 20250109115536.964570
425155, 1, 20250109115537.964592
425215, 1, 20250109115538.964622
425275, 1, 20250109115539.964677
425335, 1, 20250109115540.964695
425395, 1, 20250109115541.964727
425455, 1, 20250109115542.964748
425515, 1, 20250109115543.964780
425575, 1, 20250109115544.964803
425635, 1, 20250109115545.964834
425695, 1, 20250109115546.964871
