6135, 1, 20250121084538.563041
6195, 1, 20250121084539.563070
6255, 1, 20250121084540.563117
6315, 1, 20250121084541.563160
6375, 1, 20250121084542.563149
6435, 1, 20250121084543.563180
6495, 1, 20250121084544.563215
6555, 1, 20250121084545.563243
6615, 1, 20250121084546.563260
6675, 1, 20250121084547.563307
6735, 1, 20250121084548.563328
6795, 1, 20250121084549.563364
6855, 1, 20250121084550.563396
6915, 1, 20250121084551.563414
6975, 1, 20250121084552.563458
7035, 1, 20250121084553.563489
7095, 1, 20250121084554.563500
7155, 1, 20250121084555.563554
7215, 1, 20250121084556.563577
7275, 1, 20250121084557.563604
7335, 1, 20250121084558.563643
7395, 1, 20250121084559.563663
7455, 1, 20250121084600.563708
7515, 1, 20250121084601.563761
7575, 1, 20250121084602.563750
7635, 1, 20250121084603.563779
7695, 1, 20250121084604.563803
7755, 1, 20250121084605.563833
7815, 1, 20250121084606.563870
7875, 1, 20250121084607.563900
7935, 1, 20250121084608.563931
7995, 1, 20250121084609.563969
8055, 1, 20250121084610.564014
8115, 1, 20250121084611.564035
8175, 1, 20250121084612.564045
8235, 1, 20250121084613.564076
8295, 1, 20250121084614.564110
8355, 1, 20250121084615.564132
8415, 1, 20250121084616.564184
8475, 1, 20250121084617.564193
8535, 1, 20250121084618.564232
8595, 1, 20250121084619.564261
8655, 1, 20250121084620.564270
8715, 1, 20250121084621.564316
8775, 1, 20250121084622.564352
8835, 1, 20250121084623.564366
8895, 1, 20250121084624.564398
8955, 1, 20250121084625.564438
9015, 1, 20250121084626.564475
9075, 1, 20250121084627.564503
9135, 1, 20250121084628.564539
9195, 1, 20250121084629.564569
9255, 1, 20250121084630.564610
9315, 1, 20250121084631.564611
9375, 1, 20250121084632.564642
9435, 1, 20250121084633.564670
9495, 1, 20250121084634.564698
9555, 1, 20250121084635.564732
9615, 1, 20250121084636.564755
9675, 1, 20250121084637.564788
9735, 1, 20250121084638.564819
9795, 1, 20250121084639.564883
9855, 1, 20250121084640.564897
9915, 1, 20250121084641.564930
9975, 1, 20250121084642.564944
10035, 1, 20250121084643.564958
10095, 1, 20250121084644.565006
10155, 1, 20250121084645.565038
10215, 1, 20250121084646.565072
10275, 1, 20250121084647.565088
10335, 1, 20250121084648.565121
10395, 1, 20250121084649.565165
10455, 1, 20250121084650.565188
10515, 1, 20250121084651.565220
10575, 1, 20250121084652.565252
10635, 1, 20250121084653.565260
10695, 1, 20250121084654.565298
10755, 1, 20250121084655.565341
10815, 1, 20250121084656.565371
10875, 1, 20250121084657.565382
10935, 1, 20250121084658.565422
10995, 1, 20250121084659.565458
11055, 1, 20250121084700.565472
11115, 1, 20250121084701.565510
11175, 1, 20250121084702.565541
11235, 1, 20250121084703.565569
11295, 1, 20250121084704.565603
11355, 1, 20250121084705.565625
11415, 1, 20250121084706.565660
11475, 1, 20250121084707.565704
11535, 1, 20250121084708.565740
11595, 1, 20250121084709.565766
11655, 1, 20250121084710.565787
11715, 1, 20250121084711.565822
11775, 1, 20250121084712.565840
11835, 1, 20250121084713.565874
11895, 1, 20250121084714.565892
11955, 1, 20250121084715.565920
12015, 1, 20250121084716.565954
12075, 1, 20250121084717.565985
12135, 1, 20250121084718.566034
12195, 1, 20250121084719.566062
12255, 1, 20250121084720.566085
12315, 1, 20250121084721.566110
12375, 1, 20250121084722.566131
12435, 1, 20250121084723.566166
12495, 1, 20250121084724.566185
12555, 1, 20250121084725.566215
12615, 1, 20250121084726.566246
12675, 1, 20250121084727.566273
12735, 1, 20250121084728.566305
12795, 1, 20250121084729.566340
12855, 1, 20250121084730.566370
12915, 1, 20250121084731.566416
12975, 1, 20250121084732.566436
13035, 1, 20250121084733.566479
13095, 1, 20250121084734.566489
13155, 1, 20250121084735.566520
13215, 1, 20250121084736.566548
13275, 1, 20250121084737.566605
13335, 1, 20250121084738.566636
13395, 1, 20250121084739.566641
13455, 1, 20250121084740.566663
13515, 1, 20250121084741.566703
13575, 1, 20250121084742.566723
13635, 1, 20250121084743.566749
13695, 1, 20250121084744.566786
13755, 1, 20250121084745.566814
13815, 1, 20250121084746.566849
13875, 1, 20250121084747.566900
13935, 1, 20250121084748.566940
13995, 1, 20250121084749.566932
14055, 1, 20250121084750.566955
14115, 1, 20250121084751.566999
14175, 1, 20250121084752.567020
14235, 1, 20250121084753.567065
14295, 1, 20250121084754.567079
14355, 1, 20250121084755.567100
14415, 1, 20250121084756.567142
14475, 1, 20250121084757.567194
14535, 1, 20250121084758.567211
14595, 1, 20250121084759.567235
14655, 1, 20250121084800.567277
14715, 1, 20250121084801.567284
14775, 1, 20250121084802.567322
14835, 1, 20250121084803.567365
14895, 1, 20250121084804.567367
14955, 1, 20250121084805.567410
15015, 1, 20250121084806.567440
15075, 1, 20250121084807.567470
15135, 1, 20250121084808.567497
15195, 1, 20250121084809.567554
15255, 1, 20250121084810.567554
15315, 1, 20250121084811.567586
15375, 1, 20250121084812.567634
15435, 1, 20250121084813.567643
15495, 1, 20250121084814.567675
15555, 1, 20250121084815.567698
15615, 1, 20250121084816.567759
15675, 1, 20250121084817.567781
15735, 1, 20250121084818.567790
15795, 1, 20250121084819.567835
15855, 1, 20250121084820.567850
15915, 1, 20250121084821.567890
15975, 1, 20250121084822.567918
16035, 1, 20250121084823.567948
16095, 1, 20250121084824.567975
16155, 1, 20250121084825.568013
16215, 1, 20250121084826.568054
16275, 1, 20250121084827.568082
16335, 1, 20250121084828.568104
16395, 1, 20250121084829.568116
16455, 1, 20250121084830.568161
16515, 1, 20250121084831.568188
16575, 1, 20250121084832.568214
16635, 1, 20250121084833.568243
16695, 1, 20250121084834.568268
16755, 1, 20250121084835.568310
16815, 1, 20250121084836.568336
