369161, 1, 20241227143821.346508
369221, 1, 20241227143822.346533
369281, 1, 20241227143823.346571
369341, 1, 20241227143824.346610
369401, 1, 20241227143825.346637
369461, 1, 20241227143826.346641
369521, 1, 20241227143827.346682
369581, 1, 20241227143828.346704
369641, 1, 20241227143829.346744
369701, 1, 20241227143830.346771
369761, 1, 20241227143831.346791
369821, 1, 20241227143832.346818
369881, 1, 20241227143833.346839
369941, 1, 20241227143834.346889
370001, 1, 20241227143835.346940
370061, 1, 20241227143836.346931
370121, 1, 20241227143837.346967
370181, 1, 20241227143838.346988
