2039, 1, 20250106154331.984143
2099, 1, 20250106154332.984177
2159, 1, 20250106154333.984203
2219, 1, 20250106154334.984239
2279, 1, 20250106154335.984261
2339, 1, 20250106154336.984289
2399, 1, 20250106154337.984334
2459, 1, 20250106154338.984383
2519, 1, 20250106154339.984369
2579, 1, 20250106154340.984404
2639, 1, 20250106154341.984424
2699, 1, 20250106154342.984461
2759, 1, 20250106154343.984508
2819, 1, 20250106154344.984525
2879, 1, 20250106154345.984544
2939, 1, 20250106154346.984589
2999, 1, 20250106154347.984620
3059, 1, 20250106154348.984654
3119, 1, 20250106154349.984660
3179, 1, 20250106154350.984689
3239, 1, 20250106154351.984724
3299, 1, 20250106154352.984749
3359, 1, 20250106154353.984786
3419, 1, 20250106154354.984811
3479, 1, 20250106154355.984834
3539, 1, 20250106154356.984873
3599, 1, 20250106154357.984922
3659, 1, 20250106154358.984922
3719, 1, 20250106154359.984950
3779, 1, 20250106154400.984983
3839, 1, 20250106154401.985011
3899, 1, 20250106154402.985030
3959, 1, 20250106154403.985074
