366535, 1, 20250107154317.329822
366595, 1, 20250107154318.329846
366655, 1, 20250107154319.329873
366715, 1, 20250107154320.329902
366775, 1, 20250107154321.329957
366835, 1, 20250107154322.329967
366895, 1, 20250107154323.329986
366955, 1, 20250107154324.330030
367015, 1, 20250107154325.330053
367075, 1, 20250107154326.330073
367135, 1, 20250107154327.330112
367195, 1, 20250107154328.330148
367255, 1, 20250107154329.330156
367315, 1, 20250107154330.330214
367375, 1, 20250107154331.330231
367435, 1, 20250107154332.330262
367495, 1, 20250107154333.330300
367555, 1, 20250107154334.330313
367615, 1, 20250107154335.330343
367675, 1, 20250107154336.330387
367735, 1, 20250107154337.330405
367795, 1, 20250107154338.330423
367855, 1, 20250107154339.330460
367915, 1, 20250107154340.330497
367975, 1, 20250107154341.330534
368035, 1, 20250107154342.330568
368095, 1, 20250107154343.330575
368155, 1, 20250107154344.330606
368215, 1, 20250107154345.330637
368275, 1, 20250107154346.330665
368335, 1, 20250107154347.330700
368395, 1, 20250107154348.330725
368455, 1, 20250107154349.330746
368515, 1, 20250107154350.330784
368575, 1, 20250107154351.330830
368635, 1, 20250107154352.330836
368695, 1, 20250107154353.330872
368755, 1, 20250107154354.330897
368815, 1, 20250107154355.330923
368875, 1, 20250107154356.330960
368935, 1, 20250107154357.330984
368995, 1, 20250107154358.331020
369055, 1, 20250107154359.331032
369115, 1, 20250107154400.331067
369175, 1, 20250107154401.331099
369235, 1, 20250107154402.331126
369295, 1, 20250107154403.331152
369355, 1, 20250107154404.331191
369415, 1, 20250107154405.331209
369475, 1, 20250107154406.331237
369535, 1, 20250107154407.331257
369595, 1, 20250107154408.331299
369655, 1, 20250107154409.331328
369715, 1, 20250107154410.331366
369775, 1, 20250107154411.331404
369835, 1, 20250107154412.331420
369895, 1, 20250107154413.331453
369955, 1, 20250107154414.331481
370015, 1, 20250107154415.331515
370075, 1, 20250107154416.331537
370135, 1, 20250107154417.331559
370195, 1, 20250107154418.331592
370255, 1, 20250107154419.331621
370315, 1, 20250107154420.331672
370375, 1, 20250107154421.331703
370435, 1, 20250107154422.331696
370495, 1, 20250107154423.331742
370555, 1, 20250107154424.331759
370615, 1, 20250107154425.331795
370675, 1, 20250107154426.331816
370735, 1, 20250107154427.331872
370795, 1, 20250107154428.331885
