31963, 1, 20241221110720.831453
32023, 1, 20241221110721.831473
32083, 1, 20241221110722.831495
32143, 1, 20241221110723.831529
32203, 1, 20241221110724.831556
32263, 1, 20241221110725.831585
32323, 1, 20241221110726.831612
32383, 1, 20241221110727.831653
32443, 1, 20241221110728.831672
32503, 1, 20241221110729.831715
32563, 1, 20241221110730.831738
32623, 1, 20241221110731.831758
32683, 1, 20241221110732.831787
32743, 1, 20241221110733.831835
32803, 1, 20241221110734.831845
32863, 1, 20241221110735.831886
32923, 1, 20241221110736.831919
32983, 1, 20241221110737.831943
33043, 1, 20241221110738.831964
