551407, 1, 20250111161745.822554
551467, 1, 20250111161746.822639
551527, 1, 20250111161747.822675
551587, 1, 20250111161748.822659
551647, 1, 20250111161749.822676
551707, 1, 20250111161750.822704
551767, 1, 20250111161751.822843
551827, 1, 20250111161752.822795
551887, 1, 20250111161753.822753
551947, 1, 20250111161754.822822
552007, 1, 20250111161755.822860
552067, 1, 20250111161756.822899
552127, 1, 20250111161757.822912
552187, 1, 20250111161758.822945
552247, 1, 20250111161759.822978
552307, 1, 20250111161800.823059
552367, 1, 20250111161801.823127
552427, 1, 20250111161802.823083
552487, 1, 20250111161803.823100
552547, 1, 20250111161804.823153
552607, 1, 20250111161805.823156
552667, 1, 20250111161806.823173
552727, 1, 20250111161807.823209
552787, 1, 20250111161808.823308
552847, 1, 20250111161809.823265
552907, 1, 20250111161810.823307
552967, 1, 20250111161811.823368
553027, 1, 20250111161812.823347
553087, 1, 20250111161813.823432
553147, 1, 20250111161814.823451
553207, 1, 20250111161815.823444
553267, 1, 20250111161816.823504
553327, 1, 20250111161817.823549
553387, 1, 20250111161818.823538
553447, 1, 20250111161819.823604
553507, 1, 20250111161820.823617
553567, 1, 20250111161821.823691
553627, 1, 20250111161822.823659
553687, 1, 20250111161823.823771
553747, 1, 20250111161824.823779
553807, 1, 20250111161825.823739
