675041, 1, 20250116105148.294665
675101, 1, 20250116105149.294691
675161, 1, 20250116105150.294715
675221, 1, 20250116105151.294745
675281, 1, 20250116105152.294776
675341, 1, 20250116105153.294812
675401, 1, 20250116105154.294831
675461, 1, 20250116105155.294861
675521, 1, 20250116105156.294887
675581, 1, 20250116105157.294903
675641, 1, 20250116105158.294956
675701, 1, 20250116105159.294977
675761, 1, 20250116105200.295017
675821, 1, 20250116105201.295034
675881, 1, 20250116105202.295058
675941, 1, 20250116105203.295092
676001, 1, 20250116105204.295142
676061, 1, 20250116105205.295182
676121, 1, 20250116105206.295172
676181, 1, 20250116105207.295207
676241, 1, 20250116105208.295241
676301, 1, 20250116105209.295272
676361, 1, 20250116105210.295296
676421, 1, 20250116105211.295322
676481, 1, 20250116105212.295375
676541, 1, 20250116105213.295369
676601, 1, 20250116105214.295430
676661, 1, 20250116105215.295444
676721, 1, 20250116105216.295474
676781, 1, 20250116105217.295494
676841, 1, 20250116105218.295532
676901, 1, 20250116105219.295564
676961, 1, 20250116105220.295598
677021, 1, 20250116105221.295614
677081, 1, 20250116105222.295645
677141, 1, 20250116105223.295685
677201, 1, 20250116105224.295699
677261, 1, 20250116105225.295730
677321, 1, 20250116105226.295764
677381, 1, 20250116105227.295790
677441, 1, 20250116105228.295815
677501, 1, 20250116105229.295841
677561, 1, 20250116105230.295869
677621, 1, 20250116105231.295912
677681, 1, 20250116105232.295916
677741, 1, 20250116105233.295983
677801, 1, 20250116105234.296008
677861, 1, 20250116105235.296022
677921, 1, 20250116105236.296066
677981, 1, 20250116105237.296082
678041, 1, 20250116105238.296122
678101, 1, 20250116105239.296144
678161, 1, 20250116105240.296161
678221, 1, 20250116105241.296196
678281, 1, 20250116105242.296210
678341, 1, 20250116105243.296265
678401, 1, 20250116105244.296312
678461, 1, 20250116105245.296324
678521, 1, 20250116105246.296346
678581, 1, 20250116105247.296371
678641, 1, 20250116105248.296402
678701, 1, 20250116105249.296417
678761, 1, 20250116105250.296449
678821, 1, 20250116105251.296466
678881, 1, 20250116105252.296525
678941, 1, 20250116105253.296503
679001, 1, 20250116105254.296571
679061, 1, 20250116105255.296593
679121, 1, 20250116105256.296612
679181, 1, 20250116105257.296657
679241, 1, 20250116105258.296675
679301, 1, 20250116105259.296699
679361, 1, 20250116105300.296732
679421, 1, 20250116105301.296760
679481, 1, 20250116105302.296793
679541, 1, 20250116105303.296835
679601, 1, 20250116105304.296850
679661, 1, 20250116105305.296878
679721, 1, 20250116105306.296909
679781, 1, 20250116105307.296935
679841, 1, 20250116105308.296956
679901, 1, 20250116105309.296977
679961, 1, 20250116105310.297019
680021, 1, 20250116105311.297033
680081, 1, 20250116105312.297106
680141, 1, 20250116105313.297133
680201, 1, 20250116105314.297136
680261, 1, 20250116105315.297158
680321, 1, 20250116105316.297199
680381, 1, 20250116105317.297228
680441, 1, 20250116105318.297248
680501, 1, 20250116105319.297285
680561, 1, 20250116105320.297303
680621, 1, 20250116105321.297336
680681, 1, 20250116105322.297387
680741, 1, 20250116105323.297390
680801, 1, 20250116105324.297416
680861, 1, 20250116105325.297449
680921, 1, 20250116105326.297476
680981, 1, 20250116105327.297522
681041, 1, 20250116105328.297529
681101, 1, 20250116105329.297565
681161, 1, 20250116105330.297598
681221, 1, 20250116105331.297616
681281, 1, 20250116105332.297630
681341, 1, 20250116105333.297678
681401, 1, 20250116105334.297699
681461, 1, 20250116105335.297736
681521, 1, 20250116105336.297766
681581, 1, 20250116105337.297785
681641, 1, 20250116105338.297831
681701, 1, 20250116105339.297851
681761, 1, 20250116105340.297878
681821, 1, 20250116105341.297914
681881, 1, 20250116105342.297950
681941, 1, 20250116105343.297952
682001, 1, 20250116105344.297966
682061, 1, 20250116105345.298022
682121, 1, 20250116105346.298049
682181, 1, 20250116105347.298072
682241, 1, 20250116105348.298064
682301, 1, 20250116105349.298125
682361, 1, 20250116105350.298147
682421, 1, 20250116105351.298190
682481, 1, 20250116105352.298223
682541, 1, 20250116105353.298155
682601, 1, 20250116105354.298268
682661, 1, 20250116105355.298208
682721, 1, 20250116105356.298249
682781, 1, 20250116105357.298333
682841, 1, 20250116105358.298294
682901, 1, 20250116105359.298324
682961, 1, 20250116105400.298351
683021, 1, 20250116105401.298376
683081, 1, 20250116105402.298438
683141, 1, 20250116105403.298512
683201, 1, 20250116105404.298486
683261, 1, 20250116105405.298530
683321, 1, 20250116105406.298569
683381, 1, 20250116105407.298571
683441, 1, 20250116105408.298636
683501, 1, 20250116105409.298708
683561, 1, 20250116105410.298702
683621, 1, 20250116105411.298696
683681, 1, 20250116105412.298717
683741, 1, 20250116105413.298809
683801, 1, 20250116105414.298821
683861, 1, 20250116105415.298801
683921, 1, 20250116105416.298832
683981, 1, 20250116105417.298844
684041, 1, 20250116105418.298878
684101, 1, 20250116105419.298903
684161, 1, 20250116105420.298996
684221, 1, 20250116105421.299049
684281, 1, 20250116105422.299001
684341, 1, 20250116105423.299057
684401, 1, 20250116105424.299115
684461, 1, 20250116105425.299105
684521, 1, 20250116105426.299108
684581, 1, 20250116105427.299143
684641, 1, 20250116105428.299230
684701, 1, 20250116105429.299186
684761, 1, 20250116105430.299271
684821, 1, 20250116105431.299323
684881, 1, 20250116105432.299266
684941, 1, 20250116105433.299369
685001, 1, 20250116105434.299334
685061, 1, 20250116105435.299355
685121, 1, 20250116105436.299464
685181, 1, 20250116105437.299493
685241, 1, 20250116105438.299503
685301, 1, 20250116105439.299469
685361, 1, 20250116105440.299500
685421, 1, 20250116105441.299560
685481, 1, 20250116105442.299561
685541, 1, 20250116105443.299588
685601, 1, 20250116105444.299625
685661, 1, 20250116105445.299639
685721, 1, 20250116105446.299668
