443833, 1, 20250111225813.033009
443893, 1, 20250111225814.033024
443953, 1, 20250111225815.033061
444013, 1, 20250111225816.033106
444073, 1, 20250111225817.033127
444133, 1, 20250111225818.033148
444193, 1, 20250111225819.033176
444253, 1, 20250111225820.033221
444313, 1, 20250111225821.033250
444373, 1, 20250111225822.033266
444433, 1, 20250111225823.033296
444493, 1, 20250111225824.033314
444553, 1, 20250111225825.033349
444613, 1, 20250111225826.033382
444673, 1, 20250111225827.033409
444733, 1, 20250111225828.033432
444793, 1, 20250111225829.033468
444853, 1, 20250111225830.033520
444913, 1, 20250111225831.033539
444973, 1, 20250111225832.033544
445033, 1, 20250111225833.033581
445093, 1, 20250111225834.033623
445153, 1, 20250111225835.033646
445213, 1, 20250111225836.033665
445273, 1, 20250111225837.033701
445333, 1, 20250111225838.033732
445393, 1, 20250111225839.033766
445453, 1, 20250111225840.033800
445513, 1, 20250111225841.033826
445573, 1, 20250111225842.033852
445633, 1, 20250111225843.033884
445693, 1, 20250111225844.033912
445753, 1, 20250111225845.033936
445813, 1, 20250111225846.033970
445873, 1, 20250111225847.033998
445933, 1, 20250111225848.034035
445993, 1, 20250111225849.034073
446053, 1, 20250111225850.034103
446113, 1, 20250111225851.034125
446173, 1, 20250111225852.034149
446233, 1, 20250111225853.034161
