29293, 1, 20250112214608.140898
29353, 1, 20250112214609.140932
29413, 1, 20250112214610.140961
29473, 1, 20250112214611.141064
29533, 1, 20250112214612.141089
29593, 1, 20250112214613.141128
29653, 1, 20250112214614.141117
29713, 1, 20250112214615.141134
29773, 1, 20250112214616.141127
29833, 1, 20250112214617.141187
29893, 1, 20250112214618.141168
29953, 1, 20250112214619.141278
30013, 1, 20250112214620.141320
30073, 1, 20250112214621.141310
30133, 1, 20250112214622.141347
30193, 1, 20250112214623.141346
30253, 1, 20250112214624.141355
30313, 1, 20250112214625.141463
30373, 1, 20250112214626.141421
30433, 1, 20250112214627.141462
30493, 1, 20250112214628.141540
30553, 1, 20250112214629.141474
30613, 1, 20250112214630.141576
30673, 1, 20250112214631.141637
30733, 1, 20250112214632.141639
30793, 1, 20250112214633.141679
30853, 1, 20250112214634.141594
30913, 1, 20250112214635.141608
30973, 1, 20250112214636.141582
31033, 1, 20250112214637.141666
31093, 1, 20250112214638.141632
31153, 1, 20250112214639.141624
31213, 1, 20250112214640.141884
31273, 1, 20250112214641.141912
31333, 1, 20250112214642.141931
31393, 1, 20250112214643.141944
31453, 1, 20250112214644.141936
31513, 1, 20250112214645.142051
31573, 1, 20250112214646.142086
31633, 1, 20250112214647.142023
31693, 1, 20250112214648.142131
31753, 1, 20250112214649.142152
