411221, 1, 20241223213540.357004
411281, 1, 20241223213541.357042
411341, 1, 20241223213542.357073
411401, 1, 20241223213543.357101
411461, 1, 20241223213544.357140
411521, 1, 20241223213545.357163
411581, 1, 20241223213546.357188
411641, 1, 20241223213547.357219
411701, 1, 20241223213548.357230
411761, 1, 20241223213549.357275
411821, 1, 20241223213550.357316
411881, 1, 20241223213551.357348
411941, 1, 20241223213552.357386
412001, 1, 20241223213553.357396
412061, 1, 20241223213554.357412
412121, 1, 20241223213555.357451
412181, 1, 20241223213556.357485
412241, 1, 20241223213557.357516
412301, 1, 20241223213558.357532
412361, 1, 20241223213559.357566
412421, 1, 20241223213600.357587
412481, 1, 20241223213601.357634
412541, 1, 20241223213602.357664
412601, 1, 20241223213603.357683
412661, 1, 20241223213604.357709
412721, 1, 20241223213605.357743
412781, 1, 20241223213606.357773
412841, 1, 20241223213607.357803
412901, 1, 20241223213608.357824
412961, 1, 20241223213609.357867
413021, 1, 20241223213610.357908
413081, 1, 20241223213611.357903
413141, 1, 20241223213612.357934
413201, 1, 20241223213613.357974
413261, 1, 20241223213614.357997
413321, 1, 20241223213615.358023
413381, 1, 20241223213616.358056
413441, 1, 20241223213617.358092
413501, 1, 20241223213618.358121
413561, 1, 20241223213619.358139
413621, 1, 20241223213620.358182
413681, 1, 20241223213621.358200
413741, 1, 20241223213622.358227
413801, 1, 20241223213623.358259
413861, 1, 20241223213624.358297
413921, 1, 20241223213625.358321
413981, 1, 20241223213626.358365
414041, 1, 20241223213627.358372
414101, 1, 20241223213628.358416
414161, 1, 20241223213629.358434
414221, 1, 20241223213630.358480
414281, 1, 20241223213631.358517
414341, 1, 20241223213632.358535
414401, 1, 20241223213633.358556
414461, 1, 20241223213634.358583
414521, 1, 20241223213635.358608
414581, 1, 20241223213636.358642
414641, 1, 20241223213637.358670
414701, 1, 20241223213638.358704
414761, 1, 20241223213639.358726
414821, 1, 20241223213640.358779
414881, 1, 20241223213641.358896
414941, 1, 20241223213642.358819
415001, 1, 20241223213643.358853
