55003, 1, 20241222113553.235266
55063, 1, 20241222113554.235277
55123, 1, 20241222113555.235307
55183, 1, 20241222113556.235333
55243, 1, 20241222113557.235377
55303, 1, 20241222113558.235409
55363, 1, 20241222113559.235435
55423, 1, 20241222113600.235462
55483, 1, 20241222113601.235486
55543, 1, 20241222113602.235520
55603, 1, 20241222113603.235559
55663, 1, 20241222113604.235582
55723, 1, 20241222113605.235610
55783, 1, 20241222113606.235639
55843, 1, 20241222113607.235686
55903, 1, 20241222113608.235692
55963, 1, 20241222113609.235753
56023, 1, 20241222113610.235777
56083, 1, 20241222113611.235788
56143, 1, 20241222113612.235811
56203, 1, 20241222113613.235851
56263, 1, 20241222113614.235874
56323, 1, 20241222113615.235922
56383, 1, 20241222113616.235932
56443, 1, 20241222113617.235966
56503, 1, 20241222113618.235991
56563, 1, 20241222113619.236058
56623, 1, 20241222113620.236073
56683, 1, 20241222113621.236077
56743, 1, 20241222113622.236105
56803, 1, 20241222113623.236148
56863, 1, 20241222113624.236172
56923, 1, 20241222113625.236197
56983, 1, 20241222113626.236235
57043, 1, 20241222113627.236268
57103, 1, 20241222113628.236287
57163, 1, 20241222113629.236324
57223, 1, 20241222113630.236356
57283, 1, 20241222113631.236391
57343, 1, 20241222113632.236411
57403, 1, 20241222113633.236435
57463, 1, 20241222113634.236466
57523, 1, 20241222113635.236506
57583, 1, 20241222113636.236526
57643, 1, 20241222113637.236562
57703, 1, 20241222113638.236599
57763, 1, 20241222113639.236637
57823, 1, 20241222113640.236655
57883, 1, 20241222113641.236676
57943, 1, 20241222113642.236701
58003, 1, 20241222113643.236742
58063, 1, 20241222113644.236756
58123, 1, 20241222113645.236794
58183, 1, 20241222113646.236829
58243, 1, 20241222113647.236860
58303, 1, 20241222113648.236897
58363, 1, 20241222113649.236933
58423, 1, 20241222113650.236928
58483, 1, 20241222113651.236969
58543, 1, 20241222113652.237008
58603, 1, 20241222113653.237035
58663, 1, 20241222113654.237056
58723, 1, 20241222113655.237085
58783, 1, 20241222113656.237114
58843, 1, 20241222113657.237144
58903, 1, 20241222113658.237186
58963, 1, 20241222113659.237227
59023, 1, 20241222113700.237232
59083, 1, 20241222113701.237255
59143, 1, 20241222113702.237302
59203, 1, 20241222113703.237312
59263, 1, 20241222113704.237355
59323, 1, 20241222113705.237379
59383, 1, 20241222113706.237412
59443, 1, 20241222113707.237457
59503, 1, 20241222113708.237479
59563, 1, 20241222113709.237485
59623, 1, 20241222113710.237533
59683, 1, 20241222113711.237558
59743, 1, 20241222113712.237588
59803, 1, 20241222113713.237622
59863, 1, 20241222113714.237637
59923, 1, 20241222113715.237672
59983, 1, 20241222113716.237688
60043, 1, 20241222113717.237750
60103, 1, 20241222113718.237785
60163, 1, 20241222113719.237797
60223, 1, 20241222113720.237826
60283, 1, 20241222113721.237859
60343, 1, 20241222113722.237880
60403, 1, 20241222113723.237904
60463, 1, 20241222113724.237906
60523, 1, 20241222113725.237938
60583, 1, 20241222113726.237968
60643, 1, 20241222113727.238023
60703, 1, 20241222113728.238043
60763, 1, 20241222113729.238059
60823, 1, 20241222113730.238089
60883, 1, 20241222113731.238126
60943, 1, 20241222113732.238148
61003, 1, 20241222113733.238189
61063, 1, 20241222113734.238217
61123, 1, 20241222113735.238241
61183, 1, 20241222113736.238269
61243, 1, 20241222113737.238322
61303, 1, 20241222113738.238333
61363, 1, 20241222113739.238365
61423, 1, 20241222113740.238388
61483, 1, 20241222113741.238411
61543, 1, 20241222113742.238450
61603, 1, 20241222113743.238471
61663, 1, 20241222113744.238509
61723, 1, 20241222113745.238539
61783, 1, 20241222113746.238564
61843, 1, 20241222113747.238589
61903, 1, 20241222113748.238619
61963, 1, 20241222113749.238650
62023, 1, 20241222113750.238686
62083, 1, 20241222113751.238714
62143, 1, 20241222113752.238738
62203, 1, 20241222113753.238776
62263, 1, 20241222113754.238802
62323, 1, 20241222113755.238842
62383, 1, 20241222113756.238897
62443, 1, 20241222113757.238914
62503, 1, 20241222113758.238928
62563, 1, 20241222113759.238953
62623, 1, 20241222113800.238974
62683, 1, 20241222113801.239010
62743, 1, 20241222113802.239036
62803, 1, 20241222113803.239065
62863, 1, 20241222113804.239111
62923, 1, 20241222113805.239129
62983, 1, 20241222113806.239165
63043, 1, 20241222113807.239196
63103, 1, 20241222113808.239204
63163, 1, 20241222113809.239245
63223, 1, 20241222113810.239279
63283, 1, 20241222113811.239301
63343, 1, 20241222113812.239334
63403, 1, 20241222113813.239371
63463, 1, 20241222113814.239380
63523, 1, 20241222113815.239412
63583, 1, 20241222113816.239473
63643, 1, 20241222113817.239471
63703, 1, 20241222113818.239494
63763, 1, 20241222113819.239538
63823, 1, 20241222113820.239561
63883, 1, 20241222113821.239595
63943, 1, 20241222113822.239629
64003, 1, 20241222113823.239651
64063, 1, 20241222113824.239689
64123, 1, 20241222113825.239706
64183, 1, 20241222113826.239742
64243, 1, 20241222113827.239768
64303, 1, 20241222113828.239796
64363, 1, 20241222113829.239852
64423, 1, 20241222113830.239856
64483, 1, 20241222113831.239887
64543, 1, 20241222113832.239913
64603, 1, 20241222113833.239956
64663, 1, 20241222113834.240006
64723, 1, 20241222113835.240044
64783, 1, 20241222113836.240071
64843, 1, 20241222113837.240086
64903, 1, 20241222113838.240120
64963, 1, 20241222113839.240150
65023, 1, 20241222113840.240178
65083, 1, 20241222113841.240205
65143, 1, 20241222113842.240235
65203, 1, 20241222113843.240262
65263, 1, 20241222113844.240292
65323, 1, 20241222113845.240345
65383, 1, 20241222113846.240382
65443, 1, 20241222113847.240386
65503, 1, 20241222113848.240416
65563, 1, 20241222113849.240453
65623, 1, 20241222113850.240475
65683, 1, 20241222113851.240499
