447095, 1, 20241218194703.260491
447155, 1, 20241218194704.260509
447215, 1, 20241218194705.260691
447275, 1, 20241218194706.260715
447335, 1, 20241218194707.260744
447395, 1, 20241218194708.260760
447455, 1, 20241218194709.260790
447515, 1, 20241218194710.260814
447575, 1, 20241218194711.260858
447635, 1, 20241218194712.260879
447695, 1, 20241218194713.260925
447755, 1, 20241218194714.260960
447815, 1, 20241218194715.260983
447875, 1, 20241218194716.261003
447935, 1, 20241218194717.261036
447995, 1, 20241218194718.261058
448055, 1, 20241218194719.261084
448115, 1, 20241218194720.261121
448175, 1, 20241218194721.261152
448235, 1, 20241218194722.261168
448295, 1, 20241218194723.261234
448355, 1, 20241218194724.261245
448415, 1, 20241218194725.261256
448475, 1, 20241218194726.261296
448535, 1, 20241218194727.261321
448595, 1, 20241218194728.261360
448655, 1, 20241218194729.261377
448715, 1, 20241218194730.261414
448775, 1, 20241218194731.261445
448835, 1, 20241218194732.261466
448895, 1, 20241218194733.261512
448955, 1, 20241218194734.261508
449015, 1, 20241218194735.261558
449075, 1, 20241218194736.261584
449135, 1, 20241218194737.261624
449195, 1, 20241218194738.261640
449255, 1, 20241218194739.261664
449315, 1, 20241218194740.261709
449375, 1, 20241218194741.261739
449435, 1, 20241218194742.261753
449495, 1, 20241218194743.261782
449555, 1, 20241218194744.261807
449615, 1, 20241218194745.261851
449675, 1, 20241218194746.261865
449735, 1, 20241218194747.261912
449795, 1, 20241218194748.261924
449855, 1, 20241218194749.261950
449915, 1, 20241218194750.261980
449975, 1, 20241218194751.262012
450035, 1, 20241218194752.262065
450095, 1, 20241218194753.262102
450155, 1, 20241218194754.262112
450215, 1, 20241218194755.262147
450275, 1, 20241218194756.262157
450335, 1, 20241218194757.262181
450395, 1, 20241218194758.262223
450455, 1, 20241218194759.262252
450515, 1, 20241218194800.262278
450575, 1, 20241218194801.262317
450635, 1, 20241218194802.262371
450695, 1, 20241218194803.262393
450755, 1, 20241218194804.262403
450815, 1, 20241218194805.262427
450875, 1, 20241218194806.262456
450935, 1, 20241218194807.262483
450995, 1, 20241218194808.262518
451055, 1, 20241218194809.262551
451115, 1, 20241218194810.262569
451175, 1, 20241218194811.262599
451235, 1, 20241218194812.262650
451295, 1, 20241218194813.262650
451355, 1, 20241218194814.262695
451415, 1, 20241218194815.262726
451475, 1, 20241218194816.262744
451535, 1, 20241218194817.262779
451595, 1, 20241218194818.262800
451655, 1, 20241218194819.262848
451715, 1, 20241218194820.262872
451775, 1, 20241218194821.262896
451835, 1, 20241218194822.262917
451895, 1, 20241218194823.262952
451955, 1, 20241218194824.262983
452015, 1, 20241218194825.263008
452075, 1, 20241218194826.263035
452135, 1, 20241218194827.263079
452195, 1, 20241218194828.263104
452255, 1, 20241218194829.263132
452315, 1, 20241218194830.263153
452375, 1, 20241218194831.263205
452435, 1, 20241218194832.263226
452495, 1, 20241218194833.263233
452555, 1, 20241218194834.263268
452615, 1, 20241218194835.263299
452675, 1, 20241218194836.263336
452735, 1, 20241218194837.263366
452795, 1, 20241218194838.263401
452855, 1, 20241218194839.263420
452915, 1, 20241218194840.263459
452975, 1, 20241218194841.263499
453035, 1, 20241218194842.263521
453095, 1, 20241218194843.263535
453155, 1, 20241218194844.263561
453215, 1, 20241218194845.263591
453275, 1, 20241218194846.263622
453335, 1, 20241218194847.263660
453395, 1, 20241218194848.263675
453455, 1, 20241218194849.263716
453515, 1, 20241218194850.263761
453575, 1, 20241218194851.263787
453635, 1, 20241218194852.263798
453695, 1, 20241218194853.263840
453755, 1, 20241218194854.263858
453815, 1, 20241218194855.263884
453875, 1, 20241218194856.263917
453935, 1, 20241218194857.263945
453995, 1, 20241218194858.263964
454055, 1, 20241218194859.264005
454115, 1, 20241218194900.264030
454175, 1, 20241218194901.264064
454235, 1, 20241218194902.264087
454295, 1, 20241218194903.264123
454355, 1, 20241218194904.264144
454415, 1, 20241218194905.264174
454475, 1, 20241218194906.264205
454535, 1, 20241218194907.264239
454595, 1, 20241218194908.264256
454655, 1, 20241218194909.264307
454715, 1, 20241218194910.264348
454775, 1, 20241218194911.264365
454835, 1, 20241218194912.264377
454895, 1, 20241218194913.264413
454955, 1, 20241218194914.264431
455015, 1, 20241218194915.264461
455075, 1, 20241218194916.264497
455135, 1, 20241218194917.264525
455195, 1, 20241218194918.264560
455255, 1, 20241218194919.264580
455315, 1, 20241218194920.264636
455375, 1, 20241218194921.264659
455435, 1, 20241218194922.264673
455495, 1, 20241218194923.264697
455555, 1, 20241218194924.264724
455615, 1, 20241218194925.264749
455675, 1, 20241218194926.264788
455735, 1, 20241218194927.264809
455795, 1, 20241218194928.264844
455855, 1, 20241218194929.264877
455915, 1, 20241218194930.264913
455975, 1, 20241218194931.264945
456035, 1, 20241218194932.264952
456095, 1, 20241218194933.264988
456155, 1, 20241218194934.265016
456215, 1, 20241218194935.265042
456275, 1, 20241218194936.265075
456335, 1, 20241218194937.265103
456395, 1, 20241218194938.265139
456455, 1, 20241218194939.265160
456515, 1, 20241218194940.265191
456575, 1, 20241218194941.265217
456635, 1, 20241218194942.265245
456695, 1, 20241218194943.265273
456755, 1, 20241218194944.265314
456815, 1, 20241218194945.265330
456875, 1, 20241218194946.265366
456935, 1, 20241218194947.265393
456995, 1, 20241218194948.265417
457055, 1, 20241218194949.265469
457115, 1, 20241218194950.265501
457175, 1, 20241218194951.265507
457235, 1, 20241218194952.265551
457295, 1, 20241218194953.265577
457355, 1, 20241218194954.265594
457415, 1, 20241218194955.265623
457475, 1, 20241218194956.265651
457535, 1, 20241218194957.265698
457595, 1, 20241218194958.265718
457655, 1, 20241218194959.265753
457715, 1, 20241218195000.265778
457775, 1, 20241218195001.265800
