541295, 1, 20250111232517.461366
541355, 1, 20250111232518.461538
541415, 1, 20250111232519.461568
541475, 1, 20250111232520.461595
541535, 1, 20250111232521.461625
541595, 1, 20250111232522.461649
541655, 1, 20250111232523.461682
541715, 1, 20250111232524.461723
541775, 1, 20250111232525.461750
541835, 1, 20250111232526.461795
541895, 1, 20250111232527.461803
541955, 1, 20250111232528.461838
542015, 1, 20250111232529.461863
542075, 1, 20250111232530.461888
542135, 1, 20250111232531.461925
542195, 1, 20250111232532.461942
542255, 1, 20250111232533.461967
542315, 1, 20250111232534.462004
542375, 1, 20250111232535.462064
542435, 1, 20250111232536.462088
542495, 1, 20250111232537.462085
542555, 1, 20250111232538.462127
542615, 1, 20250111232539.462161
542675, 1, 20250111232540.462169
542735, 1, 20250111232541.462210
542795, 1, 20250111232542.462253
542855, 1, 20250111232543.462269
542915, 1, 20250111232544.462299
542975, 1, 20250111232545.462363
543035, 1, 20250111232546.462368
543095, 1, 20250111232547.462382
543155, 1, 20250111232548.462422
543215, 1, 20250111232549.462451
543275, 1, 20250111232550.462487
543335, 1, 20250111232551.462505
543395, 1, 20250111232552.462534
543455, 1, 20250111232553.462563
543515, 1, 20250111232554.462595
543575, 1, 20250111232555.462630
543635, 1, 20250111232556.462654
543695, 1, 20250111232557.462685
543755, 1, 20250111232558.462699
