320737, 1, 20241227142454.250097
320797, 1, 20241227142455.250125
320857, 1, 20241227142456.250148
320917, 1, 20241227142457.250183
320977, 1, 20241227142458.250225
321037, 1, 20241227142459.250263
321097, 1, 20241227142500.250277
321157, 1, 20241227142501.250299
321217, 1, 20241227142502.250327
321277, 1, 20241227142503.250365
321337, 1, 20241227142504.250384
321397, 1, 20241227142505.250415
321457, 1, 20241227142506.250444
321517, 1, 20241227142507.250521
321577, 1, 20241227142508.250503
321637, 1, 20241227142509.250530
321697, 1, 20241227142510.250556
321757, 1, 20241227142511.250593
321817, 1, 20241227142512.250608
321877, 1, 20241227142513.250643
321937, 1, 20241227142514.250672
321997, 1, 20241227142515.250701
322057, 1, 20241227142516.250736
322117, 1, 20241227142517.250753
322177, 1, 20241227142518.250819
322237, 1, 20241227142519.250814
322297, 1, 20241227142520.250848
322357, 1, 20241227142521.250876
322417, 1, 20241227142522.250888
