448629, 1, 20241226140056.473305
448689, 1, 20241226140057.473319
448749, 1, 20241226140058.473381
448809, 1, 20241226140059.473420
448869, 1, 20241226140100.473500
448929, 1, 20241226140101.473452
448989, 1, 20241226140102.473499
449049, 1, 20241226140103.473510
449109, 1, 20241226140104.473468
449169, 1, 20241226140105.473485
449229, 1, 20241226140106.473661
449289, 1, 20241226140107.473628
449349, 1, 20241226140108.473562
449409, 1, 20241226140109.473634
449469, 1, 20241226140110.473627
449529, 1, 20241226140111.473659
