455501, 1, 20241226140251.010795
455561, 1, 20241226140252.010834
455621, 1, 20241226140253.010868
455681, 1, 20241226140254.010905
455741, 1, 20241226140255.010920
455801, 1, 20241226140256.010940
455861, 1, 20241226140257.010983
455921, 1, 20241226140258.011001
455981, 1, 20241226140259.011027
456041, 1, 20241226140300.011090
456101, 1, 20241226140301.011101
456161, 1, 20241226140302.011116
456221, 1, 20241226140303.011140
456281, 1, 20241226140304.011190
456341, 1, 20241226140305.011212
456401, 1, 20241226140306.011236
456461, 1, 20241226140307.011272
456521, 1, 20241226140308.011296
