147283, 1, 20241223154713.344076
147343, 1, 20241223154714.344075
147403, 1, 20241223154715.344131
147463, 1, 20241223154716.344131
147523, 1, 20241223154717.344182
147583, 1, 20241223154718.344201
147643, 1, 20241223154719.344247
147703, 1, 20241223154720.344284
147763, 1, 20241223154721.344279
147823, 1, 20241223154722.344301
147883, 1, 20241223154723.344331
147943, 1, 20241223154724.344366
148003, 1, 20241223154725.344385
148063, 1, 20241223154726.344417
148123, 1, 20241223154727.344450
148183, 1, 20241223154728.344471
148243, 1, 20241223154729.344531
148303, 1, 20241223154730.344558
148363, 1, 20241223154731.344568
148423, 1, 20241223154732.344590
148483, 1, 20241223154733.344624
148543, 1, 20241223154734.344656
148603, 1, 20241223154735.344681
148663, 1, 20241223154736.344770
148723, 1, 20241223154737.344762
148783, 1, 20241223154738.344801
148843, 1, 20241223154739.344818
148903, 1, 20241223154740.344883
148963, 1, 20241223154741.344902
149023, 1, 20241223154742.344943
149083, 1, 20241223154743.344950
149143, 1, 20241223154744.345009
149203, 1, 20241223154745.345050
149263, 1, 20241223154746.345065
149323, 1, 20241223154747.345096
149383, 1, 20241223154748.345110
149443, 1, 20241223154749.345138
149503, 1, 20241223154750.345197
149563, 1, 20241223154751.345197
149623, 1, 20241223154752.345236
149683, 1, 20241223154753.345251
149743, 1, 20241223154754.345314
149803, 1, 20241223154755.345305
149863, 1, 20241223154756.345367
149923, 1, 20241223154757.345390
149983, 1, 20241223154758.345398
150043, 1, 20241223154759.345469
150103, 1, 20241223154800.345463
150163, 1, 20241223154801.345484
150223, 1, 20241223154802.345532
150283, 1, 20241223154803.345550
150343, 1, 20241223154804.345583
150403, 1, 20241223154805.345624
150463, 1, 20241223154806.345665
150523, 1, 20241223154807.345673
150583, 1, 20241223154808.345724
150643, 1, 20241223154809.345792
150703, 1, 20241223154810.345808
150763, 1, 20241223154811.345844
150823, 1, 20241223154812.345869
150883, 1, 20241223154813.345786
150943, 1, 20241223154814.345812
151003, 1, 20241223154815.345988
151063, 1, 20241223154816.345985
151123, 1, 20241223154817.346040
151183, 1, 20241223154818.345993
151243, 1, 20241223154819.345954
151303, 1, 20241223154820.346096
151363, 1, 20241223154821.346046
151423, 1, 20241223154822.346035
151483, 1, 20241223154823.346055
151543, 1, 20241223154824.346098
151603, 1, 20241223154825.346127
151663, 1, 20241223154826.346153
151723, 1, 20241223154827.346196
151783, 1, 20241223154828.346232
151843, 1, 20241223154829.346237
151903, 1, 20241223154830.346262
151963, 1, 20241223154831.346298
152023, 1, 20241223154832.346338
152083, 1, 20241223154833.346352
152143, 1, 20241223154834.346381
152203, 1, 20241223154835.346420
152263, 1, 20241223154836.346438
152323, 1, 20241223154837.346487
152383, 1, 20241223154838.346516
152443, 1, 20241223154839.346524
152503, 1, 20241223154840.346558
152563, 1, 20241223154841.346579
152623, 1, 20241223154842.346611
152683, 1, 20241223154843.346653
152743, 1, 20241223154844.346676
152803, 1, 20241223154845.346707
152863, 1, 20241223154846.346738
152923, 1, 20241223154847.346771
152983, 1, 20241223154848.346788
153043, 1, 20241223154849.346806
153103, 1, 20241223154850.346834
153163, 1, 20241223154851.346877
153223, 1, 20241223154852.346898
153283, 1, 20241223154853.346935
153343, 1, 20241223154854.346960
153403, 1, 20241223154855.346985
153463, 1, 20241223154856.347009
153523, 1, 20241223154857.347043
153583, 1, 20241223154858.347072
153643, 1, 20241223154859.347109
153703, 1, 20241223154900.347131
153763, 1, 20241223154901.347163
153823, 1, 20241223154902.347190
153883, 1, 20241223154903.347207
153943, 1, 20241223154904.347243
154003, 1, 20241223154905.347275
154063, 1, 20241223154906.347318
154123, 1, 20241223154907.347362
154183, 1, 20241223154908.347364
154243, 1, 20241223154909.347388
154303, 1, 20241223154910.347420
154363, 1, 20241223154911.347453
154423, 1, 20241223154912.347478
154483, 1, 20241223154913.347505
154543, 1, 20241223154914.347528
154603, 1, 20241223154915.347572
154663, 1, 20241223154916.347596
154723, 1, 20241223154917.347641
154783, 1, 20241223154918.347644
154843, 1, 20241223154919.347688
154903, 1, 20241223154920.347704
154963, 1, 20241223154921.347742
155023, 1, 20241223154922.347758
155083, 1, 20241223154923.347798
155143, 1, 20241223154924.347822
155203, 1, 20241223154925.347874
155263, 1, 20241223154926.347870
155323, 1, 20241223154927.347912
155383, 1, 20241223154928.347933
155443, 1, 20241223154929.347960
155503, 1, 20241223154930.347996
155563, 1, 20241223154931.348023
155623, 1, 20241223154932.348052
155683, 1, 20241223154933.348092
155743, 1, 20241223154934.348107
155803, 1, 20241223154935.348139
155863, 1, 20241223154936.348177
155923, 1, 20241223154937.348196
155983, 1, 20241223154938.348221
156043, 1, 20241223154939.348252
156103, 1, 20241223154940.348274
156163, 1, 20241223154941.348313
156223, 1, 20241223154942.348335
156283, 1, 20241223154943.348370
156343, 1, 20241223154944.348402
156403, 1, 20241223154945.348445
156463, 1, 20241223154946.348475
156523, 1, 20241223154947.348483
156583, 1, 20241223154948.348509
156643, 1, 20241223154949.348546
156703, 1, 20241223154950.348572
156763, 1, 20241223154951.348604
156823, 1, 20241223154952.348627
156883, 1, 20241223154953.348655
156943, 1, 20241223154954.348680
157003, 1, 20241223154955.348740
157063, 1, 20241223154956.348761
157123, 1, 20241223154957.348780
157183, 1, 20241223154958.348808
157243, 1, 20241223154959.348832
157303, 1, 20241223155000.348861
157363, 1, 20241223155001.348882
157423, 1, 20241223155002.348925
157483, 1, 20241223155003.348944
157543, 1, 20241223155004.348979
157603, 1, 20241223155005.349006
157663, 1, 20241223155006.349026
157723, 1, 20241223155007.349061
157783, 1, 20241223155008.349100
157843, 1, 20241223155009.349118
157903, 1, 20241223155010.349148
157963, 1, 20241223155011.349179
158023, 1, 20241223155012.349207
