574821, 1, 20241226143559.751070
574881, 1, 20241226143600.751096
574941, 1, 20241226143601.751132
575001, 1, 20241226143602.751166
575061, 1, 20241226143603.751192
575121, 1, 20241226143604.751215
575181, 1, 20241226143605.751239
575241, 1, 20241226143606.751288
575301, 1, 20241226143607.751357
575361, 1, 20241226143608.751323
575421, 1, 20241226143609.751401
575481, 1, 20241226143610.751461
575541, 1, 20241226143611.751482
575601, 1, 20241226143612.751490
575661, 1, 20241226143613.751485
575721, 1, 20241226143614.751502
575781, 1, 20241226143615.751614
575841, 1, 20241226143616.751565
575901, 1, 20241226143617.751586
575961, 1, 20241226143618.751688
576021, 1, 20241226143619.751652
576081, 1, 20241226143620.751678
576141, 1, 20241226143621.751707
