92823, 1, 20250111115833.966530
92883, 1, 20250111115834.966561
92943, 1, 20250111115835.966584
93003, 1, 20250111115836.966622
93063, 1, 20250111115837.966651
93123, 1, 20250111115838.966679
93183, 1, 20250111115839.966712
93243, 1, 20250111115840.966738
93303, 1, 20250111115841.966785
93363, 1, 20250111115842.966821
93423, 1, 20250111115843.966823
93483, 1, 20250111115844.966865
93543, 1, 20250111115845.966885
93603, 1, 20250111115846.966916
93663, 1, 20250111115847.966948
93723, 1, 20250111115848.966980
93783, 1, 20250111115849.967010
93843, 1, 20250111115850.967031
93903, 1, 20250111115851.967083
93963, 1, 20250111115852.967119
94023, 1, 20250111115853.967120
94083, 1, 20250111115854.967153
94143, 1, 20250111115855.967165
94203, 1, 20250111115856.967216
94263, 1, 20250111115857.967233
94323, 1, 20250111115858.967275
94383, 1, 20250111115859.967299
94443, 1, 20250111115900.967345
94503, 1, 20250111115901.967382
94563, 1, 20250111115902.967380
94623, 1, 20250111115903.967422
94683, 1, 20250111115904.967444
94743, 1, 20250111115905.967479
94803, 1, 20250111115906.967504
94863, 1, 20250111115907.967535
94923, 1, 20250111115908.967566
94983, 1, 20250111115909.967597
95043, 1, 20250111115910.967629
95103, 1, 20250111115911.967659
95163, 1, 20250111115912.967694
95223, 1, 20250111115913.967723
95283, 1, 20250111115914.967741
95343, 1, 20250111115915.967768
