173043, 1, 20241222120840.639024
173103, 1, 20241222120841.639019
173163, 1, 20241222120842.639079
173223, 1, 20241222120843.639086
173283, 1, 20241222120844.639115
173343, 1, 20241222120845.639172
173403, 1, 20241222120846.639161
173463, 1, 20241222120847.639209
173523, 1, 20241222120848.639235
173583, 1, 20241222120849.639260
173643, 1, 20241222120850.639294
173703, 1, 20241222120851.639329
173763, 1, 20241222120852.639372
173823, 1, 20241222120853.639375
173883, 1, 20241222120854.639403
173943, 1, 20241222120855.639460
174003, 1, 20241222120856.639462
174063, 1, 20241222120857.639496
174123, 1, 20241222120858.639528
174183, 1, 20241222120859.639570
174243, 1, 20241222120900.639595
174303, 1, 20241222120901.639620
174363, 1, 20241222120902.639663
174423, 1, 20241222120903.639693
174483, 1, 20241222120904.639732
174543, 1, 20241222120905.639774
174603, 1, 20241222120906.639796
174663, 1, 20241222120907.639806
174723, 1, 20241222120908.639833
174783, 1, 20241222120909.639840
174843, 1, 20241222120910.639940
174903, 1, 20241222120911.639950
174963, 1, 20241222120912.639969
175023, 1, 20241222120913.639975
175083, 1, 20241222120914.640013
175143, 1, 20241222120915.640048
175203, 1, 20241222120916.640060
175263, 1, 20241222120917.640090
175323, 1, 20241222120918.640166
175383, 1, 20241222120919.640163
175443, 1, 20241222120920.640173
175503, 1, 20241222120921.640216
175563, 1, 20241222120922.640247
175623, 1, 20241222120923.640273
175683, 1, 20241222120924.640307
175743, 1, 20241222120925.640356
175803, 1, 20241222120926.640374
175863, 1, 20241222120927.640378
175923, 1, 20241222120928.640429
175983, 1, 20241222120929.640461
176043, 1, 20241222120930.640466
176103, 1, 20241222120931.640500
176163, 1, 20241222120932.640583
176223, 1, 20241222120933.640604
176283, 1, 20241222120934.640584
176343, 1, 20241222120935.640642
176403, 1, 20241222120936.640642
176463, 1, 20241222120937.640723
176523, 1, 20241222120938.640705
176583, 1, 20241222120939.640739
176643, 1, 20241222120940.640765
176703, 1, 20241222120941.640844
176763, 1, 20241222120942.640853
176823, 1, 20241222120943.640888
176883, 1, 20241222120944.640922
176943, 1, 20241222120945.640935
177003, 1, 20241222120946.640995
177063, 1, 20241222120947.641022
177123, 1, 20241222120948.640928
177183, 1, 20241222120949.641114
177243, 1, 20241222120950.641159
177303, 1, 20241222120951.641187
177363, 1, 20241222120952.641171
177423, 1, 20241222120953.641189
177483, 1, 20241222120954.641195
177543, 1, 20241222120955.641253
177603, 1, 20241222120956.641263
177663, 1, 20241222120957.641315
177723, 1, 20241222120958.641385
177783, 1, 20241222120959.641415
177843, 1, 20241222121000.641315
177903, 1, 20241222121001.641434
177963, 1, 20241222121002.641355
178023, 1, 20241222121003.641495
178083, 1, 20241222121004.641520
178143, 1, 20241222121005.642853
178203, 1, 20241222121006.641617
178263, 1, 20241222121007.641513
178323, 1, 20241222121008.642920
178383, 1, 20241222121009.641686
178443, 1, 20241222121010.642616
178503, 1, 20241222121011.641655
178563, 1, 20241222121012.643037
178623, 1, 20241222121013.643059
178683, 1, 20241222121014.641860
178743, 1, 20241222121015.641843
178803, 1, 20241222121016.641868
178863, 1, 20241222121017.641867
178923, 1, 20241222121018.641841
178983, 1, 20241222121019.641846
179043, 1, 20241222121020.641880
179103, 1, 20241222121021.641940
179163, 1, 20241222121022.641974
179223, 1, 20241222121023.642110
179283, 1, 20241222121024.642167
179343, 1, 20241222121025.642127
179403, 1, 20241222121026.642087
179463, 1, 20241222121027.642087
179523, 1, 20241222121028.642123
179583, 1, 20241222121029.642177
179643, 1, 20241222121030.642204
179703, 1, 20241222121031.642234
179763, 1, 20241222121032.642234
179823, 1, 20241222121033.642447
179883, 1, 20241222121034.642416
179943, 1, 20241222121035.642318
180003, 1, 20241222121036.642383
180063, 1, 20241222121037.642390
180123, 1, 20241222121038.642417
180183, 1, 20241222121039.642476
180243, 1, 20241222121040.642457
180303, 1, 20241222121041.642489
180363, 1, 20241222121042.642707
180423, 1, 20241222121043.642565
180483, 1, 20241222121044.642589
180543, 1, 20241222121045.642620
180603, 1, 20241222121046.642638
180663, 1, 20241222121047.642668
180723, 1, 20241222121048.642705
180783, 1, 20241222121049.642729
180843, 1, 20241222121050.642770
180903, 1, 20241222121051.642787
180963, 1, 20241222121052.642822
181023, 1, 20241222121053.642854
181083, 1, 20241222121054.642895
181143, 1, 20241222121055.642915
181203, 1, 20241222121056.642947
181263, 1, 20241222121057.642968
181323, 1, 20241222121058.643017
181383, 1, 20241222121059.643032
181443, 1, 20241222121100.643049
181503, 1, 20241222121101.643089
181563, 1, 20241222121102.643141
181623, 1, 20241222121103.643162
181683, 1, 20241222121104.643173
181743, 1, 20241222121105.643207
181803, 1, 20241222121106.643230
181863, 1, 20241222121107.643279
181923, 1, 20241222121108.643287
181983, 1, 20241222121109.643311
182043, 1, 20241222121110.643337
182103, 1, 20241222121111.643377
182163, 1, 20241222121112.643436
182223, 1, 20241222121113.643460
182283, 1, 20241222121114.643456
182343, 1, 20241222121115.643505
182403, 1, 20241222121116.643531
182463, 1, 20241222121117.643556
182523, 1, 20241222121118.643590
182583, 1, 20241222121119.643611
182643, 1, 20241222121120.643645
182703, 1, 20241222121121.643668
182763, 1, 20241222121122.643707
182823, 1, 20241222121123.643734
182883, 1, 20241222121124.643764
182943, 1, 20241222121125.643791
183003, 1, 20241222121126.643832
183063, 1, 20241222121127.643851
183123, 1, 20241222121128.643879
183183, 1, 20241222121129.643909
183243, 1, 20241222121130.643948
183303, 1, 20241222121131.643992
183363, 1, 20241222121132.644013
183423, 1, 20241222121133.644030
183483, 1, 20241222121134.644058
183543, 1, 20241222121135.644089
183603, 1, 20241222121136.644114
183663, 1, 20241222121137.644145
183723, 1, 20241222121138.644183
183783, 1, 20241222121139.644196
