528791, 1, 20250112094845.955195
528851, 1, 20250112094846.955213
528911, 1, 20250112094847.955248
528971, 1, 20250112094848.955281
529031, 1, 20250112094849.955298
529091, 1, 20250112094850.955329
529151, 1, 20250112094851.955385
529211, 1, 20250112094852.955408
529271, 1, 20250112094853.955426
529331, 1, 20250112094854.955461
529391, 1, 20250112094855.955478
529451, 1, 20250112094856.955511
529511, 1, 20250112094857.955529
529571, 1, 20250112094858.955560
529631, 1, 20250112094859.955596
529691, 1, 20250112094900.955631
529751, 1, 20250112094901.955676
529811, 1, 20250112094902.955677
529871, 1, 20250112094903.955694
529931, 1, 20250112094904.955732
529991, 1, 20250112094905.955756
530051, 1, 20250112094906.955801
530111, 1, 20250112094907.955815
530171, 1, 20250112094908.955841
530231, 1, 20250112094909.955849
530291, 1, 20250112094910.955884
530351, 1, 20250112094911.955930
530411, 1, 20250112094912.955956
530471, 1, 20250112094913.955976
530531, 1, 20250112094914.956061
530591, 1, 20250112094915.956079
530651, 1, 20250112094916.956110
530711, 1, 20250112094917.956152
530771, 1, 20250112094918.956160
530831, 1, 20250112094919.956194
530891, 1, 20250112094920.956243
530951, 1, 20250112094921.956262
531011, 1, 20250112094922.956340
531071, 1, 20250112094923.956336
531131, 1, 20250112094924.957268
531191, 1, 20250112094925.956445
531251, 1, 20250112094926.956465
531311, 1, 20250112094927.956365
531371, 1, 20250112094928.956407
531431, 1, 20250112094929.956434
531491, 1, 20250112094930.956476
531551, 1, 20250112094931.956495
531611, 1, 20250112094932.956517
531671, 1, 20250112094933.956540
531731, 1, 20250112094934.956579
531791, 1, 20250112094935.956612
531851, 1, 20250112094936.956619
531911, 1, 20250112094937.956659
531971, 1, 20250112094938.956681
532031, 1, 20250112094939.956708
532091, 1, 20250112094940.956749
532151, 1, 20250112094941.956780
532211, 1, 20250112094942.956794
532271, 1, 20250112094943.956829
532331, 1, 20250112094944.956865
532391, 1, 20250112094945.956882
532451, 1, 20250112094946.956918
532511, 1, 20250112094947.956942
532571, 1, 20250112094948.956965
532631, 1, 20250112094949.957030
532691, 1, 20250112094950.957048
532751, 1, 20250112094951.957072
532811, 1, 20250112094952.957093
