359661, 1, 20241222130031.060267
359721, 1, 20241222130032.060290
359781, 1, 20241222130033.060333
359841, 1, 20241222130034.060354
359901, 1, 20241222130035.060396
359961, 1, 20241222130036.060436
360021, 1, 20241222130037.060462
360081, 1, 20241222130038.060473
360141, 1, 20241222130039.060506
360201, 1, 20241222130040.060528
360261, 1, 20241222130041.060558
360321, 1, 20241222130042.060596
360381, 1, 20241222130043.060627
360441, 1, 20241222130044.060653
360501, 1, 20241222130045.060687
360561, 1, 20241222130046.060708
360621, 1, 20241222130047.060731
360681, 1, 20241222130048.060761
360741, 1, 20241222130049.060786
360801, 1, 20241222130050.060818
360861, 1, 20241222130051.060858
360921, 1, 20241222130052.060892
360981, 1, 20241222130053.060915
361041, 1, 20241222130054.060961
361101, 1, 20241222130055.060962
361161, 1, 20241222130056.061018
361221, 1, 20241222130057.061044
361281, 1, 20241222130058.061059
361341, 1, 20241222130059.061084
361401, 1, 20241222130100.061116
361461, 1, 20241222130101.061145
361521, 1, 20241222130102.061176
361581, 1, 20241222130103.061206
361641, 1, 20241222130104.061229
361701, 1, 20241222130105.061252
361761, 1, 20241222130106.061302
361821, 1, 20241222130107.061337
361881, 1, 20241222130108.061351
361941, 1, 20241222130109.061374
362001, 1, 20241222130110.061403
362061, 1, 20241222130111.061436
362121, 1, 20241222130112.061476
362181, 1, 20241222130113.061495
362241, 1, 20241222130114.061510
362301, 1, 20241222130115.061559
362361, 1, 20241222130116.061615
362421, 1, 20241222130117.061608
362481, 1, 20241222130118.061633
362541, 1, 20241222130119.061666
362601, 1, 20241222130120.061693
362661, 1, 20241222130121.061723
362721, 1, 20241222130122.061754
362781, 1, 20241222130123.061774
362841, 1, 20241222130124.061809
362901, 1, 20241222130125.061835
362961, 1, 20241222130126.061853
363021, 1, 20241222130127.061902
363081, 1, 20241222130128.061935
363141, 1, 20241222130129.061949
363201, 1, 20241222130130.061979
363261, 1, 20241222130131.062021
363321, 1, 20241222130132.062042
363381, 1, 20241222130133.062076
363441, 1, 20241222130134.062103
363501, 1, 20241222130135.062153
363561, 1, 20241222130136.062179
363621, 1, 20241222130137.062201
363681, 1, 20241222130138.062221
363741, 1, 20241222130139.062251
363801, 1, 20241222130140.062280
363861, 1, 20241222130141.062310
363921, 1, 20241222130142.062323
363981, 1, 20241222130143.062364
364041, 1, 20241222130144.062392
364101, 1, 20241222130145.062434
364161, 1, 20241222130146.062464
364221, 1, 20241222130147.062493
364281, 1, 20241222130148.062525
364341, 1, 20241222130149.062535
364401, 1, 20241222130150.062583
364461, 1, 20241222130151.062601
364521, 1, 20241222130152.062632
364581, 1, 20241222130153.062668
364641, 1, 20241222130154.062706
364701, 1, 20241222130155.062735
364761, 1, 20241222130156.062755
364821, 1, 20241222130157.062778
364881, 1, 20241222130158.062809
364941, 1, 20241222130159.062838
365001, 1, 20241222130200.062876
365061, 1, 20241222130201.062896
365121, 1, 20241222130202.062924
365181, 1, 20241222130203.062944
365241, 1, 20241222130204.062984
365301, 1, 20241222130205.063021
365361, 1, 20241222130206.063041
365421, 1, 20241222130207.063073
365481, 1, 20241222130208.063100
365541, 1, 20241222130209.063128
365601, 1, 20241222130210.063172
365661, 1, 20241222130211.063194
365721, 1, 20241222130212.063226
365781, 1, 20241222130213.063251
365841, 1, 20241222130214.063302
365901, 1, 20241222130215.063330
365961, 1, 20241222130216.063336
366021, 1, 20241222130217.063374
366081, 1, 20241222130218.063399
366141, 1, 20241222130219.063430
366201, 1, 20241222130220.063453
366261, 1, 20241222130221.063482
366321, 1, 20241222130222.063513
366381, 1, 20241222130223.063538
366441, 1, 20241222130224.063580
366501, 1, 20241222130225.063621
366561, 1, 20241222130226.063640
366621, 1, 20241222130227.063654
366681, 1, 20241222130228.063695
366741, 1, 20241222130229.063716
366801, 1, 20241222130230.063759
366861, 1, 20241222130231.063772
366921, 1, 20241222130232.063810
366981, 1, 20241222130233.063827
367041, 1, 20241222130234.063873
367101, 1, 20241222130235.063895
367161, 1, 20241222130236.063923
367221, 1, 20241222130237.063949
367281, 1, 20241222130238.063977
367341, 1, 20241222130239.064003
367401, 1, 20241222130240.064034
367461, 1, 20241222130241.064069
367521, 1, 20241222130242.064111
367581, 1, 20241222130243.064152
367641, 1, 20241222130244.064177
367701, 1, 20241222130245.064186
367761, 1, 20241222130246.064219
367821, 1, 20241222130247.064244
367881, 1, 20241222130248.064274
367941, 1, 20241222130249.064302
368001, 1, 20241222130250.064348
368061, 1, 20241222130251.064363
368121, 1, 20241222130252.064389
368181, 1, 20241222130253.064434
368241, 1, 20241222130254.064475
368301, 1, 20241222130255.064486
368361, 1, 20241222130256.064510
368421, 1, 20241222130257.064538
368481, 1, 20241222130258.064570
368541, 1, 20241222130259.064604
368601, 1, 20241222130300.064628
368661, 1, 20241222130301.064652
368721, 1, 20241222130302.064701
368781, 1, 20241222130303.064723
368841, 1, 20241222130304.064738
368901, 1, 20241222130305.064773
368961, 1, 20241222130306.064804
369021, 1, 20241222130307.064838
369081, 1, 20241222130308.064855
369141, 1, 20241222130309.064892
369201, 1, 20241222130310.064919
369261, 1, 20241222130311.064945
369321, 1, 20241222130312.064984
369381, 1, 20241222130313.065009
369441, 1, 20241222130314.065049
369501, 1, 20241222130315.065069
369561, 1, 20241222130316.065100
369621, 1, 20241222130317.065124
369681, 1, 20241222130318.065156
369741, 1, 20241222130319.065187
369801, 1, 20241222130320.065215
369861, 1, 20241222130321.065235
369921, 1, 20241222130322.065291
369981, 1, 20241222130323.065329
370041, 1, 20241222130324.065319
370101, 1, 20241222130325.065360
370161, 1, 20241222130326.065390
370221, 1, 20241222130327.065424
370281, 1, 20241222130328.065447
370341, 1, 20241222130329.065460
370401, 1, 20241222130330.065505
