298143, 1, 20241224111928.041649
298203, 1, 20241224111929.041654
298263, 1, 20241224111930.041683
298323, 1, 20241224111931.041713
298383, 1, 20241224111932.041752
298443, 1, 20241224111933.041782
298503, 1, 20241224111934.041798
298563, 1, 20241224111935.041830
298623, 1, 20241224111936.041863
298683, 1, 20241224111937.041893
298743, 1, 20241224111938.041915
298803, 1, 20241224111939.041944
298863, 1, 20241224111940.041982
298923, 1, 20241224111941.042007
298983, 1, 20241224111942.042045
299043, 1, 20241224111943.042068
299103, 1, 20241224111944.042102
299163, 1, 20241224111945.042119
299223, 1, 20241224111946.042167
299283, 1, 20241224111947.042190
299343, 1, 20241224111948.042212
299403, 1, 20241224111949.042242
299463, 1, 20241224111950.042260
299523, 1, 20241224111951.042292
299583, 1, 20241224111952.042316
299643, 1, 20241224111953.042351
299703, 1, 20241224111954.042381
299763, 1, 20241224111955.042407
299823, 1, 20241224111956.042462
299883, 1, 20241224111957.042483
299943, 1, 20241224111958.042501
300003, 1, 20241224111959.042525
300063, 1, 20241224112000.042551
300123, 1, 20241224112001.042582
300183, 1, 20241224112002.042625
300243, 1, 20241224112003.042646
300303, 1, 20241224112004.042690
300363, 1, 20241224112005.042712
300423, 1, 20241224112006.042764
300483, 1, 20241224112007.042776
300543, 1, 20241224112008.042810
300603, 1, 20241224112009.042843
300663, 1, 20241224112010.042872
300723, 1, 20241224112011.042887
300783, 1, 20241224112012.042934
300843, 1, 20241224112013.042959
300903, 1, 20241224112014.042990
300963, 1, 20241224112015.043008
301023, 1, 20241224112016.043042
301083, 1, 20241224112017.043069
301143, 1, 20241224112018.043091
301203, 1, 20241224112019.043116
301263, 1, 20241224112020.043156
301323, 1, 20241224112021.043183
301383, 1, 20241224112022.043203
301443, 1, 20241224112023.043247
301503, 1, 20241224112024.043277
301563, 1, 20241224112025.043325
301623, 1, 20241224112026.043344
301683, 1, 20241224112027.043353
301743, 1, 20241224112028.043389
301803, 1, 20241224112029.043417
301863, 1, 20241224112030.043443
301923, 1, 20241224112031.043476
301983, 1, 20241224112032.043503
302043, 1, 20241224112033.043534
302103, 1, 20241224112034.043566
302163, 1, 20241224112035.043608
302223, 1, 20241224112036.043642
302283, 1, 20241224112037.043648
302343, 1, 20241224112038.043675
302403, 1, 20241224112039.043712
302463, 1, 20241224112040.043737
302523, 1, 20241224112041.043767
302583, 1, 20241224112042.043796
302643, 1, 20241224112043.043817
302703, 1, 20241224112044.043872
302763, 1, 20241224112045.043896
302823, 1, 20241224112046.043908
302883, 1, 20241224112047.043927
302943, 1, 20241224112048.043970
303003, 1, 20241224112049.043992
303063, 1, 20241224112050.044028
303123, 1, 20241224112051.044054
303183, 1, 20241224112052.044080
303243, 1, 20241224112053.044112
303303, 1, 20241224112054.044140
303363, 1, 20241224112055.044167
303423, 1, 20241224112056.044200
303483, 1, 20241224112057.044232
303543, 1, 20241224112058.044257
303603, 1, 20241224112059.044292
303663, 1, 20241224112100.044322
303723, 1, 20241224112101.044340
303783, 1, 20241224112102.044375
303843, 1, 20241224112103.044396
303903, 1, 20241224112104.044442
303963, 1, 20241224112105.044472
304023, 1, 20241224112106.044487
304083, 1, 20241224112107.044517
304143, 1, 20241224112108.044547
304203, 1, 20241224112109.044578
304263, 1, 20241224112110.044610
304323, 1, 20241224112111.044636
304383, 1, 20241224112112.044640
304443, 1, 20241224112113.044691
304503, 1, 20241224112114.044729
304563, 1, 20241224112115.044761
304623, 1, 20241224112116.044780
304683, 1, 20241224112117.044806
304743, 1, 20241224112118.044837
304803, 1, 20241224112119.044864
304863, 1, 20241224112120.044902
304923, 1, 20241224112121.044925
304983, 1, 20241224112122.044961
305043, 1, 20241224112123.044976
305103, 1, 20241224112124.045006
305163, 1, 20241224112125.045043
305223, 1, 20241224112126.045052
305283, 1, 20241224112127.045080
305343, 1, 20241224112128.045124
305403, 1, 20241224112129.045149
305463, 1, 20241224112130.045185
305523, 1, 20241224112131.045211
305583, 1, 20241224112132.045236
305643, 1, 20241224112133.045293
305703, 1, 20241224112134.045312
305763, 1, 20241224112135.045320
305823, 1, 20241224112136.045358
305883, 1, 20241224112137.045384
305943, 1, 20241224112138.045419
306003, 1, 20241224112139.045443
306063, 1, 20241224112140.045472
306123, 1, 20241224112141.045502
306183, 1, 20241224112142.045524
306243, 1, 20241224112143.045576
306303, 1, 20241224112144.045604
306363, 1, 20241224112145.045620
306423, 1, 20241224112146.045646
306483, 1, 20241224112147.045666
306543, 1, 20241224112148.045700
306603, 1, 20241224112149.045747
306663, 1, 20241224112150.045771
306723, 1, 20241224112151.045784
306783, 1, 20241224112152.045805
306843, 1, 20241224112153.045864
306903, 1, 20241224112154.045875
306963, 1, 20241224112155.045899
307023, 1, 20241224112156.045932
307083, 1, 20241224112157.045969
307143, 1, 20241224112158.045972
307203, 1, 20241224112159.046016
307263, 1, 20241224112200.046045
307323, 1, 20241224112201.046077
307383, 1, 20241224112202.046104
307443, 1, 20241224112203.046125
307503, 1, 20241224112204.046166
307563, 1, 20241224112205.046185
307623, 1, 20241224112206.046224
307683, 1, 20241224112207.046243
307743, 1, 20241224112208.046277
307803, 1, 20241224112209.046302
307863, 1, 20241224112210.046336
307923, 1, 20241224112211.046364
307983, 1, 20241224112212.046413
308043, 1, 20241224112213.046444
308103, 1, 20241224112214.046454
308163, 1, 20241224112215.046477
308223, 1, 20241224112216.046513
308283, 1, 20241224112217.046539
308343, 1, 20241224112218.046566
308403, 1, 20241224112219.046596
308463, 1, 20241224112220.046624
308523, 1, 20241224112221.046653
308583, 1, 20241224112222.046690
308643, 1, 20241224112223.046727
308703, 1, 20241224112224.046732
308763, 1, 20241224112225.046771
308823, 1, 20241224112226.046799
