271043, 1, 20250112163736.232360
271103, 1, 20250112163737.232395
271163, 1, 20250112163738.232429
271223, 1, 20250112163739.232451
271283, 1, 20250112163740.232475
271343, 1, 20250112163741.232505
271403, 1, 20250112163742.232548
271463, 1, 20250112163743.232589
271523, 1, 20250112163744.232621
271583, 1, 20250112163745.232635
271643, 1, 20250112163746.232659
271703, 1, 20250112163747.232697
271763, 1, 20250112163748.232727
271823, 1, 20250112163749.232745
271883, 1, 20250112163750.232779
271943, 1, 20250112163751.232796
272003, 1, 20250112163752.232833
272063, 1, 20250112163753.232872
272123, 1, 20250112163754.232905
272183, 1, 20250112163755.232913
272243, 1, 20250112163756.232945
272303, 1, 20250112163757.232976
272363, 1, 20250112163758.233015
272423, 1, 20250112163759.233037
272483, 1, 20250112163800.233059
272543, 1, 20250112163801.233089
272603, 1, 20250112163802.233115
272663, 1, 20250112163803.233138
272723, 1, 20250112163804.233165
272783, 1, 20250112163805.233211
272843, 1, 20250112163806.233217
272903, 1, 20250112163807.233268
272963, 1, 20250112163808.233284
273023, 1, 20250112163809.233328
273083, 1, 20250112163810.233350
273143, 1, 20250112163811.233377
273203, 1, 20250112163812.233421
273263, 1, 20250112163813.233455
273323, 1, 20250112163814.233464
273383, 1, 20250112163815.233488
273443, 1, 20250112163816.233527
