236325, 1, 20241220164400.350394
236385, 1, 20241220164401.350435
236445, 1, 20241220164402.350383
236505, 1, 20241220164403.350413
236565, 1, 20241220164404.350434
236625, 1, 20241220164405.350512
236685, 1, 20241220164406.350528
236745, 1, 20241220164407.350640
236805, 1, 20241220164408.350621
236865, 1, 20241220164409.350588
236925, 1, 20241220164410.350615
236985, 1, 20241220164411.350637
237045, 1, 20241220164412.350665
237105, 1, 20241220164413.350699
237165, 1, 20241220164414.350720
237225, 1, 20241220164415.350776
237285, 1, 20241220164416.350786
237345, 1, 20241220164417.350822
237405, 1, 20241220164418.350894
237465, 1, 20241220164419.350863
237525, 1, 20241220164420.350873
237585, 1, 20241220164421.350923
237645, 1, 20241220164422.350961
237705, 1, 20241220164423.350992
237765, 1, 20241220164424.351021
237825, 1, 20241220164425.351044
237885, 1, 20241220164426.351078
237945, 1, 20241220164427.351181
238005, 1, 20241220164428.351140
238065, 1, 20241220164429.351165
