394969, 1, 20250112171201.742223
395029, 1, 20250112171202.742265
395089, 1, 20250112171203.742279
395149, 1, 20250112171204.742311
395209, 1, 20250112171205.742334
395269, 1, 20250112171206.742366
395329, 1, 20250112171207.742388
395389, 1, 20250112171208.742429
395449, 1, 20250112171209.742460
395509, 1, 20250112171210.742491
395569, 1, 20250112171211.742508
395629, 1, 20250112171212.742544
395689, 1, 20250112171213.742563
395749, 1, 20250112171214.742605
395809, 1, 20250112171215.742633
395869, 1, 20250112171216.742664
395929, 1, 20250112171217.742703
395989, 1, 20250112171218.742720
396049, 1, 20250112171219.742744
396109, 1, 20250112171220.742788
396169, 1, 20250112171221.742803
396229, 1, 20250112171222.742834
396289, 1, 20250112171223.742863
396349, 1, 20250112171224.742897
396409, 1, 20250112171225.742929
396469, 1, 20250112171226.742964
396529, 1, 20250112171227.742990
396589, 1, 20250112171228.743019
396649, 1, 20250112171229.743046
396709, 1, 20250112171230.743069
396769, 1, 20250112171231.743092
396829, 1, 20250112171232.743127
396889, 1, 20250112171233.743164
396949, 1, 20250112171234.743230
397009, 1, 20250112171235.743213
397069, 1, 20250112171236.743278
397129, 1, 20250112171237.743272
397189, 1, 20250112171238.743303
397249, 1, 20250112171239.743334
397309, 1, 20250112171240.743355
397369, 1, 20250112171241.743377
397429, 1, 20250112171242.743436
397489, 1, 20250112171243.743442
397549, 1, 20250112171244.743470
397609, 1, 20250112171245.743495
397669, 1, 20250112171246.743539
397729, 1, 20250112171247.743556
397789, 1, 20250112171248.743593
397849, 1, 20250112171249.743622
397909, 1, 20250112171250.743653
397969, 1, 20250112171251.743671
398029, 1, 20250112171252.743716
398089, 1, 20250112171253.743730
398149, 1, 20250112171254.743762
398209, 1, 20250112171255.743819
398269, 1, 20250112171256.743844
398329, 1, 20250112171257.743834
398389, 1, 20250112171258.743877
398449, 1, 20250112171259.743907
398509, 1, 20250112171300.743926
398569, 1, 20250112171301.743973
398629, 1, 20250112171302.743985
398689, 1, 20250112171303.744013
398749, 1, 20250112171304.744048
398809, 1, 20250112171305.744093
398869, 1, 20250112171306.744091
398929, 1, 20250112171307.744083
398989, 1, 20250112171308.744101
399049, 1, 20250112171309.744189
399109, 1, 20250112171310.744174
399169, 1, 20250112171311.744188
399229, 1, 20250112171312.744216
399289, 1, 20250112171313.744250
399349, 1, 20250112171314.744283
399409, 1, 20250112171315.744364
399469, 1, 20250112171316.744349
