149007, 1, 20241227133711.972990
149067, 1, 20241227133712.973020
149127, 1, 20241227133713.973044
149187, 1, 20241227133714.973090
149247, 1, 20241227133715.973107
149307, 1, 20241227133716.973133
149367, 1, 20241227133717.973155
149427, 1, 20241227133718.973196
149487, 1, 20241227133719.973236
149547, 1, 20241227133720.973270
149607, 1, 20241227133721.973285
149667, 1, 20241227133722.973310
149727, 1, 20241227133723.973335
149787, 1, 20241227133724.973364
149847, 1, 20241227133725.973396
149907, 1, 20241227133726.973428
149967, 1, 20241227133727.973458
150027, 1, 20241227133728.973491
150087, 1, 20241227133729.973537
150147, 1, 20241227133730.973572
150207, 1, 20241227133731.973570
150267, 1, 20241227133732.973593
150327, 1, 20241227133733.973635
150387, 1, 20241227133734.973669
150447, 1, 20241227133735.973696
150507, 1, 20241227133736.973726
150567, 1, 20241227133737.973741
150627, 1, 20241227133738.973778
150687, 1, 20241227133739.973817
150747, 1, 20241227133740.973840
150807, 1, 20241227133741.973878
150867, 1, 20241227133742.973903
150927, 1, 20241227133743.973925
150987, 1, 20241227133744.973958
151047, 1, 20241227133745.973989
151107, 1, 20241227133746.974019
151167, 1, 20241227133747.974031
151227, 1, 20241227133748.974073
151287, 1, 20241227133749.974108
151347, 1, 20241227133750.974136
151407, 1, 20241227133751.974153
151467, 1, 20241227133752.974180
151527, 1, 20241227133753.974225
151587, 1, 20241227133754.974247
151647, 1, 20241227133755.974277
151707, 1, 20241227133756.974311
151767, 1, 20241227133757.974342
151827, 1, 20241227133758.974386
151887, 1, 20241227133759.974416
151947, 1, 20241227133800.974438
152007, 1, 20241227133801.974458
152067, 1, 20241227133802.974496
152127, 1, 20241227133803.974509
152187, 1, 20241227133804.974534
152247, 1, 20241227133805.974589
152307, 1, 20241227133806.974611
152367, 1, 20241227133807.974630
152427, 1, 20241227133808.974673
152487, 1, 20241227133809.974715
152547, 1, 20241227133810.974726
152607, 1, 20241227133811.974759
152667, 1, 20241227133812.974787
152727, 1, 20241227133813.974832
152787, 1, 20241227133814.974845
152847, 1, 20241227133815.974870
152907, 1, 20241227133816.974898
152967, 1, 20241227133817.974942
153027, 1, 20241227133818.974973
153087, 1, 20241227133819.974983
153147, 1, 20241227133820.975024
153207, 1, 20241227133821.975041
153267, 1, 20241227133822.975074
153327, 1, 20241227133823.975110
153387, 1, 20241227133824.975153
153447, 1, 20241227133825.975173
153507, 1, 20241227133826.975204
153567, 1, 20241227133827.975246
153627, 1, 20241227133828.975281
153687, 1, 20241227133829.975284
153747, 1, 20241227133830.975315
153807, 1, 20241227133831.975353
153867, 1, 20241227133832.975379
153927, 1, 20241227133833.975388
153987, 1, 20241227133834.975439
154047, 1, 20241227133835.975464
154107, 1, 20241227133836.975485
154167, 1, 20241227133837.975537
154227, 1, 20241227133838.975577
154287, 1, 20241227133839.975572
154347, 1, 20241227133840.975617
154407, 1, 20241227133841.975627
154467, 1, 20241227133842.975678
154527, 1, 20241227133843.975707
154587, 1, 20241227133844.975730
154647, 1, 20241227133845.975763
