996599, 1, 20241227173239.041372
996659, 1, 20241227173240.041405
996719, 1, 20241227173241.041435
996779, 1, 20241227173242.041469
996839, 1, 20241227173243.041494
996899, 1, 20241227173244.041516
996959, 1, 20241227173245.041553
997019, 1, 20241227173246.041584
997079, 1, 20241227173247.041608
997139, 1, 20241227173248.041652
997199, 1, 20241227173249.041670
997259, 1, 20241227173250.041757
997319, 1, 20241227173251.041709
997379, 1, 20241227173252.041766
997439, 1, 20241227173253.041784
997499, 1, 20241227173254.041799
997559, 1, 20241227173255.041836
997619, 1, 20241227173256.041872
997679, 1, 20241227173257.041914
997739, 1, 20241227173258.041940
997799, 1, 20241227173259.041959
997859, 1, 20241227173300.041993
997919, 1, 20241227173301.042043
997979, 1, 20241227173302.042071
998039, 1, 20241227173303.042080
998099, 1, 20241227173304.042100
998159, 1, 20241227173305.042143
998219, 1, 20241227173306.042179
