235781, 1, 20250116084947.012829
235841, 1, 20250116084948.012860
235901, 1, 20250116084949.012907
235961, 1, 20250116084950.012931
236021, 1, 20250116084951.012955
236081, 1, 20250116084952.012975
236141, 1, 20250116084953.013005
236201, 1, 20250116084954.013039
236261, 1, 20250116084955.013052
236321, 1, 20250116084956.013100
236381, 1, 20250116084957.013115
236441, 1, 20250116084958.013155
236501, 1, 20250116084959.013211
236561, 1, 20250116085000.013238
236621, 1, 20250116085001.013257
236681, 1, 20250116085002.013282
236741, 1, 20250116085003.013303
236801, 1, 20250116085004.013331
236861, 1, 20250116085005.013364
236921, 1, 20250116085006.013390
236981, 1, 20250116085007.013421
237041, 1, 20250116085008.013448
237101, 1, 20250116085009.013500
237161, 1, 20250116085010.013540
237221, 1, 20250116085011.013537
237281, 1, 20250116085012.013572
237341, 1, 20250116085013.013597
237401, 1, 20250116085014.013641
237461, 1, 20250116085015.013668
237521, 1, 20250116085016.013693
237581, 1, 20250116085017.013721
237641, 1, 20250116085018.013745
237701, 1, 20250116085019.013768
237761, 1, 20250116085020.013808
237821, 1, 20250116085021.013829
237881, 1, 20250116085022.013853
237941, 1, 20250116085023.013896
238001, 1, 20250116085024.013923
