228521, 1, 20250112162547.506503
228581, 1, 20250112162548.506524
228641, 1, 20250112162549.506582
228701, 1, 20250112162550.506609
228761, 1, 20250112162551.506618
228821, 1, 20250112162552.506656
228881, 1, 20250112162553.506668
228941, 1, 20250112162554.506712
229001, 1, 20250112162555.506733
229061, 1, 20250112162556.506767
229121, 1, 20250112162557.506830
229181, 1, 20250112162558.506825
229241, 1, 20250112162559.506874
229301, 1, 20250112162600.506877
229361, 1, 20250112162601.506902
229421, 1, 20250112162602.506941
229481, 1, 20250112162603.506962
229541, 1, 20250112162604.507005
229601, 1, 20250112162605.507024
229661, 1, 20250112162606.507055
229721, 1, 20250112162607.507078
229781, 1, 20250112162608.507111
229841, 1, 20250112162609.507138
229901, 1, 20250112162610.507166
229961, 1, 20250112162611.507184
230021, 1, 20250112162612.507229
230081, 1, 20250112162613.507241
230141, 1, 20250112162614.507271
230201, 1, 20250112162615.507302
230261, 1, 20250112162616.507335
230321, 1, 20250112162617.507357
230381, 1, 20250112162618.507406
230441, 1, 20250112162619.507460
230501, 1, 20250112162620.507461
230561, 1, 20250112162621.507472
230621, 1, 20250112162622.507518
230681, 1, 20250112162623.507536
230741, 1, 20250112162624.507561
230801, 1, 20250112162625.507587
230861, 1, 20250112162626.507627
