461819, 1, 20250111230312.811182
461879, 1, 20250111230313.811193
461939, 1, 20250111230314.811229
461999, 1, 20250111230315.811280
462059, 1, 20250111230316.811296
462119, 1, 20250111230317.811320
462179, 1, 20250111230318.811355
462239, 1, 20250111230319.811373
462299, 1, 20250111230320.811415
462359, 1, 20250111230321.811431
462419, 1, 20250111230322.811464
462479, 1, 20250111230323.811482
462539, 1, 20250111230324.811523
462599, 1, 20250111230325.811566
462659, 1, 20250111230326.811599
462719, 1, 20250111230327.811599
462779, 1, 20250111230328.811640
462839, 1, 20250111230329.811660
462899, 1, 20250111230330.811697
462959, 1, 20250111230331.811723
463019, 1, 20250111230332.811749
463079, 1, 20250111230333.811780
463139, 1, 20250111230334.811825
463199, 1, 20250111230335.811857
463259, 1, 20250111230336.811880
463319, 1, 20250111230337.811896
463379, 1, 20250111230338.811930
463439, 1, 20250111230339.811961
463499, 1, 20250111230340.811979
463559, 1, 20250111230341.812002
463619, 1, 20250111230342.812041
463679, 1, 20250111230343.812071
463739, 1, 20250111230344.812123
463799, 1, 20250111230345.812158
463859, 1, 20250111230346.812145
463919, 1, 20250111230347.812182
463979, 1, 20250111230348.812215
464039, 1, 20250111230349.812237
464099, 1, 20250111230350.812273
464159, 1, 20250111230351.812303
