202101, 1, 20250111215104.009396
202161, 1, 20250111215105.009417
202221, 1, 20250111215106.009451
202281, 1, 20250111215107.009486
202341, 1, 20250111215108.009547
202401, 1, 20250111215109.009551
202461, 1, 20250111215110.009569
202521, 1, 20250111215111.009586
202581, 1, 20250111215112.009634
202641, 1, 20250111215113.009670
202701, 1, 20250111215114.009696
202761, 1, 20250111215115.009729
202821, 1, 20250111215116.009742
202881, 1, 20250111215117.009776
202941, 1, 20250111215118.009689
203001, 1, 20250111215119.009715
203061, 1, 20250111215120.009725
203121, 1, 20250111215121.009752
203181, 1, 20250111215122.009918
203241, 1, 20250111215123.009947
203301, 1, 20250111215124.009987
203361, 1, 20250111215125.010020
203421, 1, 20250111215126.010051
203481, 1, 20250111215127.010078
203541, 1, 20250111215128.009958
203601, 1, 20250111215129.009991
203661, 1, 20250111215130.010025
203721, 1, 20250111215131.010045
203781, 1, 20250111215132.010078
203841, 1, 20250111215133.010112
203901, 1, 20250111215134.010147
203961, 1, 20250111215135.010159
204021, 1, 20250111215136.010200
204081, 1, 20250111215137.010237
204141, 1, 20250111215138.010276
204201, 1, 20250111215139.010291
204261, 1, 20250111215140.010312
204321, 1, 20250111215141.010333
204381, 1, 20250111215142.010369
204441, 1, 20250111215143.010395
