15327, 1, 20250120100918.282964
15387, 1, 20250120100919.283035
15447, 1, 20250120100920.283034
15507, 1, 20250120100921.283055
15567, 1, 20250120100922.283078
15627, 1, 20250120100923.283129
15687, 1, 20250120100924.283148
15747, 1, 20250120100925.283211
15807, 1, 20250120100926.283229
15867, 1, 20250120100927.283308
15927, 1, 20250120100928.283292
15987, 1, 20250120100929.283355
16047, 1, 20250120100930.283353
16107, 1, 20250120100931.283376
16167, 1, 20250120100932.283418
16227, 1, 20250120100933.283449
16287, 1, 20250120100934.283467
16347, 1, 20250120100935.283507
16407, 1, 20250120100936.283570
16467, 1, 20250120100937.283561
16527, 1, 20250120100938.283606
16587, 1, 20250120100939.283649
16647, 1, 20250120100940.283600
16707, 1, 20250120100941.283682
16767, 1, 20250120100942.283723
16827, 1, 20250120100943.283753
16887, 1, 20250120100944.283770
16947, 1, 20250120100945.283790
17007, 1, 20250120100946.283826
17067, 1, 20250120100947.283822
17127, 1, 20250120100948.283855
17187, 1, 20250120100949.283915
17247, 1, 20250120100950.283956
17307, 1, 20250120100951.283986
17367, 1, 20250120100952.283990
17427, 1, 20250120100953.284060
17487, 1, 20250120100954.284027
17547, 1, 20250120100955.284091
17607, 1, 20250120100956.284156
17667, 1, 20250120100957.284161
17727, 1, 20250120100958.284148
17787, 1, 20250120100959.284253
17847, 1, 20250120101000.284251
17907, 1, 20250120101001.284281
17967, 1, 20250120101002.284328
18027, 1, 20250120101003.284358
18087, 1, 20250120101004.284365
18147, 1, 20250120101005.284424
18207, 1, 20250120101006.284434
18267, 1, 20250120101007.284454
18327, 1, 20250120101008.284488
18387, 1, 20250120101009.284508
18447, 1, 20250120101010.284591
18507, 1, 20250120101011.284620
18567, 1, 20250120101012.284616
18627, 1, 20250120101013.284648
18687, 1, 20250120101014.284658
18747, 1, 20250120101015.284691
18807, 1, 20250120101016.284719
18867, 1, 20250120101017.284753
18927, 1, 20250120101018.284819
18987, 1, 20250120101019.284816
19047, 1, 20250120101020.284854
19107, 1, 20250120101021.284908
19167, 1, 20250120101022.284936
19227, 1, 20250120101023.284962
19287, 1, 20250120101024.284993
19347, 1, 20250120101025.285003
19407, 1, 20250120101026.285038
19467, 1, 20250120101027.285093
19527, 1, 20250120101028.285121
19587, 1, 20250120101029.285145
19647, 1, 20250120101030.285182
19707, 1, 20250120101031.285233
19767, 1, 20250120101032.285260
19827, 1, 20250120101033.285271
19887, 1, 20250120101034.285294
19947, 1, 20250120101035.285336
20007, 1, 20250120101036.285357
20067, 1, 20250120101037.285389
20127, 1, 20250120101038.285410
20187, 1, 20250120101039.285451
20247, 1, 20250120101040.285514
20307, 1, 20250120101041.285526
20367, 1, 20250120101042.285528
20427, 1, 20250120101043.285571
20487, 1, 20250120101044.285587
20547, 1, 20250120101045.285619
20607, 1, 20250120101046.285656
20667, 1, 20250120101047.285687
20727, 1, 20250120101048.285712
20787, 1, 20250120101049.285742
20847, 1, 20250120101050.285768
20907, 1, 20250120101051.285806
20967, 1, 20250120101052.285810
21027, 1, 20250120101053.285856
21087, 1, 20250120101054.285885
21147, 1, 20250120101055.285910
21207, 1, 20250120101056.285949
21267, 1, 20250120101057.285976
21327, 1, 20250120101058.286006
21387, 1, 20250120101059.286048
21447, 1, 20250120101100.286083
21507, 1, 20250120101101.286114
21567, 1, 20250120101102.286124
21627, 1, 20250120101103.286159
21687, 1, 20250120101104.286181
21747, 1, 20250120101105.286209
21807, 1, 20250120101106.286242
21867, 1, 20250120101107.286267
21927, 1, 20250120101108.286295
21987, 1, 20250120101109.286337
22047, 1, 20250120101110.286382
22107, 1, 20250120101111.286408
22167, 1, 20250120101112.286413
22227, 1, 20250120101113.286456
22287, 1, 20250120101114.286472
22347, 1, 20250120101115.286510
22407, 1, 20250120101116.286534
22467, 1, 20250120101117.286555
22527, 1, 20250120101118.286593
22587, 1, 20250120101119.286628
22647, 1, 20250120101120.286652
22707, 1, 20250120101121.286678
22767, 1, 20250120101122.286711
22827, 1, 20250120101123.286745
22887, 1, 20250120101124.286767
22947, 1, 20250120101125.286792
23007, 1, 20250120101126.286834
23067, 1, 20250120101127.286860
23127, 1, 20250120101128.286885
23187, 1, 20250120101129.286921
23247, 1, 20250120101130.286958
23307, 1, 20250120101131.286984
23367, 1, 20250120101132.287006
23427, 1, 20250120101133.287046
23487, 1, 20250120101134.287070
23547, 1, 20250120101135.287100
23607, 1, 20250120101136.287122
23667, 1, 20250120101137.287152
23727, 1, 20250120101138.287163
23787, 1, 20250120101139.287230
23847, 1, 20250120101140.287265
23907, 1, 20250120101141.287275
23967, 1, 20250120101142.287284
24027, 1, 20250120101143.287333
24087, 1, 20250120101144.287354
24147, 1, 20250120101145.287392
24207, 1, 20250120101146.287414
24267, 1, 20250120101147.287440
24327, 1, 20250120101148.287470
24387, 1, 20250120101149.287520
24447, 1, 20250120101150.287533
24507, 1, 20250120101151.287561
24567, 1, 20250120101152.287586
24627, 1, 20250120101153.287622
24687, 1, 20250120101154.287643
24747, 1, 20250120101155.287691
24807, 1, 20250120101156.287698
24867, 1, 20250120101157.287730
24927, 1, 20250120101158.287777
24987, 1, 20250120101159.287806
25047, 1, 20250120101200.287826
25107, 1, 20250120101201.287860
25167, 1, 20250120101202.287881
25227, 1, 20250120101203.287899
25287, 1, 20250120101204.287947
25347, 1, 20250120101205.287979
25407, 1, 20250120101206.288000
25467, 1, 20250120101207.288032
25527, 1, 20250120101208.288073
25587, 1, 20250120101209.288103
25647, 1, 20250120101210.288114
25707, 1, 20250120101211.288152
25767, 1, 20250120101212.288173
25827, 1, 20250120101213.288207
25887, 1, 20250120101214.288232
25947, 1, 20250120101215.288268
26007, 1, 20250120101216.288292
26067, 1, 20250120101217.288327
