178809, 1, 20250116083357.442085
178869, 1, 20250116083358.442110
178929, 1, 20250116083359.442136
178989, 1, 20250116083400.442177
179049, 1, 20250116083401.442210
179109, 1, 20250116083402.442234
179169, 1, 20250116083403.442267
179229, 1, 20250116083404.442289
179289, 1, 20250116083405.442321
179349, 1, 20250116083406.442380
179409, 1, 20250116083407.442416
179469, 1, 20250116083408.442411
179529, 1, 20250116083409.442426
179589, 1, 20250116083410.442475
179649, 1, 20250116083411.442491
179709, 1, 20250116083412.442532
179769, 1, 20250116083413.442567
179829, 1, 20250116083414.442589
179889, 1, 20250116083415.442616
179949, 1, 20250116083416.442673
