117573, 1, 20250112155458.304886
117633, 1, 20250112155459.304953
117693, 1, 20250112155500.304972
117753, 1, 20250112155501.305012
117813, 1, 20250112155502.304985
117873, 1, 20250112155503.305014
117933, 1, 20250112155504.305063
117993, 1, 20250112155505.305068
118053, 1, 20250112155506.305097
118113, 1, 20250112155507.305172
118173, 1, 20250112155508.305157
118233, 1, 20250112155509.305193
118293, 1, 20250112155510.305222
118353, 1, 20250112155511.305283
118413, 1, 20250112155512.305286
118473, 1, 20250112155513.305347
118533, 1, 20250112155514.305392
118593, 1, 20250112155515.305476
118653, 1, 20250112155516.305398
118713, 1, 20250112155517.305468
118773, 1, 20250112155518.305465
118833, 1, 20250112155519.305561
118893, 1, 20250112155520.305565
118953, 1, 20250112155521.305545
119013, 1, 20250112155522.305627
119073, 1, 20250112155523.305651
119133, 1, 20250112155524.305686
119193, 1, 20250112155525.305743
119253, 1, 20250112155526.305747
119313, 1, 20250112155527.305766
119373, 1, 20250112155528.305864
119433, 1, 20250112155529.305895
119493, 1, 20250112155530.305916
119553, 1, 20250112155531.305947
119613, 1, 20250112155532.305974
119673, 1, 20250112155533.306020
119733, 1, 20250112155534.306056
119793, 1, 20250112155535.306050
119853, 1, 20250112155536.306102
119913, 1, 20250112155537.306116
119973, 1, 20250112155538.306152
120033, 1, 20250112155539.306171
120093, 1, 20250112155540.306199
120153, 1, 20250112155541.306228
120213, 1, 20250112155542.306262
120273, 1, 20250112155543.306309
120333, 1, 20250112155544.306344
120393, 1, 20250112155545.306361
120453, 1, 20250112155546.306379
120513, 1, 20250112155547.306401
120573, 1, 20250112155548.306430
120633, 1, 20250112155549.306466
120693, 1, 20250112155550.306496
120753, 1, 20250112155551.306523
