77321, 1, 20250110140343.237585
77381, 1, 20250110140344.237592
77441, 1, 20250110140345.237612
77501, 1, 20250110140346.237646
77561, 1, 20250110140347.237686
77621, 1, 20250110140348.237710
77681, 1, 20250110140349.237723
77741, 1, 20250110140350.237769
77801, 1, 20250110140351.237794
77861, 1, 20250110140352.237814
77921, 1, 20250110140353.237846
77981, 1, 20250110140354.237880
78041, 1, 20250110140355.237905
78101, 1, 20250110140356.237929
78161, 1, 20250110140357.237966
78221, 1, 20250110140358.237993
78281, 1, 20250110140359.238017
78341, 1, 20250110140400.238061
78401, 1, 20250110140401.238076
78461, 1, 20250110140402.238127
78521, 1, 20250110140403.238148
78581, 1, 20250110140404.238172
78641, 1, 20250110140405.238210
78701, 1, 20250110140406.238225
78761, 1, 20250110140407.238259
78821, 1, 20250110140408.238297
78881, 1, 20250110140409.238333
78941, 1, 20250110140410.238342
79001, 1, 20250110140411.238364
79061, 1, 20250110140412.238430
79121, 1, 20250110140413.238446
79181, 1, 20250110140414.238468
79241, 1, 20250110140415.238495
79301, 1, 20250110140416.238523
79361, 1, 20250110140417.238545
79421, 1, 20250110140418.238586
79481, 1, 20250110140419.238607
79541, 1, 20250110140420.238640
79601, 1, 20250110140421.238702
79661, 1, 20250110140422.238696
79721, 1, 20250110140423.238722
79781, 1, 20250110140424.238758
79841, 1, 20250110140425.238790
79901, 1, 20250110140426.238817
79961, 1, 20250110140427.238835
80021, 1, 20250110140428.238877
80081, 1, 20250110140429.238898
80141, 1, 20250110140430.238932
80201, 1, 20250110140431.238981
80261, 1, 20250110140432.239012
80321, 1, 20250110140433.239023
80381, 1, 20250110140434.239041
80441, 1, 20250110140435.239073
80501, 1, 20250110140436.239105
80561, 1, 20250110140437.239134
80621, 1, 20250110140438.239168
80681, 1, 20250110140439.239197
80741, 1, 20250110140440.239228
80801, 1, 20250110140441.239270
80861, 1, 20250110140442.239300
80921, 1, 20250110140443.239318
80981, 1, 20250110140444.239360
81041, 1, 20250110140445.239372
81101, 1, 20250110140446.239394
81161, 1, 20250110140447.239430
81221, 1, 20250110140448.239463
81281, 1, 20250110140449.239484
81341, 1, 20250110140450.239546
81401, 1, 20250110140451.239547
81461, 1, 20250110140452.239581
81521, 1, 20250110140453.239607
81581, 1, 20250110140454.239639
81641, 1, 20250110140455.239670
81701, 1, 20250110140456.239695
81761, 1, 20250110140457.239726
81821, 1, 20250110140458.239749
81881, 1, 20250110140459.239783
81941, 1, 20250110140500.239809
82001, 1, 20250110140501.239842
82061, 1, 20250110140502.239870
82121, 1, 20250110140503.239894
82181, 1, 20250110140504.239933
82241, 1, 20250110140505.239960
82301, 1, 20250110140506.239976
82361, 1, 20250110140507.240022
82421, 1, 20250110140508.240044
82481, 1, 20250110140509.240071
82541, 1, 20250110140510.240114
82601, 1, 20250110140511.240161
82661, 1, 20250110140512.240160
82721, 1, 20250110140513.240182
82781, 1, 20250110140514.240217
82841, 1, 20250110140515.240252
82901, 1, 20250110140516.240274
82961, 1, 20250110140517.240296
83021, 1, 20250110140518.240342
83081, 1, 20250110140519.240371
83141, 1, 20250110140520.240412
83201, 1, 20250110140521.240427
83261, 1, 20250110140522.240449
83321, 1, 20250110140523.240477
83381, 1, 20250110140524.240508
83441, 1, 20250110140525.240526
83501, 1, 20250110140526.240561
83561, 1, 20250110140527.240602
83621, 1, 20250110140528.240627
83681, 1, 20250110140529.240653
83741, 1, 20250110140530.240685
83801, 1, 20250110140531.240713
83861, 1, 20250110140532.240741
83921, 1, 20250110140533.240762
83981, 1, 20250110140534.240790
84041, 1, 20250110140535.240827
84101, 1, 20250110140536.240859
84161, 1, 20250110140537.240883
84221, 1, 20250110140538.240912
84281, 1, 20250110140539.240969
84341, 1, 20250110140540.240997
84401, 1, 20250110140541.240998
84461, 1, 20250110140542.241043
84521, 1, 20250110140543.241081
84581, 1, 20250110140544.241086
84641, 1, 20250110140545.241122
84701, 1, 20250110140546.241147
84761, 1, 20250110140547.241185
84821, 1, 20250110140548.241206
84881, 1, 20250110140549.241248
84941, 1, 20250110140550.241287
85001, 1, 20250110140551.241286
85061, 1, 20250110140552.241323
85121, 1, 20250110140553.241352
85181, 1, 20250110140554.241388
85241, 1, 20250110140555.241410
85301, 1, 20250110140556.241442
85361, 1, 20250110140557.241466
85421, 1, 20250110140558.241498
85481, 1, 20250110140559.241529
85541, 1, 20250110140600.241566
85601, 1, 20250110140601.241584
85661, 1, 20250110140602.241612
85721, 1, 20250110140603.241650
85781, 1, 20250110140604.241677
85841, 1, 20250110140605.241700
85901, 1, 20250110140606.241746
85961, 1, 20250110140607.241767
86021, 1, 20250110140608.241796
86081, 1, 20250110140609.241847
86141, 1, 20250110140610.241848
86201, 1, 20250110140611.241885
86261, 1, 20250110140612.241914
86321, 1, 20250110140613.241945
86381, 1, 20250110140614.241974
86441, 1, 20250110140615.241990
86501, 1, 20250110140616.242025
86561, 1, 20250110140617.242060
86621, 1, 20250110140618.242108
86681, 1, 20250110140619.242132
86741, 1, 20250110140620.242141
86801, 1, 20250110140621.242172
86861, 1, 20250110140622.242204
86921, 1, 20250110140623.242213
86981, 1, 20250110140624.242261
87041, 1, 20250110140625.242288
87101, 1, 20250110140626.242317
87161, 1, 20250110140627.242334
87221, 1, 20250110140628.242390
87281, 1, 20250110140629.242412
87341, 1, 20250110140630.242428
87401, 1, 20250110140631.242466
87461, 1, 20250110140632.242492
87521, 1, 20250110140633.242518
87581, 1, 20250110140634.242543
87641, 1, 20250110140635.242568
87701, 1, 20250110140636.242609
87761, 1, 20250110140637.242638
87821, 1, 20250110140638.242639
87881, 1, 20250110140639.242668
87941, 1, 20250110140640.242708
88001, 1, 20250110140641.242734
