456637, 1, 20250116095108.088764
456697, 1, 20250116095109.088800
456757, 1, 20250116095110.088833
456817, 1, 20250116095111.088731
456877, 1, 20250116095112.088749
456937, 1, 20250116095113.088779
456997, 1, 20250116095114.088813
457057, 1, 20250116095115.088854
457117, 1, 20250116095116.088870
457177, 1, 20250116095117.088905
457237, 1, 20250116095118.088922
457297, 1, 20250116095119.088956
457357, 1, 20250116095120.088985
457417, 1, 20250116095121.089029
457477, 1, 20250116095122.089067
457537, 1, 20250116095123.089078
457597, 1, 20250116095124.089106
457657, 1, 20250116095125.089266
457717, 1, 20250116095126.089286
457777, 1, 20250116095127.089323
