257311, 1, 20250116085545.860080
257371, 1, 20250116085546.860132
257431, 1, 20250116085547.860142
257491, 1, 20250116085548.860173
257551, 1, 20250116085549.860215
257611, 1, 20250116085550.860246
257671, 1, 20250116085551.860268
257731, 1, 20250116085552.860297
257791, 1, 20250116085553.860322
257851, 1, 20250116085554.860357
257911, 1, 20250116085555.860357
257971, 1, 20250116085556.860416
258031, 1, 20250116085557.860433
258091, 1, 20250116085558.860467
258151, 1, 20250116085559.860488
258211, 1, 20250116085600.860531
258271, 1, 20250116085601.860536
258331, 1, 20250116085602.860578
258391, 1, 20250116085603.860632
258451, 1, 20250116085604.860645
258511, 1, 20250116085605.860666
258571, 1, 20250116085606.860701
258631, 1, 20250116085607.860727
258691, 1, 20250116085608.860761
258751, 1, 20250116085609.860779
258811, 1, 20250116085610.860812
258871, 1, 20250116085611.860840
258931, 1, 20250116085612.860887
258991, 1, 20250116085613.860920
259051, 1, 20250116085614.860933
259111, 1, 20250116085615.860951
259171, 1, 20250116085616.860979
259231, 1, 20250116085617.861005
259291, 1, 20250116085618.861033
259351, 1, 20250116085619.861071
259411, 1, 20250116085620.861104
259471, 1, 20250116085621.861115
259531, 1, 20250116085622.861179
259591, 1, 20250116085623.861171
259651, 1, 20250116085624.861210
259711, 1, 20250116085625.861232
259771, 1, 20250116085626.861267
259831, 1, 20250116085627.861299
259891, 1, 20250116085628.861308
259951, 1, 20250116085629.861354
260011, 1, 20250116085630.861387
260071, 1, 20250116085631.861409
260131, 1, 20250116085632.861438
260191, 1, 20250116085633.861458
260251, 1, 20250116085634.861499
260311, 1, 20250116085635.861526
260371, 1, 20250116085636.861555
260431, 1, 20250116085637.861569
260491, 1, 20250116085638.861615
260551, 1, 20250116085639.861633
260611, 1, 20250116085640.861661
260671, 1, 20250116085641.861708
260731, 1, 20250116085642.861747
260791, 1, 20250116085643.861737
260851, 1, 20250116085644.861777
260911, 1, 20250116085645.861794
260971, 1, 20250116085646.861840
261031, 1, 20250116085647.861870
261091, 1, 20250116085648.861884
261151, 1, 20250116085649.861917
261211, 1, 20250116085650.861936
261271, 1, 20250116085651.861998
261331, 1, 20250116085652.862021
261391, 1, 20250116085653.862041
261451, 1, 20250116085654.862062
261511, 1, 20250116085655.862088
261571, 1, 20250116085656.862124
261631, 1, 20250116085657.862145
261691, 1, 20250116085658.862181
261751, 1, 20250116085659.862209
261811, 1, 20250116085700.862235
261871, 1, 20250116085701.862256
261931, 1, 20250116085702.862286
261991, 1, 20250116085703.862319
262051, 1, 20250116085704.862344
262111, 1, 20250116085705.862365
262171, 1, 20250116085706.862405
262231, 1, 20250116085707.862436
262291, 1, 20250116085708.862454
262351, 1, 20250116085709.862483
262411, 1, 20250116085710.862534
262471, 1, 20250116085711.862564
262531, 1, 20250116085712.862571
262591, 1, 20250116085713.862593
262651, 1, 20250116085714.862632
262711, 1, 20250116085715.862657
262771, 1, 20250116085716.862690
262831, 1, 20250116085717.862704
262891, 1, 20250116085718.862749
262951, 1, 20250116085719.862770
263011, 1, 20250116085720.862832
263071, 1, 20250116085721.862840
263131, 1, 20250116085722.862853
263191, 1, 20250116085723.862898
263251, 1, 20250116085724.862925
263311, 1, 20250116085725.862945
263371, 1, 20250116085726.862973
263431, 1, 20250116085727.863004
263491, 1, 20250116085728.863038
263551, 1, 20250116085729.863065
263611, 1, 20250116085730.863096
263671, 1, 20250116085731.863110
263731, 1, 20250116085732.863141
263791, 1, 20250116085733.863161
263851, 1, 20250116085734.863198
263911, 1, 20250116085735.863213
263971, 1, 20250116085736.863252
264031, 1, 20250116085737.863275
264091, 1, 20250116085738.863293
264151, 1, 20250116085739.863332
264211, 1, 20250116085740.863360
264271, 1, 20250116085741.863390
264331, 1, 20250116085742.863420
264391, 1, 20250116085743.863439
264451, 1, 20250116085744.863471
264511, 1, 20250116085745.863502
264571, 1, 20250116085746.863514
264631, 1, 20250116085747.863545
264691, 1, 20250116085748.863586
264751, 1, 20250116085749.863619
264811, 1, 20250116085750.863646
264871, 1, 20250116085751.863715
264931, 1, 20250116085752.863758
264991, 1, 20250116085753.863766
265051, 1, 20250116085754.863800
265111, 1, 20250116085755.863808
265171, 1, 20250116085756.863852
265231, 1, 20250116085757.863923
265291, 1, 20250116085758.863912
265351, 1, 20250116085759.863985
265411, 1, 20250116085800.863966
265471, 1, 20250116085801.864093
265531, 1, 20250116085802.864057
