378851, 1, 20241223165132.957374
378911, 1, 20241223165133.957393
378971, 1, 20241223165134.957434
379031, 1, 20241223165135.957463
379091, 1, 20241223165136.957492
379151, 1, 20241223165137.957529
379211, 1, 20241223165138.957561
379271, 1, 20241223165139.957577
379331, 1, 20241223165140.957629
379391, 1, 20241223165141.957638
379451, 1, 20241223165142.957676
379511, 1, 20241223165143.957696
379571, 1, 20241223165144.957711
379631, 1, 20241223165145.957762
379691, 1, 20241223165146.957804
379751, 1, 20241223165147.957812
379811, 1, 20241223165148.957832
379871, 1, 20241223165149.957878
379931, 1, 20241223165150.957904
379991, 1, 20241223165151.957927
380051, 1, 20241223165152.957961
380111, 1, 20241223165153.957988
380171, 1, 20241223165154.958033
380231, 1, 20241223165155.958051
380291, 1, 20241223165156.958086
380351, 1, 20241223165157.958106
380411, 1, 20241223165158.958134
380471, 1, 20241223165159.958170
380531, 1, 20241223165200.958215
380591, 1, 20241223165201.958228
380651, 1, 20241223165202.958262
