28303, 1, 20250111193729.152303
28363, 1, 20250111193730.152342
28423, 1, 20250111193731.152364
28483, 1, 20250111193732.152389
28543, 1, 20250111193733.152428
28603, 1, 20250111193734.152443
28663, 1, 20250111193735.152482
28723, 1, 20250111193736.152512
28783, 1, 20250111193737.152535
28843, 1, 20250111193738.152571
28903, 1, 20250111193739.152592
28963, 1, 20250111193740.152645
29023, 1, 20250111193741.152662
29083, 1, 20250111193742.152684
29143, 1, 20250111193743.152718
29203, 1, 20250111193744.152743
29263, 1, 20250111193745.152785
29323, 1, 20250111193746.152805
29383, 1, 20250111193747.152847
29443, 1, 20250111193748.152872
29503, 1, 20250111193749.152915
29563, 1, 20250111193750.152947
29623, 1, 20250111193751.152954
29683, 1, 20250111193752.152990
29743, 1, 20250111193753.153018
29803, 1, 20250111193754.153042
29863, 1, 20250111193755.153081
29923, 1, 20250111193756.153103
29983, 1, 20250111193757.153139
30043, 1, 20250111193758.153165
30103, 1, 20250111193759.153223
30163, 1, 20250111193800.153219
30223, 1, 20250111193801.153259
30283, 1, 20250111193802.153278
30343, 1, 20250111193803.153307
30403, 1, 20250111193804.153338
30463, 1, 20250111193805.153372
30523, 1, 20250111193806.153396
30583, 1, 20250111193807.153436
30643, 1, 20250111193808.153466
30703, 1, 20250111193809.153497
30763, 1, 20250111193810.153515
30823, 1, 20250111193811.153559
30883, 1, 20250111193812.153593
30943, 1, 20250111193813.153613
