233559, 1, 20250111215948.329777
233619, 1, 20250111215949.329821
233679, 1, 20250111215950.329814
233739, 1, 20250111215951.329854
233799, 1, 20250111215952.329880
233859, 1, 20250111215953.329920
233919, 1, 20250111215954.329938
233979, 1, 20250111215955.329978
234039, 1, 20250111215956.329996
234099, 1, 20250111215957.330025
234159, 1, 20250111215958.330051
234219, 1, 20250111215959.330091
234279, 1, 20250111220000.330110
234339, 1, 20250111220001.330007
234399, 1, 20250111220002.330032
234459, 1, 20250111220003.330068
234519, 1, 20250111220004.330099
234579, 1, 20250111220005.330262
234639, 1, 20250111220006.330296
234699, 1, 20250111220007.330204
234759, 1, 20250111220008.330204
234819, 1, 20250111220009.330236
234879, 1, 20250111220010.330269
234939, 1, 20250111220011.330305
234999, 1, 20250111220012.330341
235059, 1, 20250111220013.330360
235119, 1, 20250111220014.330535
235179, 1, 20250111220015.330419
235239, 1, 20250111220016.330456
235299, 1, 20250111220017.330487
235359, 1, 20250111220018.330530
235419, 1, 20250111220019.330526
235479, 1, 20250111220020.330569
235539, 1, 20250111220021.330590
235599, 1, 20250111220022.330616
235659, 1, 20250111220023.330661
235719, 1, 20250111220024.330682
235779, 1, 20250111220025.330710
235839, 1, 20250111220026.330744
235899, 1, 20250111220027.330799
