204525, 1, 20250116084106.058970
204585, 1, 20250116084107.059021
204645, 1, 20250116084108.059046
204705, 1, 20250116084109.059066
204765, 1, 20250116084110.059089
204825, 1, 20250116084111.059122
204885, 1, 20250116084112.059147
204945, 1, 20250116084113.059185
205005, 1, 20250116084114.059223
205065, 1, 20250116084115.059271
205125, 1, 20250116084116.059265
205185, 1, 20250116084117.059313
205245, 1, 20250116084118.059330
205305, 1, 20250116084119.059364
205365, 1, 20250116084120.059386
205425, 1, 20250116084121.059417
205485, 1, 20250116084122.059452
205545, 1, 20250116084123.059479
205605, 1, 20250116084124.059514
205665, 1, 20250116084125.059564
205725, 1, 20250116084126.059564
205785, 1, 20250116084127.059590
205845, 1, 20250116084128.059632
205905, 1, 20250116084129.059652
205965, 1, 20250116084130.059688
206025, 1, 20250116084131.059712
206085, 1, 20250116084132.059737
206145, 1, 20250116084133.059767
206205, 1, 20250116084134.059794
206265, 1, 20250116084135.059835
206325, 1, 20250116084136.059855
206385, 1, 20250116084137.059883
206445, 1, 20250116084138.059927
206505, 1, 20250116084139.059972
206565, 1, 20250116084140.059976
206625, 1, 20250116084141.060013
206685, 1, 20250116084142.060043
206745, 1, 20250116084143.060084
206805, 1, 20250116084144.060108
206865, 1, 20250116084145.060108
206925, 1, 20250116084146.060167
206985, 1, 20250116084147.060180
207045, 1, 20250116084148.060216
207105, 1, 20250116084149.060243
207165, 1, 20250116084150.060272
207225, 1, 20250116084151.060295
207285, 1, 20250116084152.060333
207345, 1, 20250116084153.060390
207405, 1, 20250116084154.060416
207465, 1, 20250116084155.060417
207525, 1, 20250116084156.060445
207585, 1, 20250116084157.060477
207645, 1, 20250116084158.060512
207705, 1, 20250116084159.060551
207765, 1, 20250116084200.060573
207825, 1, 20250116084201.060599
207885, 1, 20250116084202.060633
207945, 1, 20250116084203.060673
208005, 1, 20250116084204.060689
208065, 1, 20250116084205.060722
208125, 1, 20250116084206.060743
208185, 1, 20250116084207.060770
208245, 1, 20250116084208.060802
208305, 1, 20250116084209.060827
208365, 1, 20250116084210.060859
208425, 1, 20250116084211.060890
208485, 1, 20250116084212.060924
208545, 1, 20250116084213.060944
208605, 1, 20250116084214.060971
208665, 1, 20250116084215.061011
208725, 1, 20250116084216.061038
208785, 1, 20250116084217.061074
208845, 1, 20250116084218.061091
208905, 1, 20250116084219.061132
208965, 1, 20250116084220.061163
209025, 1, 20250116084221.061180
209085, 1, 20250116084222.061229
209145, 1, 20250116084223.061254
209205, 1, 20250116084224.061283
209265, 1, 20250116084225.061309
209325, 1, 20250116084226.061338
209385, 1, 20250116084227.061368
209445, 1, 20250116084228.061392
209505, 1, 20250116084229.061413
209565, 1, 20250116084230.061448
209625, 1, 20250116084231.061477
209685, 1, 20250116084232.061518
209745, 1, 20250116084233.061556
209805, 1, 20250116084234.061562
209865, 1, 20250116084235.061600
209925, 1, 20250116084236.061636
209985, 1, 20250116084237.061656
210045, 1, 20250116084238.061692
210105, 1, 20250116084239.061711
210165, 1, 20250116084240.061741
210225, 1, 20250116084241.061763
210285, 1, 20250116084242.061810
210345, 1, 20250116084243.061837
210405, 1, 20250116084244.061851
210465, 1, 20250116084245.061897
210525, 1, 20250116084246.061924
210585, 1, 20250116084247.061950
210645, 1, 20250116084248.061988
210705, 1, 20250116084249.062007
210765, 1, 20250116084250.062046
210825, 1, 20250116084251.062042
210885, 1, 20250116084252.062118
210945, 1, 20250116084253.062129
211005, 1, 20250116084254.062156
211065, 1, 20250116084255.062184
211125, 1, 20250116084256.062203
211185, 1, 20250116084257.062249
211245, 1, 20250116084258.062274
211305, 1, 20250116084259.062311
211365, 1, 20250116084300.062323
211425, 1, 20250116084301.062382
211485, 1, 20250116084302.062400
211545, 1, 20250116084303.062416
211605, 1, 20250116084304.062438
211665, 1, 20250116084305.062479
211725, 1, 20250116084306.062501
211785, 1, 20250116084307.062530
211845, 1, 20250116084308.062561
211905, 1, 20250116084309.062599
211965, 1, 20250116084310.062608
212025, 1, 20250116084311.062669
212085, 1, 20250116084312.062683
212145, 1, 20250116084313.062712
212205, 1, 20250116084314.062742
212265, 1, 20250116084315.062777
212325, 1, 20250116084316.062781
212385, 1, 20250116084317.062824
212445, 1, 20250116084318.062854
212505, 1, 20250116084319.062897
212565, 1, 20250116084320.062920
212625, 1, 20250116084321.062941
212685, 1, 20250116084322.062976
212745, 1, 20250116084323.063002
212805, 1, 20250116084324.063021
212865, 1, 20250116084325.063060
212925, 1, 20250116084326.063080
212985, 1, 20250116084327.063121
213045, 1, 20250116084328.063141
213105, 1, 20250116084329.063177
213165, 1, 20250116084330.063220
213225, 1, 20250116084331.063267
213285, 1, 20250116084332.063275
213345, 1, 20250116084333.063292
213405, 1, 20250116084334.063314
213465, 1, 20250116084335.063348
213525, 1, 20250116084336.063384
213585, 1, 20250116084337.063410
