314261, 1, 20250106181117.006192
314321, 1, 20250106181118.006201
314381, 1, 20250106181119.006237
314441, 1, 20250106181120.006266
314501, 1, 20250106181121.006305
314561, 1, 20250106181122.006354
314621, 1, 20250106181123.006383
314681, 1, 20250106181124.006376
314741, 1, 20250106181125.006417
314801, 1, 20250106181126.006447
314861, 1, 20250106181127.006472
314921, 1, 20250106181128.006513
314981, 1, 20250106181129.006539
315041, 1, 20250106181130.006569
315101, 1, 20250106181131.006586
315161, 1, 20250106181132.006636
315221, 1, 20250106181133.006670
315281, 1, 20250106181134.006673
315341, 1, 20250106181135.006722
315401, 1, 20250106181136.006739
315461, 1, 20250106181137.006767
315521, 1, 20250106181138.006800
315581, 1, 20250106181139.006836
315641, 1, 20250106181140.006853
315701, 1, 20250106181141.006880
315761, 1, 20250106181142.006910
315821, 1, 20250106181143.006955
315881, 1, 20250106181144.006969
315941, 1, 20250106181145.007000
316001, 1, 20250106181146.007045
316061, 1, 20250106181147.007076
316121, 1, 20250106181148.007097
316181, 1, 20250106181149.007129
316241, 1, 20250106181150.007153
316301, 1, 20250106181151.007188
316361, 1, 20250106181152.007225
316421, 1, 20250106181153.007245
316481, 1, 20250106181154.007271
316541, 1, 20250106181155.007302
316601, 1, 20250106181156.007334
316661, 1, 20250106181157.007353
316721, 1, 20250106181158.007389
316781, 1, 20250106181159.007424
316841, 1, 20250106181200.007448
316901, 1, 20250106181201.007500
316961, 1, 20250106181202.007539
317021, 1, 20250106181203.007536
317081, 1, 20250106181204.007563
317141, 1, 20250106181205.007596
317201, 1, 20250106181206.007632
317261, 1, 20250106181207.007648
317321, 1, 20250106181208.007680
317381, 1, 20250106181209.007715
317441, 1, 20250106181210.007746
317501, 1, 20250106181211.007798
317561, 1, 20250106181212.007814
317621, 1, 20250106181213.007837
317681, 1, 20250106181214.007868
317741, 1, 20250106181215.007906
317801, 1, 20250106181216.007927
