155935, 1, 20250112205652.020567
155995, 1, 20250112205653.020592
156055, 1, 20250112205654.020617
156115, 1, 20250112205655.020668
156175, 1, 20250112205656.020705
156235, 1, 20250112205657.020731
156295, 1, 20250112205658.020751
156355, 1, 20250112205659.020776
156415, 1, 20250112205700.020801
156475, 1, 20250112205701.020841
156535, 1, 20250112205702.020865
156595, 1, 20250112205703.020900
156655, 1, 20250112205704.020937
156715, 1, 20250112205705.020982
156775, 1, 20250112205706.020973
156835, 1, 20250112205707.021012
156895, 1, 20250112205708.021042
156955, 1, 20250112205709.021063
157015, 1, 20250112205710.021080
157075, 1, 20250112205711.021119
157135, 1, 20250112205712.021133
157195, 1, 20250112205713.021182
157255, 1, 20250112205714.021217
157315, 1, 20250112205715.021254
157375, 1, 20250112205716.021274
157435, 1, 20250112205717.021296
157495, 1, 20250112205718.021320
157555, 1, 20250112205719.021359
157615, 1, 20250112205720.021393
157675, 1, 20250112205721.021414
157735, 1, 20250112205722.021449
157795, 1, 20250112205723.021475
157855, 1, 20250112205724.021522
157915, 1, 20250112205725.021553
157975, 1, 20250112205726.021552
158035, 1, 20250112205727.021586
158095, 1, 20250112205728.021617
158155, 1, 20250112205729.021650
158215, 1, 20250112205730.021681
158275, 1, 20250112205731.021712
158335, 1, 20250112205732.021747
158395, 1, 20250112205733.021761
158455, 1, 20250112205734.021801
158515, 1, 20250112205735.021816
158575, 1, 20250112205736.021850
158635, 1, 20250112205737.021879
