1492821, 1, 20250117193957.745073
1492881, 1, 20250117193958.745110
1492941, 1, 20250117193959.745118
1493001, 1, 20250117194000.745150
1493061, 1, 20250117194001.745181
1493121, 1, 20250117194002.745225
1493181, 1, 20250117194003.745246
1493241, 1, 20250117194004.745312
1493301, 1, 20250117194005.745326
1493361, 1, 20250117194006.745379
1493421, 1, 20250117194007.745379
1493481, 1, 20250117194008.745460
1493541, 1, 20250117194009.745465
1493601, 1, 20250117194010.745495
1493661, 1, 20250117194011.745542
1493721, 1, 20250117194012.745577
1493781, 1, 20250117194013.745577
1493841, 1, 20250117194014.745614
1493901, 1, 20250117194015.745649
1493961, 1, 20250117194016.745681
1494021, 1, 20250117194017.745707
1494081, 1, 20250117194018.745722
1494141, 1, 20250117194019.745778
1494201, 1, 20250117194020.745776
1494261, 1, 20250117194021.745827
1494321, 1, 20250117194022.745861
1494381, 1, 20250117194023.745858
1494441, 1, 20250117194024.745893
1494501, 1, 20250117194025.745918
1494561, 1, 20250117194026.745964
1494621, 1, 20250117194027.746004
1494681, 1, 20250117194028.746004
1494741, 1, 20250117194029.746074
1494801, 1, 20250117194030.746248
1494861, 1, 20250117194031.746108
1494921, 1, 20250117194032.746141
1494981, 1, 20250117194033.746179
1495041, 1, 20250117194034.746205
1495101, 1, 20250117194035.746259
1495161, 1, 20250117194036.746253
1495221, 1, 20250117194037.746319
1495281, 1, 20250117194038.746333
1495341, 1, 20250117194039.746400
1495401, 1, 20250117194040.746397
1495461, 1, 20250117194041.746459
1495521, 1, 20250117194042.746496
1495581, 1, 20250117194043.746578
1495641, 1, 20250117194044.746522
1495701, 1, 20250117194045.746606
1495761, 1, 20250117194046.746619
1495821, 1, 20250117194047.746656
1495881, 1, 20250117194048.747962
1495941, 1, 20250117194049.746747
1496001, 1, 20250117194050.746723
1496061, 1, 20250117194051.746759
1496121, 1, 20250117194052.748050
1496181, 1, 20250117194053.746697
1496241, 1, 20250117194054.746906
1496301, 1, 20250117194055.746742
1496361, 1, 20250117194056.746813
1496421, 1, 20250117194057.746846
1496481, 1, 20250117194058.746825
1496541, 1, 20250117194059.746872
1496601, 1, 20250117194100.746900
1496661, 1, 20250117194101.746917
1496721, 1, 20250117194102.747134
1496781, 1, 20250117194103.747111
1496841, 1, 20250117194104.747060
1496901, 1, 20250117194105.747065
1496961, 1, 20250117194106.747090
1497021, 1, 20250117194107.747100
1497081, 1, 20250117194108.747128
1497141, 1, 20250117194109.747348
1497201, 1, 20250117194110.747385
1497261, 1, 20250117194111.747422
1497321, 1, 20250117194112.747246
1497381, 1, 20250117194113.747479
1497441, 1, 20250117194114.747494
1497501, 1, 20250117194115.747565
1497561, 1, 20250117194116.747553
1497621, 1, 20250117194117.747597
1497681, 1, 20250117194118.747616
1497741, 1, 20250117194119.747646
1497801, 1, 20250117194120.747642
1497861, 1, 20250117194121.747681
1497921, 1, 20250117194122.747750
1497981, 1, 20250117194123.747764
1498041, 1, 20250117194124.747832
1498101, 1, 20250117194125.747817
1498161, 1, 20250117194126.747851
1498221, 1, 20250117194127.747868
1498281, 1, 20250117194128.747917
1498341, 1, 20250117194129.747941
1498401, 1, 20250117194130.747988
1498461, 1, 20250117194131.748037
1498521, 1, 20250117194132.748058
1498581, 1, 20250117194133.748137
1498641, 1, 20250117194134.748135
1498701, 1, 20250117194135.748132
1498761, 1, 20250117194136.748153
1498821, 1, 20250117194137.748179
1498881, 1, 20250117194138.749545
1498941, 1, 20250117194139.748328
1499001, 1, 20250117194140.748318
1499061, 1, 20250117194141.748331
1499121, 1, 20250117194142.748369
1499181, 1, 20250117194143.748402
1499241, 1, 20250117194144.748439
1499301, 1, 20250117194145.748485
1499361, 1, 20250117194146.748574
1499421, 1, 20250117194147.748594
1499481, 1, 20250117194148.748416
1499541, 1, 20250117194149.748496
1499601, 1, 20250117194150.748606
1499661, 1, 20250117194151.748519
1499721, 1, 20250117194152.748548
1499781, 1, 20250117194153.748573
1499841, 1, 20250117194154.748758
1499901, 1, 20250117194155.748636
1499961, 1, 20250117194156.748668
1500021, 1, 20250117194157.748691
1500081, 1, 20250117194158.748737
1500141, 1, 20250117194159.748747
1500201, 1, 20250117194200.748764
1500261, 1, 20250117194201.748819
1500321, 1, 20250117194202.748837
1500381, 1, 20250117194203.748868
1500441, 1, 20250117194204.748887
1500501, 1, 20250117194205.748923
1500561, 1, 20250117194206.748944
1500621, 1, 20250117194207.748996
1500681, 1, 20250117194208.748868
1500741, 1, 20250117194209.748904
1500801, 1, 20250117194210.748951
1500861, 1, 20250117194211.748967
1500921, 1, 20250117194212.748999
1500981, 1, 20250117194213.749039
1501041, 1, 20250117194214.749079
1501101, 1, 20250117194215.749084
1501161, 1, 20250117194216.749104
1501221, 1, 20250117194217.749138
1501281, 1, 20250117194218.749176
1501341, 1, 20250117194219.749335
1501401, 1, 20250117194220.749223
1501461, 1, 20250117194221.749254
1501521, 1, 20250117194222.749281
1501581, 1, 20250117194223.749331
1501641, 1, 20250117194224.749363
1501701, 1, 20250117194225.749378
1501761, 1, 20250117194226.749409
1501821, 1, 20250117194227.749563
1501881, 1, 20250117194228.749584
1501941, 1, 20250117194229.749629
1502001, 1, 20250117194230.749658
1502061, 1, 20250117194231.749555
1502121, 1, 20250117194232.749577
1502181, 1, 20250117194233.749591
1502241, 1, 20250117194234.749767
1502301, 1, 20250117194235.749793
1502361, 1, 20250117194236.749820
1502421, 1, 20250117194237.749854
1502481, 1, 20250117194238.749875
1502541, 1, 20250117194239.749913
1502601, 1, 20250117194240.749947
1502661, 1, 20250117194241.749970
1502721, 1, 20250117194242.749969
1502781, 1, 20250117194243.750048
1502841, 1, 20250117194244.750053
1502901, 1, 20250117194245.750087
1502961, 1, 20250117194246.750099
1503021, 1, 20250117194247.750150
1503081, 1, 20250117194248.750164
1503141, 1, 20250117194249.750194
1503201, 1, 20250117194250.750235
1503261, 1, 20250117194251.750266
1503321, 1, 20250117194252.750307
1503381, 1, 20250117194253.750341
1503441, 1, 20250117194254.750354
