15089, 1, 20250110115114.326791
15149, 1, 20250110115115.326831
15209, 1, 20250110115116.326849
15269, 1, 20250110115117.326860
15329, 1, 20250110115118.326903
15389, 1, 20250110115119.326923
15449, 1, 20250110115120.326957
15509, 1, 20250110115121.327002
15569, 1, 20250110115122.327023
15629, 1, 20250110115123.327044
15689, 1, 20250110115124.327083
15749, 1, 20250110115125.327094
15809, 1, 20250110115126.327128
15869, 1, 20250110115127.327158
15929, 1, 20250110115128.327183
15989, 1, 20250110115129.327218
16049, 1, 20250110115130.327245
16109, 1, 20250110115131.327277
16169, 1, 20250110115132.327322
16229, 1, 20250110115133.327343
16289, 1, 20250110115134.327366
16349, 1, 20250110115135.327384
16409, 1, 20250110115136.327428
16469, 1, 20250110115137.327442
16529, 1, 20250110115138.327474
16589, 1, 20250110115139.327508
16649, 1, 20250110115140.327526
16709, 1, 20250110115141.327560
16769, 1, 20250110115142.327606
16829, 1, 20250110115143.327619
16889, 1, 20250110115144.327630
16949, 1, 20250110115145.327666
17009, 1, 20250110115146.327703
17069, 1, 20250110115147.327735
17129, 1, 20250110115148.327759
17189, 1, 20250110115149.327789
17249, 1, 20250110115150.327819
17309, 1, 20250110115151.327855
17369, 1, 20250110115152.327874
17429, 1, 20250110115153.327909
17489, 1, 20250110115154.327941
