389349, 1, 20250107154937.575767
389409, 1, 20250107154938.575877
389469, 1, 20250107154939.575900
389529, 1, 20250107154940.575873
389589, 1, 20250107154941.575963
389649, 1, 20250107154942.575911
389709, 1, 20250107154943.575942
389769, 1, 20250107154944.576008
389829, 1, 20250107154945.576067
389889, 1, 20250107154946.576008
389949, 1, 20250107154947.576062
390009, 1, 20250107154948.576093
390069, 1, 20250107154949.576122
390129, 1, 20250107154950.576227
390189, 1, 20250107154951.576172
390249, 1, 20250107154952.576206
390309, 1, 20250107154953.576229
390369, 1, 20250107154954.576308
390429, 1, 20250107154955.576376
390489, 1, 20250107154956.576352
390549, 1, 20250107154957.576338
390609, 1, 20250107154958.576380
390669, 1, 20250107154959.576407
390729, 1, 20250107155000.576441
390789, 1, 20250107155001.576473
390849, 1, 20250107155002.576499
390909, 1, 20250107155003.576510
390969, 1, 20250107155004.576606
391029, 1, 20250107155005.576664
391089, 1, 20250107155006.576664
391149, 1, 20250107155007.576598
391209, 1, 20250107155008.576756
391269, 1, 20250107155009.576695
391329, 1, 20250107155010.576728
391389, 1, 20250107155011.576751
391449, 1, 20250107155012.576775
391509, 1, 20250107155013.576806
391569, 1, 20250107155014.576870
391629, 1, 20250107155015.576922
391689, 1, 20250107155016.576893
391749, 1, 20250107155017.576966
391809, 1, 20250107155018.576919
391869, 1, 20250107155019.576990
391929, 1, 20250107155020.577016
391989, 1, 20250107155021.577059
392049, 1, 20250107155022.577163
392109, 1, 20250107155023.577159
392169, 1, 20250107155024.577171
392229, 1, 20250107155025.577239
392289, 1, 20250107155026.577276
392349, 1, 20250107155027.577303
392409, 1, 20250107155028.577325
392469, 1, 20250107155029.577369
392529, 1, 20250107155030.577408
392589, 1, 20250107155031.577411
392649, 1, 20250107155032.577465
392709, 1, 20250107155033.577519
392769, 1, 20250107155034.577538
392829, 1, 20250107155035.577550
392889, 1, 20250107155036.577586
392949, 1, 20250107155037.577617
393009, 1, 20250107155038.577646
393069, 1, 20250107155039.577670
393129, 1, 20250107155040.577705
393189, 1, 20250107155041.577723
393249, 1, 20250107155042.577747
393309, 1, 20250107155043.577817
393369, 1, 20250107155044.577837
393429, 1, 20250107155045.577837
393489, 1, 20250107155046.577869
393549, 1, 20250107155047.577907
393609, 1, 20250107155048.577934
393669, 1, 20250107155049.577950
393729, 1, 20250107155050.577985
393789, 1, 20250107155051.578018
393849, 1, 20250107155052.578042
393909, 1, 20250107155053.578067
393969, 1, 20250107155054.578113
394029, 1, 20250107155055.578146
394089, 1, 20250107155056.578166
394149, 1, 20250107155057.578201
394209, 1, 20250107155058.578227
394269, 1, 20250107155059.578242
394329, 1, 20250107155100.578282
394389, 1, 20250107155101.578295
394449, 1, 20250107155102.578348
394509, 1, 20250107155103.578386
394569, 1, 20250107155104.578391
394629, 1, 20250107155105.578432
394689, 1, 20250107155106.578455
394749, 1, 20250107155107.578484
394809, 1, 20250107155108.578510
394869, 1, 20250107155109.578543
394929, 1, 20250107155110.578566
394989, 1, 20250107155111.578600
395049, 1, 20250107155112.578643
395109, 1, 20250107155113.578674
395169, 1, 20250107155114.578681
395229, 1, 20250107155115.578723
395289, 1, 20250107155116.578733
395349, 1, 20250107155117.578795
395409, 1, 20250107155118.578804
395469, 1, 20250107155119.578834
395529, 1, 20250107155120.578864
395589, 1, 20250107155121.578875
395649, 1, 20250107155122.578946
395709, 1, 20250107155123.578949
395769, 1, 20250107155124.578970
395829, 1, 20250107155125.578980
395889, 1, 20250107155126.579030
395949, 1, 20250107155127.579063
396009, 1, 20250107155128.579070
396069, 1, 20250107155129.579116
396129, 1, 20250107155130.579143
396189, 1, 20250107155131.579198
396249, 1, 20250107155132.579227
396309, 1, 20250107155133.579230
396369, 1, 20250107155134.579254
396429, 1, 20250107155135.579272
396489, 1, 20250107155136.579304
396549, 1, 20250107155137.579339
396609, 1, 20250107155138.579358
396669, 1, 20250107155139.579396
396729, 1, 20250107155140.579420
396789, 1, 20250107155141.579465
396849, 1, 20250107155142.579488
396909, 1, 20250107155143.579500
396969, 1, 20250107155144.579531
397029, 1, 20250107155145.579577
397089, 1, 20250107155146.579593
397149, 1, 20250107155147.579612
397209, 1, 20250107155148.579654
397269, 1, 20250107155149.579698
397329, 1, 20250107155150.579720
397389, 1, 20250107155151.579763
397449, 1, 20250107155152.579783
397509, 1, 20250107155153.579795
397569, 1, 20250107155154.579830
397629, 1, 20250107155155.579860
397689, 1, 20250107155156.579899
397749, 1, 20250107155157.579917
397809, 1, 20250107155158.579948
397869, 1, 20250107155159.579963
397929, 1, 20250107155200.579962
397989, 1, 20250107155201.580004
398049, 1, 20250107155202.580069
398109, 1, 20250107155203.580099
398169, 1, 20250107155204.580123
398229, 1, 20250107155205.580147
398289, 1, 20250107155206.580183
398349, 1, 20250107155207.580222
398409, 1, 20250107155208.580247
398469, 1, 20250107155209.580257
398529, 1, 20250107155210.580320
398589, 1, 20250107155211.580364
398649, 1, 20250107155212.580360
398709, 1, 20250107155213.580382
398769, 1, 20250107155214.580413
398829, 1, 20250107155215.580444
398889, 1, 20250107155216.580465
398949, 1, 20250107155217.580509
399009, 1, 20250107155218.580538
399069, 1, 20250107155219.580570
399129, 1, 20250107155220.580610
399189, 1, 20250107155221.580637
399249, 1, 20250107155222.580647
399309, 1, 20250107155223.580683
399369, 1, 20250107155224.580705
399429, 1, 20250107155225.580732
399489, 1, 20250107155226.580760
399549, 1, 20250107155227.580787
399609, 1, 20250107155228.580806
399669, 1, 20250107155229.580840
399729, 1, 20250107155230.580881
399789, 1, 20250107155231.580904
399849, 1, 20250107155232.580941
399909, 1, 20250107155233.580969
399969, 1, 20250107155234.580985
400029, 1, 20250107155235.581024
400089, 1, 20250107155236.581049
