301093, 1, 20250106114614.176972
301153, 1, 20250106114615.177043
301213, 1, 20250106114616.177054
301273, 1, 20250106114617.177093
301333, 1, 20250106114618.177122
301393, 1, 20250106114619.177175
301453, 1, 20250106114620.177196
301513, 1, 20250106114621.177234
301573, 1, 20250106114622.177235
301633, 1, 20250106114623.177274
301693, 1, 20250106114624.177326
301753, 1, 20250106114625.177362
301813, 1, 20250106114626.177376
301873, 1, 20250106114627.177440
301933, 1, 20250106114628.177436
301993, 1, 20250106114629.177479
302053, 1, 20250106114630.177520
302113, 1, 20250106114631.177548
302173, 1, 20250106114632.177572
302233, 1, 20250106114633.177596
302293, 1, 20250106114634.177620
302353, 1, 20250106114635.177658
302413, 1, 20250106114636.177666
302473, 1, 20250106114637.177701
302533, 1, 20250106114638.177742
302593, 1, 20250106114639.177767
302653, 1, 20250106114640.177817
302713, 1, 20250106114641.177839
302773, 1, 20250106114642.177851
302833, 1, 20250106114643.177881
302893, 1, 20250106114644.177899
302953, 1, 20250106114645.177954
303013, 1, 20250106114646.177985
303073, 1, 20250106114647.178010
303133, 1, 20250106114648.178023
303193, 1, 20250106114649.178068
303253, 1, 20250106114650.178103
303313, 1, 20250106114651.178135
303373, 1, 20250106114652.178162
303433, 1, 20250106114653.178178
303493, 1, 20250106114654.178216
303553, 1, 20250106114655.178247
303613, 1, 20250106114656.178284
303673, 1, 20250106114657.178304
303733, 1, 20250106114658.178316
303793, 1, 20250106114659.178384
303853, 1, 20250106114700.178416
303913, 1, 20250106114701.178423
303973, 1, 20250106114702.178447
304033, 1, 20250106114703.178466
304093, 1, 20250106114704.178516
304153, 1, 20250106114705.178539
304213, 1, 20250106114706.178558
304273, 1, 20250106114707.178592
304333, 1, 20250106114708.178621
304393, 1, 20250106114709.178672
304453, 1, 20250106114710.178697
304513, 1, 20250106114711.178716
304573, 1, 20250106114712.178738
304633, 1, 20250106114713.178781
304693, 1, 20250106114714.178802
304753, 1, 20250106114715.178833
304813, 1, 20250106114716.178853
304873, 1, 20250106114717.178888
304933, 1, 20250106114718.178925
304993, 1, 20250106114719.178956
305053, 1, 20250106114720.178981
305113, 1, 20250106114721.179004
305173, 1, 20250106114722.179034
305233, 1, 20250106114723.179064
305293, 1, 20250106114724.179086
305353, 1, 20250106114725.179100
305413, 1, 20250106114726.179155
305473, 1, 20250106114727.179179
305533, 1, 20250106114728.179239
305593, 1, 20250106114729.179264
305653, 1, 20250106114730.179271
305713, 1, 20250106114731.179292
305773, 1, 20250106114732.179331
305833, 1, 20250106114733.179357
305893, 1, 20250106114734.179390
305953, 1, 20250106114735.179420
306013, 1, 20250106114736.179450
306073, 1, 20250106114737.179485
306133, 1, 20250106114738.179520
306193, 1, 20250106114739.179558
306253, 1, 20250106114740.179548
306313, 1, 20250106114741.179593
306373, 1, 20250106114742.179624
306433, 1, 20250106114743.179652
306493, 1, 20250106114744.179725
306553, 1, 20250106114745.179730
306613, 1, 20250106114746.179738
306673, 1, 20250106114747.179788
306733, 1, 20250106114748.179826
306793, 1, 20250106114749.179824
306853, 1, 20250106114750.179862
306913, 1, 20250106114751.179939
306973, 1, 20250106114752.179907
307033, 1, 20250106114753.179939
307093, 1, 20250106114754.179972
307153, 1, 20250106114755.180003
307213, 1, 20250106114756.180035
307273, 1, 20250106114757.180069
307333, 1, 20250106114758.180087
307393, 1, 20250106114759.180125
307453, 1, 20250106114800.180155
307513, 1, 20250106114801.180176
307573, 1, 20250106114802.180210
307633, 1, 20250106114803.180249
307693, 1, 20250106114804.180270
307753, 1, 20250106114805.180290
307813, 1, 20250106114806.180332
