277155, 1, 20241224111338.228153
277215, 1, 20241224111339.228185
277275, 1, 20241224111340.228205
277335, 1, 20241224111341.228238
277395, 1, 20241224111342.228265
277455, 1, 20241224111343.228286
277515, 1, 20241224111344.228318
277575, 1, 20241224111345.228354
277635, 1, 20241224111346.228403
277695, 1, 20241224111347.228424
277755, 1, 20241224111348.228448
277815, 1, 20241224111349.228472
277875, 1, 20241224111350.228493
277935, 1, 20241224111351.228531
277995, 1, 20241224111352.228563
278055, 1, 20241224111353.228584
278115, 1, 20241224111354.228622
278175, 1, 20241224111355.228649
278235, 1, 20241224111356.228694
278295, 1, 20241224111357.228734
278355, 1, 20241224111358.228729
278415, 1, 20241224111359.228761
278475, 1, 20241224111400.228792
278535, 1, 20241224111401.228817
278595, 1, 20241224111402.228848
278655, 1, 20241224111403.228879
278715, 1, 20241224111404.228902
278775, 1, 20241224111405.228933
278835, 1, 20241224111406.228988
278895, 1, 20241224111407.228997
278955, 1, 20241224111408.229028
279015, 1, 20241224111409.229062
279075, 1, 20241224111410.229082
279135, 1, 20241224111411.229116
279195, 1, 20241224111412.229145
279255, 1, 20241224111413.229159
279315, 1, 20241224111414.229203
279375, 1, 20241224111415.229240
279435, 1, 20241224111416.229250
279495, 1, 20241224111417.229288
279555, 1, 20241224111418.229319
279615, 1, 20241224111419.229347
279675, 1, 20241224111420.229373
279735, 1, 20241224111421.229406
279795, 1, 20241224111422.229438
279855, 1, 20241224111423.229454
279915, 1, 20241224111424.229499
279975, 1, 20241224111425.229551
280035, 1, 20241224111426.229568
280095, 1, 20241224111427.229582
280155, 1, 20241224111428.229608
280215, 1, 20241224111429.229636
280275, 1, 20241224111430.229667
280335, 1, 20241224111431.229694
280395, 1, 20241224111432.229708
280455, 1, 20241224111433.229753
280515, 1, 20241224111434.229773
280575, 1, 20241224111435.229826
280635, 1, 20241224111436.229847
280695, 1, 20241224111437.229861
280755, 1, 20241224111438.229899
280815, 1, 20241224111439.229929
280875, 1, 20241224111440.229944
280935, 1, 20241224111441.229974
280995, 1, 20241224111442.230010
281055, 1, 20241224111443.230041
281115, 1, 20241224111444.230059
281175, 1, 20241224111445.230094
281235, 1, 20241224111446.230121
281295, 1, 20241224111447.230130
281355, 1, 20241224111448.230173
281415, 1, 20241224111449.230210
281475, 1, 20241224111450.230233
281535, 1, 20241224111451.230272
281595, 1, 20241224111452.230299
281655, 1, 20241224111453.230334
281715, 1, 20241224111454.230355
281775, 1, 20241224111455.230385
281835, 1, 20241224111456.230408
281895, 1, 20241224111457.230444
281955, 1, 20241224111458.230470
282015, 1, 20241224111459.230500
282075, 1, 20241224111500.230528
282135, 1, 20241224111501.230572
282195, 1, 20241224111502.230583
282255, 1, 20241224111503.230614
282315, 1, 20241224111504.230650
282375, 1, 20241224111505.230680
282435, 1, 20241224111506.230700
282495, 1, 20241224111507.230731
282555, 1, 20241224111508.230767
282615, 1, 20241224111509.230791
282675, 1, 20241224111510.230814
282735, 1, 20241224111511.230832
282795, 1, 20241224111512.230878
282855, 1, 20241224111513.230906
282915, 1, 20241224111514.230945
282975, 1, 20241224111515.230973
283035, 1, 20241224111516.230968
283095, 1, 20241224111517.231003
283155, 1, 20241224111518.231048
283215, 1, 20241224111519.231075
283275, 1, 20241224111520.231115
283335, 1, 20241224111521.231131
283395, 1, 20241224111522.231149
283455, 1, 20241224111523.231191
283515, 1, 20241224111524.231218
283575, 1, 20241224111525.231246
283635, 1, 20241224111526.231272
283695, 1, 20241224111527.231308
283755, 1, 20241224111528.231336
283815, 1, 20241224111529.231364
283875, 1, 20241224111530.231388
283935, 1, 20241224111531.231411
283995, 1, 20241224111532.231447
284055, 1, 20241224111533.231504
284115, 1, 20241224111534.231520
284175, 1, 20241224111535.231531
284235, 1, 20241224111536.231576
284295, 1, 20241224111537.231595
284355, 1, 20241224111538.231628
284415, 1, 20241224111539.231663
284475, 1, 20241224111540.231678
284535, 1, 20241224111541.231709
284595, 1, 20241224111542.231735
284655, 1, 20241224111543.231784
284715, 1, 20241224111544.231819
284775, 1, 20241224111545.231826
284835, 1, 20241224111546.231863
284895, 1, 20241224111547.231881
284955, 1, 20241224111548.231908
285015, 1, 20241224111549.231931
285075, 1, 20241224111550.231969
285135, 1, 20241224111551.232006
285195, 1, 20241224111552.232026
285255, 1, 20241224111553.232079
285315, 1, 20241224111554.232081
285375, 1, 20241224111555.232111
285435, 1, 20241224111556.232136
285495, 1, 20241224111557.232178
285555, 1, 20241224111558.232194
285615, 1, 20241224111559.232274
285675, 1, 20241224111600.232260
285735, 1, 20241224111601.232286
285795, 1, 20241224111602.232310
285855, 1, 20241224111603.232353
285915, 1, 20241224111604.232374
285975, 1, 20241224111605.232402
286035, 1, 20241224111606.232438
286095, 1, 20241224111607.232460
286155, 1, 20241224111608.232496
286215, 1, 20241224111609.232523
286275, 1, 20241224111610.232545
286335, 1, 20241224111611.232574
286395, 1, 20241224111612.232613
286455, 1, 20241224111613.232640
286515, 1, 20241224111614.232659
286575, 1, 20241224111615.232701
286635, 1, 20241224111616.232723
286695, 1, 20241224111617.232749
286755, 1, 20241224111618.232784
286815, 1, 20241224111619.232809
286875, 1, 20241224111620.232836
286935, 1, 20241224111621.232867
286995, 1, 20241224111622.232914
287055, 1, 20241224111623.232934
287115, 1, 20241224111624.232954
287175, 1, 20241224111625.232988
287235, 1, 20241224111626.233001
287295, 1, 20241224111627.233047
287355, 1, 20241224111628.233064
287415, 1, 20241224111629.233096
287475, 1, 20241224111630.233122
287535, 1, 20241224111631.233152
287595, 1, 20241224111632.233185
287655, 1, 20241224111633.233217
287715, 1, 20241224111634.233234
287775, 1, 20241224111635.233266
287835, 1, 20241224111636.233305
