272119, 1, 20241224111214.291430
272179, 1, 20241224111215.291538
272239, 1, 20241224111216.291537
272299, 1, 20241224111217.291592
272359, 1, 20241224111218.291555
272419, 1, 20241224111219.291641
272479, 1, 20241224111220.291670
272539, 1, 20241224111221.291638
272599, 1, 20241224111222.291662
272659, 1, 20241224111223.291687
272719, 1, 20241224111224.291714
272779, 1, 20241224111225.291752
272839, 1, 20241224111226.291780
272899, 1, 20241224111227.291804
272959, 1, 20241224111228.291809
273019, 1, 20241224111229.291867
273079, 1, 20241224111230.291965
273139, 1, 20241224111231.291987
273199, 1, 20241224111232.291950
273259, 1, 20241224111233.291985
273319, 1, 20241224111234.292006
273379, 1, 20241224111235.292037
273439, 1, 20241224111236.292065
273499, 1, 20241224111237.292123
273559, 1, 20241224111238.292201
273619, 1, 20241224111239.292238
273679, 1, 20241224111240.292215
273739, 1, 20241224111241.292259
