186087, 1, 20250117211545.671087
186147, 1, 20250117211546.671108
186207, 1, 20250117211547.671139
186267, 1, 20250117211548.671160
186327, 1, 20250117211549.671204
186387, 1, 20250117211550.671223
186447, 1, 20250117211551.671247
186507, 1, 20250117211552.671289
186567, 1, 20250117211553.671312
186627, 1, 20250117211554.671337
186687, 1, 20250117211555.671377
186747, 1, 20250117211556.671399
186807, 1, 20250117211557.671432
186867, 1, 20250117211558.671459
186927, 1, 20250117211559.671486
186987, 1, 20250117211600.671531
187047, 1, 20250117211601.671570
187107, 1, 20250117211602.671565
187167, 1, 20250117211603.671611
187227, 1, 20250117211604.671633
187287, 1, 20250117211605.671653
187347, 1, 20250117211606.671689
187407, 1, 20250117211607.671709
187467, 1, 20250117211608.671741
187527, 1, 20250117211609.671776
187587, 1, 20250117211610.671820
187647, 1, 20250117211611.671852
187707, 1, 20250117211612.671853
187767, 1, 20250117211613.671881
187827, 1, 20250117211614.671917
187887, 1, 20250117211615.671950
187947, 1, 20250117211616.671976
188007, 1, 20250117211617.672013
188067, 1, 20250117211618.672033
188127, 1, 20250117211619.672073
188187, 1, 20250117211620.672094
188247, 1, 20250117211621.672125
188307, 1, 20250117211622.672144
188367, 1, 20250117211623.672174
188427, 1, 20250117211624.672207
188487, 1, 20250117211625.672239
188547, 1, 20250117211626.672270
188607, 1, 20250117211627.672285
188667, 1, 20250117211628.672317
188727, 1, 20250117211629.672364
