270721, 1, 20250107115224.321595
270781, 1, 20250107115225.321625
270841, 1, 20250107115226.321646
270901, 1, 20250107115227.321708
270961, 1, 20250107115228.321747
271021, 1, 20250107115229.321751
271081, 1, 20250107115230.321773
271141, 1, 20250107115231.321788
271201, 1, 20250107115232.321840
271261, 1, 20250107115233.321850
271321, 1, 20250107115234.321878
271381, 1, 20250107115235.321914
271441, 1, 20250107115236.321927
271501, 1, 20250107115237.321989
271561, 1, 20250107115238.322019
271621, 1, 20250107115239.322035
271681, 1, 20250107115240.322057
271741, 1, 20250107115241.322086
271801, 1, 20250107115242.322110
271861, 1, 20250107115243.322144
271921, 1, 20250107115244.322185
271981, 1, 20250107115245.322200
272041, 1, 20250107115246.322232
272101, 1, 20250107115247.322260
272161, 1, 20250107115248.322297
272221, 1, 20250107115249.322319
272281, 1, 20250107115250.322339
272341, 1, 20250107115251.322376
272401, 1, 20250107115252.322403
272461, 1, 20250107115253.322437
272521, 1, 20250107115254.322465
272581, 1, 20250107115255.322491
272641, 1, 20250107115256.322514
272701, 1, 20250107115257.322573
272761, 1, 20250107115258.322573
272821, 1, 20250107115259.322614
272881, 1, 20250107115300.322628
272941, 1, 20250107115301.322670
273001, 1, 20250107115302.322684
273061, 1, 20250107115303.322732
273121, 1, 20250107115304.322748
273181, 1, 20250107115305.322781
273241, 1, 20250107115306.322830
273301, 1, 20250107115307.322850
273361, 1, 20250107115308.322866
273421, 1, 20250107115309.322902
273481, 1, 20250107115310.322932
273541, 1, 20250107115311.322967
273601, 1, 20250107115312.322974
273661, 1, 20250107115313.323015
273721, 1, 20250107115314.323041
273781, 1, 20250107115315.323077
273841, 1, 20250107115316.323120
273901, 1, 20250107115317.323132
273961, 1, 20250107115318.323160
274021, 1, 20250107115319.323198
274081, 1, 20250107115320.323216
274141, 1, 20250107115321.323246
274201, 1, 20250107115322.323270
274261, 1, 20250107115323.323309
274321, 1, 20250107115324.323337
274381, 1, 20250107115325.323371
274441, 1, 20250107115326.323388
274501, 1, 20250107115327.323429
274561, 1, 20250107115328.323447
274621, 1, 20250107115329.323486
274681, 1, 20250107115330.323503
274741, 1, 20250107115331.323540
274801, 1, 20250107115332.323568
274861, 1, 20250107115333.323596
274921, 1, 20250107115334.323623
274981, 1, 20250107115335.323668
275041, 1, 20250107115336.323708
275101, 1, 20250107115337.323723
275161, 1, 20250107115338.323729
275221, 1, 20250107115339.323770
275281, 1, 20250107115340.323792
275341, 1, 20250107115341.323828
275401, 1, 20250107115342.323854
275461, 1, 20250107115343.323892
275521, 1, 20250107115344.323906
275581, 1, 20250107115345.323954
275641, 1, 20250107115346.323986
275701, 1, 20250107115347.324006
275761, 1, 20250107115348.324027
275821, 1, 20250107115349.324069
275881, 1, 20250107115350.324083
275941, 1, 20250107115351.324109
276001, 1, 20250107115352.324142
276061, 1, 20250107115353.324177
276121, 1, 20250107115354.324225
276181, 1, 20250107115355.324230
276241, 1, 20250107115356.324261
276301, 1, 20250107115357.324294
276361, 1, 20250107115358.324325
276421, 1, 20250107115359.324352
276481, 1, 20250107115400.324376
276541, 1, 20250107115401.324419
276601, 1, 20250107115402.324433
276661, 1, 20250107115403.324464
276721, 1, 20250107115404.324487
276781, 1, 20250107115405.324531
276841, 1, 20250107115406.324561
276901, 1, 20250107115407.324589
276961, 1, 20250107115408.324605
277021, 1, 20250107115409.324646
277081, 1, 20250107115410.324663
277141, 1, 20250107115411.324709
277201, 1, 20250107115412.324731
277261, 1, 20250107115413.324756
277321, 1, 20250107115414.324806
