275379, 1, 20250112083822.267842
275439, 1, 20250112083823.267930
275499, 1, 20250112083824.267864
275559, 1, 20250112083825.267926
275619, 1, 20250112083826.267945
275679, 1, 20250112083827.267972
275739, 1, 20250112083828.268008
275799, 1, 20250112083829.268043
275859, 1, 20250112083830.268062
275919, 1, 20250112083831.268090
275979, 1, 20250112083832.268182
276039, 1, 20250112083833.268139
276099, 1, 20250112083834.268174
276159, 1, 20250112083835.268182
276219, 1, 20250112083836.268228
276279, 1, 20250112083837.268284
276339, 1, 20250112083838.268289
276399, 1, 20250112083839.268311
276459, 1, 20250112083840.268343
276519, 1, 20250112083841.268465
276579, 1, 20250112083842.268420
276639, 1, 20250112083843.268506
276699, 1, 20250112083844.268455
276759, 1, 20250112083845.268482
276819, 1, 20250112083846.268486
276879, 1, 20250112083847.268545
276939, 1, 20250112083848.268580
276999, 1, 20250112083849.268604
277059, 1, 20250112083850.268631
277119, 1, 20250112083851.268666
277179, 1, 20250112083852.268708
277239, 1, 20250112083853.268716
277299, 1, 20250112083854.268749
277359, 1, 20250112083855.268770
277419, 1, 20250112083856.268809
277479, 1, 20250112083857.268832
277539, 1, 20250112083858.268865
277599, 1, 20250112083859.268878
277659, 1, 20250112083900.268937
277719, 1, 20250112083901.269006
277779, 1, 20250112083902.268979
277839, 1, 20250112083903.269004
277899, 1, 20250112083904.269024
277959, 1, 20250112083905.269072
278019, 1, 20250112083906.269082
278079, 1, 20250112083907.269117
278139, 1, 20250112083908.269231
