125739, 1, 20241223154114.266953
125799, 1, 20241223154115.266989
125859, 1, 20241223154116.267094
125919, 1, 20241223154117.267041
125979, 1, 20241223154118.267075
126039, 1, 20241223154119.267160
126099, 1, 20241223154120.267184
126159, 1, 20241223154121.267163
126219, 1, 20241223154122.267222
126279, 1, 20241223154123.267252
126339, 1, 20241223154124.267236
126399, 1, 20241223154125.267277
126459, 1, 20241223154126.267375
126519, 1, 20241223154127.267342
126579, 1, 20241223154128.267440
126639, 1, 20241223154129.267396
126699, 1, 20241223154130.267421
126759, 1, 20241223154131.267454
126819, 1, 20241223154132.267517
126879, 1, 20241223154133.267568
126939, 1, 20241223154134.267522
126999, 1, 20241223154135.267563
127059, 1, 20241223154136.267604
127119, 1, 20241223154137.267689
127179, 1, 20241223154138.267724
127239, 1, 20241223154139.267736
127299, 1, 20241223154140.267802
127359, 1, 20241223154141.267740
127419, 1, 20241223154142.267841
127479, 1, 20241223154143.267801
127539, 1, 20241223154144.267833
127599, 1, 20241223154145.267857
127659, 1, 20241223154146.267868
127719, 1, 20241223154147.267900
127779, 1, 20241223154148.268006
127839, 1, 20241223154149.268020
127899, 1, 20241223154150.268083
127959, 1, 20241223154151.268024
128019, 1, 20241223154152.268052
128079, 1, 20241223154153.268080
128139, 1, 20241223154154.268182
128199, 1, 20241223154155.268210
128259, 1, 20241223154156.268166
128319, 1, 20241223154157.268244
128379, 1, 20241223154158.268232
128439, 1, 20241223154159.268251
128499, 1, 20241223154200.268290
128559, 1, 20241223154201.268311
128619, 1, 20241223154202.268348
128679, 1, 20241223154203.268378
128739, 1, 20241223154204.268476
128799, 1, 20241223154205.268419
128859, 1, 20241223154206.268465
128919, 1, 20241223154207.268482
128979, 1, 20241223154208.268566
129039, 1, 20241223154209.268611
129099, 1, 20241223154210.268578
129159, 1, 20241223154211.268593
129219, 1, 20241223154212.268637
129279, 1, 20241223154213.268672
129339, 1, 20241223154214.268702
129399, 1, 20241223154215.268755
129459, 1, 20241223154216.268816
129519, 1, 20241223154217.268783
129579, 1, 20241223154218.268857
129639, 1, 20241223154219.268871
129699, 1, 20241223154220.268868
129759, 1, 20241223154221.268944
129819, 1, 20241223154222.268923
129879, 1, 20241223154223.268944
129939, 1, 20241223154224.268995
129999, 1, 20241223154225.268999
130059, 1, 20241223154226.269041
130119, 1, 20241223154227.269068
130179, 1, 20241223154228.269148
130239, 1, 20241223154229.269110
130299, 1, 20241223154230.269222
130359, 1, 20241223154231.269186
130419, 1, 20241223154232.269211
130479, 1, 20241223154233.269243
130539, 1, 20241223154234.269347
130599, 1, 20241223154235.269273
130659, 1, 20241223154236.269373
130719, 1, 20241223154237.269361
130779, 1, 20241223154238.269381
130839, 1, 20241223154239.269414
130899, 1, 20241223154240.269478
130959, 1, 20241223154241.269470
131019, 1, 20241223154242.269541
131079, 1, 20241223154243.269615
131139, 1, 20241223154244.269596
131199, 1, 20241223154245.269588
131259, 1, 20241223154246.269651
131319, 1, 20241223154247.269635
131379, 1, 20241223154248.269696
131439, 1, 20241223154249.269697
131499, 1, 20241223154250.269797
131559, 1, 20241223154251.269835
131619, 1, 20241223154252.269869
131679, 1, 20241223154253.269830
131739, 1, 20241223154254.269923
131799, 1, 20241223154255.269864
131859, 1, 20241223154256.269902
131919, 1, 20241223154257.270013
131979, 1, 20241223154258.269985
132039, 1, 20241223154259.269988
132099, 1, 20241223154300.270013
132159, 1, 20241223154301.270051
132219, 1, 20241223154302.270102
132279, 1, 20241223154303.270106
132339, 1, 20241223154304.270145
132399, 1, 20241223154305.270168
132459, 1, 20241223154306.270193
132519, 1, 20241223154307.270214
132579, 1, 20241223154308.270256
132639, 1, 20241223154309.270281
132699, 1, 20241223154310.270353
132759, 1, 20241223154311.270384
132819, 1, 20241223154312.270369
132879, 1, 20241223154313.270392
132939, 1, 20241223154314.270488
132999, 1, 20241223154315.270454
133059, 1, 20241223154316.270478
133119, 1, 20241223154317.270593
133179, 1, 20241223154318.270534
133239, 1, 20241223154319.270567
133299, 1, 20241223154320.270603
133359, 1, 20241223154321.270631
133419, 1, 20241223154322.270658
133479, 1, 20241223154323.270673
133539, 1, 20241223154324.270777
133599, 1, 20241223154325.270749
133659, 1, 20241223154326.270859
133719, 1, 20241223154327.270895
133779, 1, 20241223154328.270862
133839, 1, 20241223154329.270905
133899, 1, 20241223154330.270876
133959, 1, 20241223154331.270915
134019, 1, 20241223154332.270947
134079, 1, 20241223154333.270981
134139, 1, 20241223154334.271032
134199, 1, 20241223154335.271010
134259, 1, 20241223154336.271076
134319, 1, 20241223154337.271164
134379, 1, 20241223154338.271121
134439, 1, 20241223154339.271133
134499, 1, 20241223154340.271186
134559, 1, 20241223154341.271208
134619, 1, 20241223154342.271269
134679, 1, 20241223154343.271329
134739, 1, 20241223154344.271322
134799, 1, 20241223154345.271329
134859, 1, 20241223154346.271414
134919, 1, 20241223154347.271346
134979, 1, 20241223154348.271410
135039, 1, 20241223154349.271482
135099, 1, 20241223154350.271467
135159, 1, 20241223154351.271558
135219, 1, 20241223154352.271563
135279, 1, 20241223154353.271557
135339, 1, 20241223154354.271584
135399, 1, 20241223154355.271661
135459, 1, 20241223154356.271659
135519, 1, 20241223154357.271662
135579, 1, 20241223154358.271697
135639, 1, 20241223154359.271752
135699, 1, 20241223154400.271759
135759, 1, 20241223154401.271778
135819, 1, 20241223154402.271812
135879, 1, 20241223154403.271833
135939, 1, 20241223154404.271931
135999, 1, 20241223154405.271958
136059, 1, 20241223154406.271947
136119, 1, 20241223154407.272003
136179, 1, 20241223154408.271987
136239, 1, 20241223154409.272058
136299, 1, 20241223154410.272070
136359, 1, 20241223154411.272054
136419, 1, 20241223154412.272103
