385207, 1, 20250112170919.036166
385267, 1, 20250112170920.036194
385327, 1, 20250112170921.036238
385387, 1, 20250112170922.036261
385447, 1, 20250112170923.036284
385507, 1, 20250112170924.036310
385567, 1, 20250112170925.036345
385627, 1, 20250112170926.036366
385687, 1, 20250112170927.036411
385747, 1, 20250112170928.036448
385807, 1, 20250112170929.036449
385867, 1, 20250112170930.036484
385927, 1, 20250112170931.036512
385987, 1, 20250112170932.036540
386047, 1, 20250112170933.036578
386107, 1, 20250112170934.036591
386167, 1, 20250112170935.036626
386227, 1, 20250112170936.036658
386287, 1, 20250112170937.036711
386347, 1, 20250112170938.036721
386407, 1, 20250112170939.036751
386467, 1, 20250112170940.036779
386527, 1, 20250112170941.036814
386587, 1, 20250112170942.036838
386647, 1, 20250112170943.036860
386707, 1, 20250112170944.036899
386767, 1, 20250112170945.036931
386827, 1, 20250112170946.036945
386887, 1, 20250112170947.036982
386947, 1, 20250112170948.037012
387007, 1, 20250112170949.037041
387067, 1, 20250112170950.037074
387127, 1, 20250112170951.037102
387187, 1, 20250112170952.037123
387247, 1, 20250112170953.037149
387307, 1, 20250112170954.037175
387367, 1, 20250112170955.037224
387427, 1, 20250112170956.037272
387487, 1, 20250112170957.037293
387547, 1, 20250112170958.037306
387607, 1, 20250112170959.037334
