468651, 1, 20250111155446.503638
468711, 1, 20250111155447.503683
468771, 1, 20250111155448.503792
468831, 1, 20250111155449.503740
468891, 1, 20250111155450.503849
468951, 1, 20250111155451.503801
469011, 1, 20250111155452.503916
469071, 1, 20250111155453.503889
469131, 1, 20250111155454.503879
469191, 1, 20250111155455.503915
469251, 1, 20250111155456.504025
469311, 1, 20250111155457.503974
469371, 1, 20250111155458.503976
469431, 1, 20250111155459.504035
469491, 1, 20250111155500.504136
469551, 1, 20250111155501.504090
469611, 1, 20250111155502.504180
469671, 1, 20250111155503.504172
469731, 1, 20250111155504.504184
469791, 1, 20250111155505.504211
469851, 1, 20250111155506.504242
469911, 1, 20250111155507.504275
469971, 1, 20250111155508.504303
470031, 1, 20250111155509.504389
470091, 1, 20250111155510.504358
470151, 1, 20250111155511.504388
470211, 1, 20250111155512.504498
470271, 1, 20250111155513.504439
470331, 1, 20250111155514.504539
470391, 1, 20250111155515.504503
470451, 1, 20250111155516.504604
470511, 1, 20250111155517.504551
470571, 1, 20250111155518.504591
470631, 1, 20250111155519.504677
470691, 1, 20250111155520.504641
470751, 1, 20250111155521.504775
470811, 1, 20250111155522.504716
470871, 1, 20250111155523.504726
470931, 1, 20250111155524.504759
470991, 1, 20250111155525.504873
