596397, 1, 20250115153634.226002
596457, 1, 20250115153635.226021
596517, 1, 20250115153636.226061
596577, 1, 20250115153637.226077
596637, 1, 20250115153638.226102
596697, 1, 20250115153639.226128
596757, 1, 20250115153640.226156
596817, 1, 20250115153641.226191
596877, 1, 20250115153642.226226
596937, 1, 20250115153643.226242
596997, 1, 20250115153644.226273
597057, 1, 20250115153645.226329
597117, 1, 20250115153646.226353
597177, 1, 20250115153647.226350
597237, 1, 20250115153648.226376
597297, 1, 20250115153649.226408
597357, 1, 20250115153650.226449
597417, 1, 20250115153651.226466
597477, 1, 20250115153652.226512
597537, 1, 20250115153653.226524
597597, 1, 20250115153654.226548
597657, 1, 20250115153655.226603
597717, 1, 20250115153656.226618
597777, 1, 20250115153657.226629
597837, 1, 20250115153658.226661
597897, 1, 20250115153659.226696
597957, 1, 20250115153700.226728
598017, 1, 20250115153701.226754
598077, 1, 20250115153702.226799
598137, 1, 20250115153703.226810
598197, 1, 20250115153704.226839
598257, 1, 20250115153705.226857
598317, 1, 20250115153706.226905
598377, 1, 20250115153707.226921
598437, 1, 20250115153708.226964
598497, 1, 20250115153709.226980
598557, 1, 20250115153710.227016
598617, 1, 20250115153711.227037
598677, 1, 20250115153712.227077
598737, 1, 20250115153713.227099
598797, 1, 20250115153714.227147
598857, 1, 20250115153715.227185
598917, 1, 20250115153716.227184
598977, 1, 20250115153717.227216
599037, 1, 20250115153718.227247
599097, 1, 20250115153719.227271
599157, 1, 20250115153720.227302
599217, 1, 20250115153721.227337
599277, 1, 20250115153722.227358
599337, 1, 20250115153723.227401
599397, 1, 20250115153724.227441
599457, 1, 20250115153725.227484
599517, 1, 20250115153726.227474
599577, 1, 20250115153727.227510
599637, 1, 20250115153728.227547
599697, 1, 20250115153729.227577
599757, 1, 20250115153730.227570
599817, 1, 20250115153731.227632
599877, 1, 20250115153732.227662
599937, 1, 20250115153733.227684
599997, 1, 20250115153734.227719
600057, 1, 20250115153735.227720
600117, 1, 20250115153736.227773
600177, 1, 20250115153737.227768
600237, 1, 20250115153738.227821
600297, 1, 20250115153739.227834
600357, 1, 20250115153740.227889
600417, 1, 20250115153741.227913
600477, 1, 20250115153742.227900
600537, 1, 20250115153743.227997
600597, 1, 20250115153744.228024
600657, 1, 20250115153745.228028
600717, 1, 20250115153746.228055
600777, 1, 20250115153747.228061
600837, 1, 20250115153748.228104
600897, 1, 20250115153749.228108
600957, 1, 20250115153750.228180
601017, 1, 20250115153751.228174
601077, 1, 20250115153752.228244
601137, 1, 20250115153753.228268
601197, 1, 20250115153754.228296
601257, 1, 20250115153755.228311
601317, 1, 20250115153756.228353
601377, 1, 20250115153757.228375
601437, 1, 20250115153758.228410
601497, 1, 20250115153759.228445
601557, 1, 20250115153800.228480
601617, 1, 20250115153801.228504
601677, 1, 20250115153802.228527
601737, 1, 20250115153803.228583
601797, 1, 20250115153804.228596
601857, 1, 20250115153805.228620
601917, 1, 20250115153806.228663
601977, 1, 20250115153807.228689
602037, 1, 20250115153808.228712
602097, 1, 20250115153809.228748
602157, 1, 20250115153810.228771
602217, 1, 20250115153811.228802
602277, 1, 20250115153812.228830
602337, 1, 20250115153813.228861
602397, 1, 20250115153814.228894
602457, 1, 20250115153815.228923
602517, 1, 20250115153816.228945
602577, 1, 20250115153817.228976
602637, 1, 20250115153818.229005
602697, 1, 20250115153819.229035
602757, 1, 20250115153820.229064
602817, 1, 20250115153821.229093
602877, 1, 20250115153822.229126
602937, 1, 20250115153823.229166
602997, 1, 20250115153824.229187
603057, 1, 20250115153825.229196
603117, 1, 20250115153826.229240
603177, 1, 20250115153827.229267
603237, 1, 20250115153828.229296
603297, 1, 20250115153829.229323
603357, 1, 20250115153830.229351
603417, 1, 20250115153831.229371
603477, 1, 20250115153832.229424
603537, 1, 20250115153833.229454
603597, 1, 20250115153834.229455
603657, 1, 20250115153835.229483
603717, 1, 20250115153836.229517
603777, 1, 20250115153837.229556
603837, 1, 20250115153838.229594
603897, 1, 20250115153839.229602
603957, 1, 20250115153840.229633
604017, 1, 20250115153841.229656
604077, 1, 20250115153842.229693
604137, 1, 20250115153843.229718
604197, 1, 20250115153844.229741
604257, 1, 20250115153845.229788
604317, 1, 20250115153846.229809
604377, 1, 20250115153847.229836
604437, 1, 20250115153848.229878
604497, 1, 20250115153849.229896
604557, 1, 20250115153850.229929
604617, 1, 20250115153851.229974
604677, 1, 20250115153852.230001
604737, 1, 20250115153853.230007
604797, 1, 20250115153854.230041
604857, 1, 20250115153855.230066
604917, 1, 20250115153856.230097
604977, 1, 20250115153857.230130
605037, 1, 20250115153858.230152
605097, 1, 20250115153859.230187
605157, 1, 20250115153900.230201
