366423, 1, 20241223164805.816317
366483, 1, 20241223164806.816374
366543, 1, 20241223164807.816396
366603, 1, 20241223164808.816448
366663, 1, 20241223164809.816430
366723, 1, 20241223164810.816456
366783, 1, 20241223164811.816461
366843, 1, 20241223164812.816518
366903, 1, 20241223164813.816551
366963, 1, 20241223164814.816518
367023, 1, 20241223164815.816616
367083, 1, 20241223164816.816688
367143, 1, 20241223164817.816698
367203, 1, 20241223164818.816723
367263, 1, 20241223164819.816754
367323, 1, 20241223164820.816755
367383, 1, 20241223164821.816818
367443, 1, 20241223164822.816888
367503, 1, 20241223164823.816840
367563, 1, 20241223164824.816839
367623, 1, 20241223164825.816922
367683, 1, 20241223164826.816890
367743, 1, 20241223164827.816931
367803, 1, 20241223164828.816986
367863, 1, 20241223164829.817025
367923, 1, 20241223164830.817073
367983, 1, 20241223164831.817111
368043, 1, 20241223164832.817167
368103, 1, 20241223164833.817133
368163, 1, 20241223164834.817121
368223, 1, 20241223164835.817212
368283, 1, 20241223164836.817245
368343, 1, 20241223164837.817257
368403, 1, 20241223164838.817321
368463, 1, 20241223164839.817257
368523, 1, 20241223164840.817307
368583, 1, 20241223164841.817334
368643, 1, 20241223164842.817433
368703, 1, 20241223164843.817424
368763, 1, 20241223164844.817457
368823, 1, 20241223164845.817501
368883, 1, 20241223164846.817477
368943, 1, 20241223164847.817579
369003, 1, 20241223164848.817543
369063, 1, 20241223164849.817572
369123, 1, 20241223164850.817590
369183, 1, 20241223164851.817598
369243, 1, 20241223164852.817688
369303, 1, 20241223164853.817709
369363, 1, 20241223164854.817751
369423, 1, 20241223164855.817840
369483, 1, 20241223164856.817847
369543, 1, 20241223164857.817800
