308117, 1, 20250121144419.949573
308177, 1, 20250121144420.949605
308237, 1, 20250121144421.949657
308297, 1, 20250121144422.949657
308357, 1, 20250121144423.949704
308417, 1, 20250121144424.949721
308477, 1, 20250121144425.949747
308537, 1, 20250121144426.949783
308597, 1, 20250121144427.949806
308657, 1, 20250121144428.949848
308717, 1, 20250121144429.949872
308777, 1, 20250121144430.949903
308837, 1, 20250121144431.949945
308897, 1, 20250121144432.949965
308957, 1, 20250121144433.950000
309017, 1, 20250121144434.950014
309077, 1, 20250121144435.950059
309137, 1, 20250121144436.950074
309197, 1, 20250121144437.950108
309257, 1, 20250121144438.950135
309317, 1, 20250121144439.950174
309377, 1, 20250121144440.950213
309437, 1, 20250121144441.950246
309497, 1, 20250121144442.950249
309557, 1, 20250121144443.950290
309617, 1, 20250121144444.950315
309677, 1, 20250121144445.950344
309737, 1, 20250121144446.950365
309797, 1, 20250121144447.950403
309857, 1, 20250121144448.950434
309917, 1, 20250121144449.950470
309977, 1, 20250121144450.950496
310037, 1, 20250121144451.950542
310097, 1, 20250121144452.950552
310157, 1, 20250121144453.950594
310217, 1, 20250121144454.950608
310277, 1, 20250121144455.950649
310337, 1, 20250121144456.950671
310397, 1, 20250121144457.950710
310457, 1, 20250121144458.950733
310517, 1, 20250121144459.950779
310577, 1, 20250121144500.950809
310637, 1, 20250121144501.950824
310697, 1, 20250121144502.950851
310757, 1, 20250121144503.950882
310817, 1, 20250121144504.950913
310877, 1, 20250121144505.950937
310937, 1, 20250121144506.950973
310997, 1, 20250121144507.950999
311057, 1, 20250121144508.951031
311117, 1, 20250121144509.951057
311177, 1, 20250121144510.951086
311237, 1, 20250121144511.951119
311297, 1, 20250121144512.951139
311357, 1, 20250121144513.951174
311417, 1, 20250121144514.951203
311477, 1, 20250121144515.951245
311537, 1, 20250121144516.951268
311597, 1, 20250121144517.951292
311657, 1, 20250121144518.951319
311717, 1, 20250121144519.951366
311777, 1, 20250121144520.951397
311837, 1, 20250121144521.951412
311897, 1, 20250121144522.951435
311957, 1, 20250121144523.951479
312017, 1, 20250121144524.951491
312077, 1, 20250121144525.951531
312137, 1, 20250121144526.951564
312197, 1, 20250121144527.951596
312257, 1, 20250121144528.951608
312317, 1, 20250121144529.951663
312377, 1, 20250121144530.951698
312437, 1, 20250121144531.951726
312497, 1, 20250121144532.951744
312557, 1, 20250121144533.951771
312617, 1, 20250121144534.951796
312677, 1, 20250121144535.951830
312737, 1, 20250121144536.951870
312797, 1, 20250121144537.951879
312857, 1, 20250121144538.951929
312917, 1, 20250121144539.951950
312977, 1, 20250121144540.951975
313037, 1, 20250121144541.952004
313097, 1, 20250121144542.952035
313157, 1, 20250121144543.952073
313217, 1, 20250121144544.952092
313277, 1, 20250121144545.952140
313337, 1, 20250121144546.952163
313397, 1, 20250121144547.952184
313457, 1, 20250121144548.952222
313517, 1, 20250121144549.952241
313577, 1, 20250121144550.952260
313637, 1, 20250121144551.952302
313697, 1, 20250121144552.952326
313757, 1, 20250121144553.952353
313817, 1, 20250121144554.952371
313877, 1, 20250121144555.952416
313937, 1, 20250121144556.952436
313997, 1, 20250121144557.952480
314057, 1, 20250121144558.952518
314117, 1, 20250121144559.952555
314177, 1, 20250121144600.952564
314237, 1, 20250121144601.952594
314297, 1, 20250121144602.952628
314357, 1, 20250121144603.952658
314417, 1, 20250121144604.952680
314477, 1, 20250121144605.952713
314537, 1, 20250121144606.952732
314597, 1, 20250121144607.952765
314657, 1, 20250121144608.952806
314717, 1, 20250121144609.952833
314777, 1, 20250121144610.952847
314837, 1, 20250121144611.952887
314897, 1, 20250121144612.952914
314957, 1, 20250121144613.952941
315017, 1, 20250121144614.952956
315077, 1, 20250121144615.952996
315137, 1, 20250121144616.953018
315197, 1, 20250121144617.953062
315257, 1, 20250121144618.953086
315317, 1, 20250121144619.953111
315377, 1, 20250121144620.953135
315437, 1, 20250121144621.953177
315497, 1, 20250121144622.953210
315557, 1, 20250121144623.953232
315617, 1, 20250121144624.953267
315677, 1, 20250121144625.953304
315737, 1, 20250121144626.953315
315797, 1, 20250121144627.953374
315857, 1, 20250121144628.953392
315917, 1, 20250121144629.953416
315977, 1, 20250121144630.953442
316037, 1, 20250121144631.953486
316097, 1, 20250121144632.953496
316157, 1, 20250121144633.953532
316217, 1, 20250121144634.953559
316277, 1, 20250121144635.953604
316337, 1, 20250121144636.953614
316397, 1, 20250121144637.953669
316457, 1, 20250121144638.953710
316517, 1, 20250121144639.953713
316577, 1, 20250121144640.953725
316637, 1, 20250121144641.953762
316697, 1, 20250121144642.953787
316757, 1, 20250121144643.953826
316817, 1, 20250121144644.953850
316877, 1, 20250121144645.953881
316937, 1, 20250121144646.953928
316997, 1, 20250121144647.953955
317057, 1, 20250121144648.953967
317117, 1, 20250121144649.954006
317177, 1, 20250121144650.954044
317237, 1, 20250121144651.954059
317297, 1, 20250121144652.954093
317357, 1, 20250121144653.954124
317417, 1, 20250121144654.954158
317477, 1, 20250121144655.954193
317537, 1, 20250121144656.954216
317597, 1, 20250121144657.954251
317657, 1, 20250121144658.954277
317717, 1, 20250121144659.954298
317777, 1, 20250121144700.954326
317837, 1, 20250121144701.954369
317897, 1, 20250121144702.954384
317957, 1, 20250121144703.954423
318017, 1, 20250121144704.954437
318077, 1, 20250121144705.954480
318137, 1, 20250121144706.954521
318197, 1, 20250121144707.954558
318257, 1, 20250121144708.954569
318317, 1, 20250121144709.954600
318377, 1, 20250121144710.954632
318437, 1, 20250121144711.954665
318497, 1, 20250121144712.954678
318557, 1, 20250121144713.954722
318617, 1, 20250121144714.954740
318677, 1, 20250121144715.954774
318737, 1, 20250121144716.954829
318797, 1, 20250121144717.954850
318857, 1, 20250121144718.954853
