97333, 1, 20250121091058.586334
97393, 1, 20250121091059.586347
97453, 1, 20250121091100.586402
97513, 1, 20250121091101.586447
97573, 1, 20250121091102.586429
97633, 1, 20250121091103.586466
97693, 1, 20250121091104.586492
97753, 1, 20250121091105.586514
97813, 1, 20250121091106.586566
97873, 1, 20250121091107.586575
97933, 1, 20250121091108.586612
97993, 1, 20250121091109.586638
98053, 1, 20250121091110.586673
98113, 1, 20250121091111.586703
98173, 1, 20250121091112.586732
98233, 1, 20250121091113.586759
98293, 1, 20250121091114.586767
98353, 1, 20250121091115.586806
98413, 1, 20250121091116.586841
98473, 1, 20250121091117.586867
98533, 1, 20250121091118.586891
98593, 1, 20250121091119.586937
98653, 1, 20250121091120.586977
98713, 1, 20250121091121.586985
98773, 1, 20250121091122.587014
98833, 1, 20250121091123.587030
98893, 1, 20250121091124.587054
98953, 1, 20250121091125.587085
99013, 1, 20250121091126.587122
99073, 1, 20250121091127.587142
99133, 1, 20250121091128.587171
99193, 1, 20250121091129.587229
99253, 1, 20250121091130.587245
99313, 1, 20250121091131.587259
99373, 1, 20250121091132.587275
99433, 1, 20250121091133.587311
99493, 1, 20250121091134.587348
99553, 1, 20250121091135.587368
99613, 1, 20250121091136.587394
99673, 1, 20250121091137.587425
99733, 1, 20250121091138.587491
99793, 1, 20250121091139.587520
99853, 1, 20250121091140.587505
99913, 1, 20250121091141.587543
99973, 1, 20250121091142.587547
100033, 1, 20250121091143.587599
100093, 1, 20250121091144.587624
100153, 1, 20250121091145.587650
100213, 1, 20250121091146.587672
100273, 1, 20250121091147.587702
100333, 1, 20250121091148.587742
100393, 1, 20250121091149.587783
100453, 1, 20250121091150.587794
100513, 1, 20250121091151.587828
100573, 1, 20250121091152.587852
100633, 1, 20250121091153.587883
100693, 1, 20250121091154.587919
100753, 1, 20250121091155.587940
100813, 1, 20250121091156.587971
100873, 1, 20250121091157.587999
100933, 1, 20250121091158.588054
100993, 1, 20250121091159.588076
101053, 1, 20250121091200.588076
101113, 1, 20250121091201.588105
101173, 1, 20250121091202.588141
101233, 1, 20250121091203.588166
101293, 1, 20250121091204.588201
101353, 1, 20250121091205.588241
101413, 1, 20250121091206.588264
101473, 1, 20250121091207.588299
101533, 1, 20250121091208.588325
101593, 1, 20250121091209.588345
101653, 1, 20250121091210.588377
