228229, 1, 20250122145029.489243
228289, 1, 20250122145030.489321
228349, 1, 20250122145031.489274
228409, 1, 20250122145032.489327
228469, 1, 20250122145033.489413
228529, 1, 20250122145034.489368
228589, 1, 20250122145035.489486
228649, 1, 20250122145036.489449
228709, 1, 20250122145037.489462
228769, 1, 20250122145038.489494
228829, 1, 20250122145039.489507
228889, 1, 20250122145040.489559
228949, 1, 20250122145041.489604
229009, 1, 20250122145042.489583
229069, 1, 20250122145043.489639
229129, 1, 20250122145044.489671
229189, 1, 20250122145045.489800
229249, 1, 20250122145046.489798
229309, 1, 20250122145047.489763
229369, 1, 20250122145048.489861
229429, 1, 20250122145049.489882
229489, 1, 20250122145050.489844
229549, 1, 20250122145051.489865
229609, 1, 20250122145052.489902
229669, 1, 20250122145053.489914
229729, 1, 20250122145054.489958
229789, 1, 20250122145055.489984
229849, 1, 20250122145056.490024
229909, 1, 20250122145057.490046
229969, 1, 20250122145058.490067
230029, 1, 20250122145059.490098
230089, 1, 20250122145100.490138
230149, 1, 20250122145101.490149
230209, 1, 20250122145102.490190
230269, 1, 20250122145103.490292
230329, 1, 20250122145104.490302
230389, 1, 20250122145105.490259
230449, 1, 20250122145106.490309
230509, 1, 20250122145107.490323
230569, 1, 20250122145108.490362
230629, 1, 20250122145109.490394
230689, 1, 20250122145110.490420
230749, 1, 20250122145111.490444
230809, 1, 20250122145112.490489
230869, 1, 20250122145113.490500
230929, 1, 20250122145114.490611
230989, 1, 20250122145115.490578
231049, 1, 20250122145116.490588
231109, 1, 20250122145117.490621
231169, 1, 20250122145118.490658
231229, 1, 20250122145119.490673
231289, 1, 20250122145120.490780
231349, 1, 20250122145121.490725
231409, 1, 20250122145122.490835
231469, 1, 20250122145123.490876
231529, 1, 20250122145124.490820
231589, 1, 20250122145125.490958
231649, 1, 20250122145126.490945
231709, 1, 20250122145127.490916
231769, 1, 20250122145128.490915
231829, 1, 20250122145129.491040
231889, 1, 20250122145130.490988
231949, 1, 20250122145131.491028
232009, 1, 20250122145132.491048
232069, 1, 20250122145133.491101
232129, 1, 20250122145134.491115
232189, 1, 20250122145135.491209
232249, 1, 20250122145136.491175
232309, 1, 20250122145137.491262
232369, 1, 20250122145138.491233
232429, 1, 20250122145139.491246
232489, 1, 20250122145140.491271
232549, 1, 20250122145141.491380
232609, 1, 20250122145142.491339
232669, 1, 20250122145143.491444
232729, 1, 20250122145144.491415
232789, 1, 20250122145145.491416
232849, 1, 20250122145146.491450
232909, 1, 20250122145147.491552
232969, 1, 20250122145148.491517
233029, 1, 20250122145149.491538
233089, 1, 20250122145150.491569
233149, 1, 20250122145151.491569
233209, 1, 20250122145152.491689
233269, 1, 20250122145153.491739
233329, 1, 20250122145154.491682
233389, 1, 20250122145155.491777
233449, 1, 20250122145156.491741
233509, 1, 20250122145157.491759
233569, 1, 20250122145158.491869
233629, 1, 20250122145159.491827
233689, 1, 20250122145200.491852
233749, 1, 20250122145201.491880
233809, 1, 20250122145202.491915
233869, 1, 20250122145203.491951
233929, 1, 20250122145204.491982
233989, 1, 20250122145205.492034
234049, 1, 20250122145206.492096
234109, 1, 20250122145207.492054
234169, 1, 20250122145208.492096
234229, 1, 20250122145209.492116
234289, 1, 20250122145210.492155
234349, 1, 20250122145211.492168
234409, 1, 20250122145212.492219
234469, 1, 20250122145213.492300
234529, 1, 20250122145214.492232
234589, 1, 20250122145215.492292
234649, 1, 20250122145216.492315
234709, 1, 20250122145217.492338
234769, 1, 20250122145218.492448
234829, 1, 20250122145219.492402
234889, 1, 20250122145220.492432
234949, 1, 20250122145221.492453
235009, 1, 20250122145222.492569
235069, 1, 20250122145223.492541
235129, 1, 20250122145224.492611
235189, 1, 20250122145225.492645
235249, 1, 20250122145226.492687
235309, 1, 20250122145227.492621
235369, 1, 20250122145228.492660
235429, 1, 20250122145229.492688
235489, 1, 20250122145230.492786
235549, 1, 20250122145231.492824
235609, 1, 20250122145232.492775
235669, 1, 20250122145233.492801
235729, 1, 20250122145234.492843
235789, 1, 20250122145235.492857
235849, 1, 20250122145236.492939
235909, 1, 20250122145237.492901
235969, 1, 20250122145238.492963
236029, 1, 20250122145239.493048
236089, 1, 20250122145240.493019
236149, 1, 20250122145241.493082
236209, 1, 20250122145242.493155
236269, 1, 20250122145243.493099
236329, 1, 20250122145244.493132
236389, 1, 20250122145245.493148
236449, 1, 20250122145246.493189
236509, 1, 20250122145247.493285
236569, 1, 20250122145248.493238
236629, 1, 20250122145249.493249
236689, 1, 20250122145250.493283
236749, 1, 20250122145251.493369
236809, 1, 20250122145252.493379
236869, 1, 20250122145253.493374
236929, 1, 20250122145254.493483
236989, 1, 20250122145255.493428
237049, 1, 20250122145256.493464
237109, 1, 20250122145257.493504
237169, 1, 20250122145258.493524
237229, 1, 20250122145259.493583
237289, 1, 20250122145300.493624
237349, 1, 20250122145301.493696
237409, 1, 20250122145302.493714
237469, 1, 20250122145303.493655
237529, 1, 20250122145304.493701
237589, 1, 20250122145305.493728
237649, 1, 20250122145306.493745
237709, 1, 20250122145307.493773
237769, 1, 20250122145308.493818
237829, 1, 20250122145309.493920
