819997, 1, 20241226154406.169258
820057, 1, 20241226154407.169272
820117, 1, 20241226154408.169317
820177, 1, 20241226154409.169342
820237, 1, 20241226154410.169403
820297, 1, 20241226154411.169430
820357, 1, 20241226154412.169442
820417, 1, 20241226154413.169462
820477, 1, 20241226154414.169495
820537, 1, 20241226154415.169533
820597, 1, 20241226154416.169549
820657, 1, 20241226154417.169575
820717, 1, 20241226154418.169609
820777, 1, 20241226154419.169646
820837, 1, 20241226154420.169696
820897, 1, 20241226154421.169709
820957, 1, 20241226154422.169723
821017, 1, 20241226154423.169756
821077, 1, 20241226154424.169787
821137, 1, 20241226154425.169807
821197, 1, 20241226154426.169842
821257, 1, 20241226154427.169869
821317, 1, 20241226154428.169900
821377, 1, 20241226154429.169946
821437, 1, 20241226154430.169964
821497, 1, 20241226154431.169995
821557, 1, 20241226154432.170041
821617, 1, 20241226154433.170048
821677, 1, 20241226154434.170087
821737, 1, 20241226154435.170106
821797, 1, 20241226154436.170129
821857, 1, 20241226154437.170164
