1062629, 1, 20241227175059.584683
1062689, 1, 20241227175100.584743
1062749, 1, 20241227175101.584749
1062809, 1, 20241227175102.584774
1062869, 1, 20241227175103.584805
1062929, 1, 20241227175104.584851
1062989, 1, 20241227175105.584884
1063049, 1, 20241227175106.584924
1063109, 1, 20241227175107.584940
1063169, 1, 20241227175108.584947
1063229, 1, 20241227175109.584996
1063289, 1, 20241227175110.585030
1063349, 1, 20241227175111.585053
1063409, 1, 20241227175112.585069
1063469, 1, 20241227175113.585108
1063529, 1, 20241227175114.585148
1063589, 1, 20241227175115.585176
1063649, 1, 20241227175116.585201
1063709, 1, 20241227175117.585213
1063769, 1, 20241227175118.585263
1063829, 1, 20241227175119.585282
1063889, 1, 20241227175120.585318
1063949, 1, 20241227175121.585332
1064009, 1, 20241227175122.585374
1064069, 1, 20241227175123.585395
1064129, 1, 20241227175124.585426
1064189, 1, 20241227175125.585468
1064249, 1, 20241227175126.585510
1064309, 1, 20241227175127.585531
1064369, 1, 20241227175128.585550
1064429, 1, 20241227175129.585576
1064489, 1, 20241227175130.585597
1064549, 1, 20241227175131.585630
1064609, 1, 20241227175132.585652
1064669, 1, 20241227175133.585697
1064729, 1, 20241227175134.585726
1064789, 1, 20241227175135.585763
1064849, 1, 20241227175136.585810
1064909, 1, 20241227175137.585832
1064969, 1, 20241227175138.585850
1065029, 1, 20241227175139.585874
1065089, 1, 20241227175140.585895
1065149, 1, 20241227175141.585921
1065209, 1, 20241227175142.585952
1065269, 1, 20241227175143.585975
1065329, 1, 20241227175144.586030
1065389, 1, 20241227175145.586049
1065449, 1, 20241227175146.586062
1065509, 1, 20241227175147.586100
1065569, 1, 20241227175148.586127
1065629, 1, 20241227175149.586024
1065689, 1, 20241227175150.586046
1065749, 1, 20241227175151.586214
1065809, 1, 20241227175152.586280
1065869, 1, 20241227175153.586270
1065929, 1, 20241227175154.586305
1065989, 1, 20241227175155.586342
1066049, 1, 20241227175156.586364
1066109, 1, 20241227175157.586394
1066169, 1, 20241227175158.586427
1066229, 1, 20241227175159.586454
1066289, 1, 20241227175200.586482
1066349, 1, 20241227175201.586509
1066409, 1, 20241227175202.586530
1066469, 1, 20241227175203.586571
1066529, 1, 20241227175204.586584
1066589, 1, 20241227175205.586641
1066649, 1, 20241227175206.586679
1066709, 1, 20241227175207.586688
1066769, 1, 20241227175208.586715
1066829, 1, 20241227175209.586743
1066889, 1, 20241227175210.586779
1066949, 1, 20241227175211.586792
1067009, 1, 20241227175212.586838
1067069, 1, 20241227175213.586873
1067129, 1, 20241227175214.586891
1067189, 1, 20241227175215.586801
1067249, 1, 20241227175216.586832
1067309, 1, 20241227175217.586836
1067369, 1, 20241227175218.586863
1067429, 1, 20241227175219.586893
1067489, 1, 20241227175220.586936
1067549, 1, 20241227175221.586961
1067609, 1, 20241227175222.586983
1067669, 1, 20241227175223.587016
1067729, 1, 20241227175224.587044
1067789, 1, 20241227175225.587074
1067849, 1, 20241227175226.587097
1067909, 1, 20241227175227.587130
1067969, 1, 20241227175228.587158
1068029, 1, 20241227175229.587186
1068089, 1, 20241227175230.587225
1068149, 1, 20241227175231.587255
1068209, 1, 20241227175232.587277
1068269, 1, 20241227175233.587307
1068329, 1, 20241227175234.587362
1068389, 1, 20241227175235.587383
1068449, 1, 20241227175236.587395
1068509, 1, 20241227175237.587420
1068569, 1, 20241227175238.587596
1068629, 1, 20241227175239.587609
1068689, 1, 20241227175240.587640
1068749, 1, 20241227175241.587683
1068809, 1, 20241227175242.587710
1068869, 1, 20241227175243.587752
1068929, 1, 20241227175244.587784
1068989, 1, 20241227175245.587815
1069049, 1, 20241227175246.587825
1069109, 1, 20241227175247.587867
1069169, 1, 20241227175248.587869
1069229, 1, 20241227175249.587908
1069289, 1, 20241227175250.587950
1069349, 1, 20241227175251.587982
1069409, 1, 20241227175252.587866
1069469, 1, 20241227175253.587892
1069529, 1, 20241227175254.587926
1069589, 1, 20241227175255.587941
1069649, 1, 20241227175256.587979
1069709, 1, 20241227175257.588009
1069769, 1, 20241227175258.588041
1069829, 1, 20241227175259.588072
1069889, 1, 20241227175300.588103
1069949, 1, 20241227175301.588129
1070009, 1, 20241227175302.588152
1070069, 1, 20241227175303.588183
1070129, 1, 20241227175304.588216
1070189, 1, 20241227175305.588246
1070249, 1, 20241227175306.588275
1070309, 1, 20241227175307.588294
1070369, 1, 20241227175308.588324
1070429, 1, 20241227175309.588357
1070489, 1, 20241227175310.588390
1070549, 1, 20241227175311.588419
1070609, 1, 20241227175312.588457
1070669, 1, 20241227175313.588491
1070729, 1, 20241227175314.588524
1070789, 1, 20241227175315.588534
1070849, 1, 20241227175316.588562
1070909, 1, 20241227175317.588599
1070969, 1, 20241227175318.588622
1071029, 1, 20241227175319.588672
1071089, 1, 20241227175320.588674
1071149, 1, 20241227175321.588707
1071209, 1, 20241227175322.588738
1071269, 1, 20241227175323.588792
1071329, 1, 20241227175324.588814
1071389, 1, 20241227175325.588835
1071449, 1, 20241227175326.588860
1071509, 1, 20241227175327.588886
1071569, 1, 20241227175328.588915
1071629, 1, 20241227175329.588957
1071689, 1, 20241227175330.588973
1071749, 1, 20241227175331.589005
1071809, 1, 20241227175332.589027
1071869, 1, 20241227175333.589082
1071929, 1, 20241227175334.589096
1071989, 1, 20241227175335.589270
1072049, 1, 20241227175336.589286
1072109, 1, 20241227175337.589148
1072169, 1, 20241227175338.589220
1072229, 1, 20241227175339.589232
1072289, 1, 20241227175340.589270
1072349, 1, 20241227175341.589294
1072409, 1, 20241227175342.589328
1072469, 1, 20241227175343.589348
1072529, 1, 20241227175344.589517
1072589, 1, 20241227175345.589540
1072649, 1, 20241227175346.589564
1072709, 1, 20241227175347.589613
1072769, 1, 20241227175348.589630
1072829, 1, 20241227175349.589682
1072889, 1, 20241227175350.589700
1072949, 1, 20241227175351.589581
