524767, 1, 20250111232041.984366
524827, 1, 20250111232042.984400
524887, 1, 20250111232043.984438
524947, 1, 20250111232044.984442
525007, 1, 20250111232045.984432
525067, 1, 20250111232046.984494
525127, 1, 20250111232047.984514
525187, 1, 20250111232048.984553
525247, 1, 20250111232049.984560
525307, 1, 20250111232050.984619
525367, 1, 20250111232051.984628
525427, 1, 20250111232052.984672
525487, 1, 20250111232053.984707
525547, 1, 20250111232054.984779
525607, 1, 20250111232055.984786
525667, 1, 20250111232056.984806
525727, 1, 20250111232057.984850
525787, 1, 20250111232058.984876
525847, 1, 20250111232059.984893
525907, 1, 20250111232100.984931
525967, 1, 20250111232101.984967
526027, 1, 20250111232102.985011
526087, 1, 20250111232103.985038
526147, 1, 20250111232104.985064
526207, 1, 20250111232105.985080
526267, 1, 20250111232106.985110
526327, 1, 20250111232107.985142
526387, 1, 20250111232108.985172
526447, 1, 20250111232109.985198
526507, 1, 20250111232110.985233
526567, 1, 20250111232111.985261
526627, 1, 20250111232112.985287
526687, 1, 20250111232113.985318
526747, 1, 20250111232114.985344
526807, 1, 20250111232115.985384
526867, 1, 20250111232116.985410
526927, 1, 20250111232117.985433
526987, 1, 20250111232118.985460
527047, 1, 20250111232119.985480
527107, 1, 20250111232120.985523
527167, 1, 20250111232121.985544
527227, 1, 20250111232122.985598
527287, 1, 20250111232123.985639
527347, 1, 20250111232124.985620
527407, 1, 20250111232125.985662
527467, 1, 20250111232126.985687
527527, 1, 20250111232127.985729
527587, 1, 20250111232128.985757
527647, 1, 20250111232129.985780
527707, 1, 20250111232130.985815
527767, 1, 20250111232131.985850
527827, 1, 20250111232132.985889
