832295, 1, 20250112111304.538353
832355, 1, 20250112111305.538383
832415, 1, 20250112111306.538492
832475, 1, 20250112111307.538544
832535, 1, 20250112111308.538471
832595, 1, 20250112111309.538499
832655, 1, 20250112111310.538512
832715, 1, 20250112111311.538598
832775, 1, 20250112111312.538599
832835, 1, 20250112111313.538606
832895, 1, 20250112111314.538681
832955, 1, 20250112111315.538661
833015, 1, 20250112111316.538801
833075, 1, 20250112111317.538744
833135, 1, 20250112111318.538765
833195, 1, 20250112111319.538781
833255, 1, 20250112111320.538804
833315, 1, 20250112111321.538840
833375, 1, 20250112111322.538866
833435, 1, 20250112111323.538894
833495, 1, 20250112111324.538917
833555, 1, 20250112111325.538998
833615, 1, 20250112111326.538994
833675, 1, 20250112111327.539030
833735, 1, 20250112111328.539066
833795, 1, 20250112111329.539074
833855, 1, 20250112111330.539098
833915, 1, 20250112111331.539129
833975, 1, 20250112111332.539170
834035, 1, 20250112111333.539294
834095, 1, 20250112111334.539207
834155, 1, 20250112111335.539237
834215, 1, 20250112111336.539271
834275, 1, 20250112111337.539403
834335, 1, 20250112111338.539309
834395, 1, 20250112111339.539350
834455, 1, 20250112111340.539374
834515, 1, 20250112111341.539404
834575, 1, 20250112111342.539427
834635, 1, 20250112111343.539459
834695, 1, 20250112111344.539511
834755, 1, 20250112111345.539546
834815, 1, 20250112111346.539597
