622597, 1, 20250121161141.480338
622657, 1, 20250121161142.480376
622717, 1, 20250121161143.480407
622777, 1, 20250121161144.480429
622837, 1, 20250121161145.480454
622897, 1, 20250121161146.480482
622957, 1, 20250121161147.480526
623017, 1, 20250121161148.480546
623077, 1, 20250121161149.480596
623137, 1, 20250121161150.480626
623197, 1, 20250121161151.480647
623257, 1, 20250121161152.480675
623317, 1, 20250121161153.480704
623377, 1, 20250121161154.480720
623437, 1, 20250121161155.480751
623497, 1, 20250121161156.480793
623557, 1, 20250121161157.480819
623617, 1, 20250121161158.480838
623677, 1, 20250121161159.480901
623737, 1, 20250121161200.480914
