224937, 1, 20250115135322.998500
224997, 1, 20250115135323.998500
225057, 1, 20250115135324.998522
225117, 1, 20250115135325.998557
225177, 1, 20250115135326.998585
225237, 1, 20250115135327.998616
225297, 1, 20250115135328.998509
225357, 1, 20250115135329.998533
225417, 1, 20250115135330.998563
225477, 1, 20250115135331.998617
225537, 1, 20250115135332.998784
225597, 1, 20250115135333.998801
225657, 1, 20250115135334.998819
225717, 1, 20250115135335.998846
225777, 1, 20250115135336.998878
225837, 1, 20250115135337.998914
225897, 1, 20250115135338.998939
225957, 1, 20250115135339.998967
226017, 1, 20250115135340.998994
226077, 1, 20250115135341.999026
226137, 1, 20250115135342.999051
226197, 1, 20250115135343.999079
226257, 1, 20250115135344.999115
226317, 1, 20250115135345.999147
226377, 1, 20250115135346.999161
226437, 1, 20250115135347.999196
226497, 1, 20250115135348.999228
226557, 1, 20250115135349.999268
226617, 1, 20250115135350.999307
226677, 1, 20250115135351.999332
226737, 1, 20250115135352.999346
226797, 1, 20250115135353.999380
226857, 1, 20250115135354.999407
226917, 1, 20250115135355.999439
226977, 1, 20250115135356.999469
227037, 1, 20250115135357.999497
227097, 1, 20250115135358.999515
227157, 1, 20250115135359.999425
227217, 1, 20250115135400.999476
227277, 1, 20250115135401.999499
227337, 1, 20250115135402.999508
227397, 1, 20250115135403.999670
227457, 1, 20250115135404.999692
227517, 1, 20250115135405.999730
227577, 1, 20250115135406.999747
227637, 1, 20250115135407.999780
227697, 1, 20250115135408.999817
227757, 1, 20250115135409.999855
227817, 1, 20250115135410.999897
227877, 1, 20250115135411.999902
227937, 1, 20250115135412.999936
227997, 1, 20250115135413.999966
228057, 1, 20250115135414.999990
228117, 1, 20250115135416.000019
228177, 1, 20250115135417.000062
228237, 1, 20250115135418.000088
228297, 1, 20250115135419.000108
228357, 1, 20250115135420.000125
228417, 1, 20250115135421.000046
228477, 1, 20250115135422.000067
228537, 1, 20250115135423.000098
228597, 1, 20250115135424.000122
228657, 1, 20250115135425.000296
228717, 1, 20250115135426.000317
228777, 1, 20250115135427.000342
228837, 1, 20250115135428.000377
228897, 1, 20250115135429.000406
228957, 1, 20250115135430.000473
229017, 1, 20250115135431.000473
229077, 1, 20250115135432.000487
229137, 1, 20250115135433.000528
229197, 1, 20250115135434.000559
229257, 1, 20250115135435.000583
229317, 1, 20250115135436.000612
229377, 1, 20250115135437.000631
229437, 1, 20250115135438.000668
229497, 1, 20250115135439.000695
229557, 1, 20250115135440.000756
229617, 1, 20250115135441.000779
229677, 1, 20250115135442.000787
229737, 1, 20250115135443.000817
229797, 1, 20250115135444.000848
229857, 1, 20250115135445.000864
229917, 1, 20250115135446.000904
229977, 1, 20250115135447.000932
230037, 1, 20250115135448.000955
230097, 1, 20250115135449.000992
230157, 1, 20250115135450.001008
230217, 1, 20250115135451.001056
230277, 1, 20250115135452.001081
230337, 1, 20250115135453.001108
230397, 1, 20250115135454.001133
230457, 1, 20250115135455.001168
230517, 1, 20250115135456.001207
230577, 1, 20250115135457.001223
230637, 1, 20250115135458.001238
230697, 1, 20250115135459.001300
230757, 1, 20250115135500.001331
230817, 1, 20250115135501.001329
230877, 1, 20250115135502.001357
230937, 1, 20250115135503.001391
230997, 1, 20250115135504.001414
231057, 1, 20250115135505.001459
231117, 1, 20250115135506.001467
231177, 1, 20250115135507.001497
231237, 1, 20250115135508.001521
231297, 1, 20250115135509.001575
231357, 1, 20250115135510.001602
231417, 1, 20250115135511.001605
231477, 1, 20250115135512.001643
231537, 1, 20250115135513.001669
231597, 1, 20250115135514.001699
231657, 1, 20250115135515.001725
231717, 1, 20250115135516.001763
231777, 1, 20250115135517.001789
231837, 1, 20250115135518.001807
231897, 1, 20250115135519.001862
231957, 1, 20250115135520.001883
232017, 1, 20250115135521.001907
232077, 1, 20250115135522.001924
232137, 1, 20250115135523.001957
232197, 1, 20250115135524.001992
232257, 1, 20250115135525.002013
232317, 1, 20250115135526.002044
232377, 1, 20250115135527.002059
232437, 1, 20250115135528.002091
232497, 1, 20250115135529.002142
232557, 1, 20250115135530.002149
232617, 1, 20250115135531.002178
232677, 1, 20250115135532.002221
232737, 1, 20250115135533.002233
232797, 1, 20250115135534.002264
232857, 1, 20250115135535.002299
232917, 1, 20250115135536.002320
232977, 1, 20250115135537.002362
233037, 1, 20250115135538.002397
233097, 1, 20250115135539.002432
233157, 1, 20250115135540.002445
233217, 1, 20250115135541.002481
233277, 1, 20250115135542.002535
233337, 1, 20250115135543.002582
233397, 1, 20250115135544.002608
233457, 1, 20250115135545.002649
233517, 1, 20250115135546.002674
233577, 1, 20250115135547.002686
233637, 1, 20250115135548.002757
233697, 1, 20250115135549.002785
233757, 1, 20250115135550.002803
233817, 1, 20250115135551.002834
233877, 1, 20250115135552.002876
233937, 1, 20250115135553.002851
233997, 1, 20250115135554.002902
234057, 1, 20250115135555.002932
234117, 1, 20250115135556.002958
234177, 1, 20250115135557.003001
234237, 1, 20250115135558.003011
234297, 1, 20250115135559.003070
234357, 1, 20250115135600.003097
234417, 1, 20250115135601.003182
234477, 1, 20250115135602.003198
234537, 1, 20250115135603.003226
234597, 1, 20250115135604.003244
234657, 1, 20250115135605.003262
234717, 1, 20250115135606.003313
234777, 1, 20250115135607.003348
234837, 1, 20250115135608.003407
234897, 1, 20250115135609.003388
234957, 1, 20250115135610.003316
235017, 1, 20250115135611.003345
235077, 1, 20250115135612.003379
235137, 1, 20250115135613.003410
235197, 1, 20250115135614.003437
235257, 1, 20250115135615.003462
235317, 1, 20250115135616.003494
235377, 1, 20250115135617.003537
235437, 1, 20250115135618.003571
235497, 1, 20250115135619.003570
235557, 1, 20250115135620.003608
235617, 1, 20250115135621.003640
