780479, 1, 20241226153307.511325
780539, 1, 20241226153308.511307
780599, 1, 20241226153309.511378
780659, 1, 20241226153310.511454
780719, 1, 20241226153311.511442
780779, 1, 20241226153312.511482
780839, 1, 20241226153313.511548
780899, 1, 20241226153314.511522
780959, 1, 20241226153315.511542
781019, 1, 20241226153316.511565
781079, 1, 20241226153317.511684
781139, 1, 20241226153318.511620
781199, 1, 20241226153319.511666
781259, 1, 20241226153320.511704
781319, 1, 20241226153321.511721
781379, 1, 20241226153322.511750
781439, 1, 20241226153323.511811
