182577, 1, 20250122143748.595660
182637, 1, 20250122143749.595696
182697, 1, 20250122143750.595736
182757, 1, 20250122143751.595767
182817, 1, 20250122143752.595768
182877, 1, 20250122143753.595827
182937, 1, 20250122143754.595838
182997, 1, 20250122143755.595876
183057, 1, 20250122143756.595907
183117, 1, 20250122143757.595944
183177, 1, 20250122143758.595977
183237, 1, 20250122143759.596002
183297, 1, 20250122143800.596034
183357, 1, 20250122143801.596056
183417, 1, 20250122143802.596082
183477, 1, 20250122143803.596118
183537, 1, 20250122143804.596142
183597, 1, 20250122143805.596167
183657, 1, 20250122143806.596188
183717, 1, 20250122143807.596244
183777, 1, 20250122143808.596271
183837, 1, 20250122143809.596290
183897, 1, 20250122143810.596303
183957, 1, 20250122143811.596348
184017, 1, 20250122143812.596370
184077, 1, 20250122143813.596400
184137, 1, 20250122143814.596435
184197, 1, 20250122143815.596455
184257, 1, 20250122143816.596512
184317, 1, 20250122143817.596540
184377, 1, 20250122143818.596535
184437, 1, 20250122143819.596584
184497, 1, 20250122143820.596601
184557, 1, 20250122143821.596632
184617, 1, 20250122143822.596656
184677, 1, 20250122143823.596695
184737, 1, 20250122143824.596715
184797, 1, 20250122143825.596760
184857, 1, 20250122143826.596782
184917, 1, 20250122143827.596816
184977, 1, 20250122143828.596837
185037, 1, 20250122143829.596875
185097, 1, 20250122143830.596890
185157, 1, 20250122143831.596926
185217, 1, 20250122143832.596950
185277, 1, 20250122143833.596987
185337, 1, 20250122143834.597003
185397, 1, 20250122143835.597037
185457, 1, 20250122143836.597080
185517, 1, 20250122143837.597127
185577, 1, 20250122143838.597122
185637, 1, 20250122143839.597160
185697, 1, 20250122143840.597188
185757, 1, 20250122143841.597210
185817, 1, 20250122143842.597270
185877, 1, 20250122143843.597268
185937, 1, 20250122143844.597300
185997, 1, 20250122143845.597331
186057, 1, 20250122143846.597381
186117, 1, 20250122143847.597417
186177, 1, 20250122143848.597413
186237, 1, 20250122143849.597454
186297, 1, 20250122143850.597496
186357, 1, 20250122143851.597512
186417, 1, 20250122143852.597536
186477, 1, 20250122143853.597577
186537, 1, 20250122143854.597595
186597, 1, 20250122143855.597618
186657, 1, 20250122143856.597650
186717, 1, 20250122143857.597683
186777, 1, 20250122143858.597716
186837, 1, 20250122143859.597750
186897, 1, 20250122143900.597764
186957, 1, 20250122143901.597798
187017, 1, 20250122143902.597829
187077, 1, 20250122143903.597842
187137, 1, 20250122143904.597882
187197, 1, 20250122143905.597924
187257, 1, 20250122143906.597971
187317, 1, 20250122143907.597975
187377, 1, 20250122143908.597991
187437, 1, 20250122143909.598031
187497, 1, 20250122143910.598059
187557, 1, 20250122143911.598086
187617, 1, 20250122143912.598112
187677, 1, 20250122143913.598150
187737, 1, 20250122143914.598179
187797, 1, 20250122143915.598249
187857, 1, 20250122143916.598260
187917, 1, 20250122143917.598267
187977, 1, 20250122143918.598289
188037, 1, 20250122143919.598323
188097, 1, 20250122143920.598347
188157, 1, 20250122143921.598390
188217, 1, 20250122143922.598409
188277, 1, 20250122143923.598445
188337, 1, 20250122143924.598486
188397, 1, 20250122143925.598520
188457, 1, 20250122143926.598531
188517, 1, 20250122143927.598553
188577, 1, 20250122143928.598578
188637, 1, 20250122143929.598615
188697, 1, 20250122143930.598629
188757, 1, 20250122143931.598674
188817, 1, 20250122143932.598691
188877, 1, 20250122143933.598737
188937, 1, 20250122143934.598745
188997, 1, 20250122143935.598789
189057, 1, 20250122143936.598809
189117, 1, 20250122143937.598853
189177, 1, 20250122143938.598877
189237, 1, 20250122143939.598917
189297, 1, 20250122143940.598942
189357, 1, 20250122143941.598964
189417, 1, 20250122143942.599028
189477, 1, 20250122143943.599028
189537, 1, 20250122143944.599066
189597, 1, 20250122143945.599097
189657, 1, 20250122143946.599102
189717, 1, 20250122143947.599148
189777, 1, 20250122143948.599163
189837, 1, 20250122143949.599203
189897, 1, 20250122143950.599227
189957, 1, 20250122143951.599250
190017, 1, 20250122143952.599284
190077, 1, 20250122143953.599354
190137, 1, 20250122143954.599350
190197, 1, 20250122143955.599389
190257, 1, 20250122143956.599390
190317, 1, 20250122143957.599420
190377, 1, 20250122143958.599451
190437, 1, 20250122143959.599496
190497, 1, 20250122144000.599517
190557, 1, 20250122144001.599548
190617, 1, 20250122144002.599574
190677, 1, 20250122144003.599608
190737, 1, 20250122144004.599636
190797, 1, 20250122144005.599653
190857, 1, 20250122144006.599674
190917, 1, 20250122144007.599708
190977, 1, 20250122144008.599729
191037, 1, 20250122144009.599771
191097, 1, 20250122144010.599796
191157, 1, 20250122144011.599830
191217, 1, 20250122144012.599857
191277, 1, 20250122144013.599910
191337, 1, 20250122144014.599934
191397, 1, 20250122144015.599958
191457, 1, 20250122144016.599977
191517, 1, 20250122144017.600007
191577, 1, 20250122144018.600035
191637, 1, 20250122144019.600070
191697, 1, 20250122144020.600086
191757, 1, 20250122144021.600130
191817, 1, 20250122144022.600146
191877, 1, 20250122144023.600201
191937, 1, 20250122144024.600222
191997, 1, 20250122144025.600236
192057, 1, 20250122144026.600253
192117, 1, 20250122144027.600294
192177, 1, 20250122144028.600316
192237, 1, 20250122144029.600358
192297, 1, 20250122144030.600380
192357, 1, 20250122144031.600413
192417, 1, 20250122144032.600460
192477, 1, 20250122144033.600493
192537, 1, 20250122144034.600532
192597, 1, 20250122144035.600538
192657, 1, 20250122144036.600545
192717, 1, 20250122144037.600588
192777, 1, 20250122144038.600672
192837, 1, 20250122144039.600641
192897, 1, 20250122144040.600663
192957, 1, 20250122144041.600698
193017, 1, 20250122144042.600730
193077, 1, 20250122144043.600760
193137, 1, 20250122144044.600788
193197, 1, 20250122144045.600805
193257, 1, 20250122144046.600837
193317, 1, 20250122144047.600881
