289671, 1, 20250122150733.559008
289731, 1, 20250122150734.559024
289791, 1, 20250122150735.559046
289851, 1, 20250122150736.559070
289911, 1, 20250122150737.559115
289971, 1, 20250122150738.559140
290031, 1, 20250122150739.559190
290091, 1, 20250122150740.559198
290151, 1, 20250122150741.559225
290211, 1, 20250122150742.559247
290271, 1, 20250122150743.559292
290331, 1, 20250122150744.559318
290391, 1, 20250122150745.559339
290451, 1, 20250122150746.559362
290511, 1, 20250122150747.559412
290571, 1, 20250122150748.559428
290631, 1, 20250122150749.559459
290691, 1, 20250122150750.559515
290751, 1, 20250122150751.559507
290811, 1, 20250122150752.559545
290871, 1, 20250122150753.559570
290931, 1, 20250122150754.559608
290991, 1, 20250122150755.559638
291051, 1, 20250122150756.559654
291111, 1, 20250122150757.559696
291171, 1, 20250122150758.559726
291231, 1, 20250122150759.559771
291291, 1, 20250122150800.559799
291351, 1, 20250122150801.559799
291411, 1, 20250122150802.559834
291471, 1, 20250122150803.559872
291531, 1, 20250122150804.559900
291591, 1, 20250122150805.559921
291651, 1, 20250122150806.559953
291711, 1, 20250122150807.559988
291771, 1, 20250122150808.560014
291831, 1, 20250122150809.560052
291891, 1, 20250122150810.560069
291951, 1, 20250122150811.560115
292011, 1, 20250122150812.560133
292071, 1, 20250122150813.560154
292131, 1, 20250122150814.560189
292191, 1, 20250122150815.560226
292251, 1, 20250122150816.560252
292311, 1, 20250122150817.560269
292371, 1, 20250122150818.560312
292431, 1, 20250122150819.560339
292491, 1, 20250122150820.560365
292551, 1, 20250122150821.560399
292611, 1, 20250122150822.560419
292671, 1, 20250122150823.560448
292731, 1, 20250122150824.560481
292791, 1, 20250122150825.560514
292851, 1, 20250122150826.560538
292911, 1, 20250122150827.560573
292971, 1, 20250122150828.560611
293031, 1, 20250122150829.560646
293091, 1, 20250122150830.560657
293151, 1, 20250122150831.560676
293211, 1, 20250122150832.560709
293271, 1, 20250122150833.560744
293331, 1, 20250122150834.560781
293391, 1, 20250122150835.560798
293451, 1, 20250122150836.560830
293511, 1, 20250122150837.560856
293571, 1, 20250122150838.560900
293631, 1, 20250122150839.560941
293691, 1, 20250122150840.560945
293751, 1, 20250122150841.560980
293811, 1, 20250122150842.561003
293871, 1, 20250122150843.561028
293931, 1, 20250122150844.561063
293991, 1, 20250122150845.561094
294051, 1, 20250122150846.561125
294111, 1, 20250122150847.561152
294171, 1, 20250122150848.561176
294231, 1, 20250122150849.561214
294291, 1, 20250122150850.561233
294351, 1, 20250122150851.561245
294411, 1, 20250122150852.561288
294471, 1, 20250122150853.561320
294531, 1, 20250122150854.561347
294591, 1, 20250122150855.561378
294651, 1, 20250122150856.561409
294711, 1, 20250122150857.561422
294771, 1, 20250122150858.561474
294831, 1, 20250122150859.561497
294891, 1, 20250122150900.561510
294951, 1, 20250122150901.561552
295011, 1, 20250122150902.561584
295071, 1, 20250122150903.561603
295131, 1, 20250122150904.561640
295191, 1, 20250122150905.561662
295251, 1, 20250122150906.561693
295311, 1, 20250122150907.561736
295371, 1, 20250122150908.561755
295431, 1, 20250122150909.561786
295491, 1, 20250122150910.561798
295551, 1, 20250122150911.561817
295611, 1, 20250122150912.561868
295671, 1, 20250122150913.561889
295731, 1, 20250122150914.561910
295791, 1, 20250122150915.561952
295851, 1, 20250122150916.561980
295911, 1, 20250122150917.562028
295971, 1, 20250122150918.562028
296031, 1, 20250122150919.562072
296091, 1, 20250122150920.562098
296151, 1, 20250122150921.562131
296211, 1, 20250122150922.562148
296271, 1, 20250122150923.562184
296331, 1, 20250122150924.562208
296391, 1, 20250122150925.562242
296451, 1, 20250122150926.562257
296511, 1, 20250122150927.562295
296571, 1, 20250122150928.562330
296631, 1, 20250122150929.562362
296691, 1, 20250122150930.562379
296751, 1, 20250122150931.562413
296811, 1, 20250122150932.562447
296871, 1, 20250122150933.562465
296931, 1, 20250122150934.562504
296991, 1, 20250122150935.562529
297051, 1, 20250122150936.562583
297111, 1, 20250122150937.562608
297171, 1, 20250122150938.562612
297231, 1, 20250122150939.562648
297291, 1, 20250122150940.562669
297351, 1, 20250122150941.562710
297411, 1, 20250122150942.562737
297471, 1, 20250122150943.562771
297531, 1, 20250122150944.562788
297591, 1, 20250122150945.562823
297651, 1, 20250122150946.562864
297711, 1, 20250122150947.562891
297771, 1, 20250122150948.562909
297831, 1, 20250122150949.562936
297891, 1, 20250122150950.562969
297951, 1, 20250122150951.562988
298011, 1, 20250122150952.563025
298071, 1, 20250122150953.563059
298131, 1, 20250122150954.563079
298191, 1, 20250122150955.563121
298251, 1, 20250122150956.563142
298311, 1, 20250122150957.563169
298371, 1, 20250122150958.563204
298431, 1, 20250122150959.563230
298491, 1, 20250122151000.563257
298551, 1, 20250122151001.563293
298611, 1, 20250122151002.563314
298671, 1, 20250122151003.563340
298731, 1, 20250122151004.563375
298791, 1, 20250122151005.563420
298851, 1, 20250122151006.563450
298911, 1, 20250122151007.563468
298971, 1, 20250122151008.563493
299031, 1, 20250122151009.563514
299091, 1, 20250122151010.563549
299151, 1, 20250122151011.563576
299211, 1, 20250122151012.563613
299271, 1, 20250122151013.563631
299331, 1, 20250122151014.563674
299391, 1, 20250122151015.563718
299451, 1, 20250122151016.563760
299511, 1, 20250122151017.563763
299571, 1, 20250122151018.563791
299631, 1, 20250122151019.563816
299691, 1, 20250122151020.563841
299751, 1, 20250122151021.563875
299811, 1, 20250122151022.563892
299871, 1, 20250122151023.563927
299931, 1, 20250122151024.563954
299991, 1, 20250122151025.564006
300051, 1, 20250122151026.564017
300111, 1, 20250122151027.564048
300171, 1, 20250122151028.564076
300231, 1, 20250122151029.564114
300291, 1, 20250122151030.564139
