293521, 1, 20241224111811.005264
293581, 1, 20241224111812.005292
293641, 1, 20241224111813.005400
293701, 1, 20241224111814.005358
293761, 1, 20241224111815.005395
293821, 1, 20241224111816.005403
293881, 1, 20241224111817.005438
293941, 1, 20241224111818.005466
294001, 1, 20241224111819.005501
294061, 1, 20241224111820.005522
294121, 1, 20241224111821.005554
294181, 1, 20241224111822.005588
294241, 1, 20241224111823.005616
294301, 1, 20241224111824.005696
294361, 1, 20241224111825.005662
294421, 1, 20241224111826.005705
294481, 1, 20241224111827.005729
294541, 1, 20241224111828.005748
294601, 1, 20241224111829.005778
294661, 1, 20241224111830.005819
294721, 1, 20241224111831.005840
294781, 1, 20241224111832.005947
294841, 1, 20241224111833.006027
294901, 1, 20241224111834.005935
294961, 1, 20241224111835.005976
295021, 1, 20241224111836.005986
295081, 1, 20241224111837.006091
295141, 1, 20241224111838.006084
295201, 1, 20241224111839.006089
295261, 1, 20241224111840.006124
295321, 1, 20241224111841.006104
295381, 1, 20241224111842.006231
295441, 1, 20241224111843.006275
295501, 1, 20241224111844.006232
295561, 1, 20241224111845.006244
295621, 1, 20241224111846.006275
295681, 1, 20241224111847.006386
295741, 1, 20241224111848.006333
295801, 1, 20241224111849.006375
295861, 1, 20241224111850.006390
295921, 1, 20241224111851.006483
295981, 1, 20241224111852.006448
296041, 1, 20241224111853.006544
296101, 1, 20241224111854.006531
296161, 1, 20241224111855.006540
296221, 1, 20241224111856.006611
296281, 1, 20241224111857.006632
296341, 1, 20241224111858.006632
296401, 1, 20241224111859.006661
296461, 1, 20241224111900.006726
296521, 1, 20241224111901.006724
296581, 1, 20241224111902.006830
296641, 1, 20241224111903.006818
296701, 1, 20241224111904.006885
296761, 1, 20241224111905.006792
296821, 1, 20241224111906.006946
296881, 1, 20241224111907.006891
