88055, 1, 20250110140642.142752
88115, 1, 20250110140643.142788
88175, 1, 20250110140644.142807
88235, 1, 20250110140645.142846
88295, 1, 20250110140646.142864
88355, 1, 20250110140647.142903
88415, 1, 20250110140648.142923
88475, 1, 20250110140649.142957
88535, 1, 20250110140650.142981
88595, 1, 20250110140651.143016
88655, 1, 20250110140652.143058
88715, 1, 20250110140653.143089
88775, 1, 20250110140654.143109
88835, 1, 20250110140655.143129
88895, 1, 20250110140656.143161
88955, 1, 20250110140657.143182
89015, 1, 20250110140658.143217
89075, 1, 20250110140659.143245
89135, 1, 20250110140700.143282
89195, 1, 20250110140701.143302
89255, 1, 20250110140702.143343
89315, 1, 20250110140703.143369
89375, 1, 20250110140704.143384
89435, 1, 20250110140705.143404
89495, 1, 20250110140706.143446
89555, 1, 20250110140707.143460
89615, 1, 20250110140708.143499
89675, 1, 20250110140709.143521
89735, 1, 20250110140710.143549
89795, 1, 20250110140711.143589
89855, 1, 20250110140712.143606
