1198535, 1, 20241227182844.771601
1198595, 1, 20241227182845.771629
1198655, 1, 20241227182846.771657
1198715, 1, 20241227182847.771544
1198775, 1, 20241227182848.771703
1198835, 1, 20241227182849.771744
1198895, 1, 20241227182850.771632
1198955, 1, 20241227182851.771673
1199015, 1, 20241227182852.771717
1199075, 1, 20241227182853.771723
1199135, 1, 20241227182854.771759
1199195, 1, 20241227182855.771783
1199255, 1, 20241227182856.771809
1199315, 1, 20241227182857.771837
1199375, 1, 20241227182858.771876
1199435, 1, 20241227182859.771909
1199495, 1, 20241227182900.771944
1199555, 1, 20241227182901.771976
1199615, 1, 20241227182902.772150
1199675, 1, 20241227182903.772160
1199735, 1, 20241227182904.772183
1199795, 1, 20241227182905.772221
1199855, 1, 20241227182906.772252
1199915, 1, 20241227182907.772135
1199975, 1, 20241227182908.772167
1200035, 1, 20241227182909.772198
1200095, 1, 20241227182910.772231
1200155, 1, 20241227182911.772288
1200215, 1, 20241227182912.772283
1200275, 1, 20241227182913.772315
1200335, 1, 20241227182914.772353
1200395, 1, 20241227182915.772368
1200455, 1, 20241227182916.772401
1200515, 1, 20241227182917.772438
1200575, 1, 20241227182918.772460
1200635, 1, 20241227182919.772486
1200695, 1, 20241227182920.772528
1200755, 1, 20241227182921.772547
1200815, 1, 20241227182922.772576
1200875, 1, 20241227182923.772613
1200935, 1, 20241227182924.772641
1200995, 1, 20241227182925.772665
1201055, 1, 20241227182926.772697
1201115, 1, 20241227182927.772733
1201175, 1, 20241227182928.772763
1201235, 1, 20241227182929.772787
1201295, 1, 20241227182930.772836
1201355, 1, 20241227182931.772867
1201415, 1, 20241227182932.772878
1201475, 1, 20241227182933.772907
1201535, 1, 20241227182934.772929
1201595, 1, 20241227182935.772972
1201655, 1, 20241227182936.772985
1201715, 1, 20241227182937.773153
1201775, 1, 20241227182938.773185
1201835, 1, 20241227182939.773228
1201895, 1, 20241227182940.773135
1201955, 1, 20241227182941.773165
1202015, 1, 20241227182942.773308
1202075, 1, 20241227182943.773339
1202135, 1, 20241227182944.773360
1202195, 1, 20241227182945.773401
1202255, 1, 20241227182946.773428
1202315, 1, 20241227182947.773448
1202375, 1, 20241227182948.773488
1202435, 1, 20241227182949.773510
1202495, 1, 20241227182950.773568
1202555, 1, 20241227182951.773574
1202615, 1, 20241227182952.773606
1202675, 1, 20241227182953.773630
1202735, 1, 20241227182954.773660
1202795, 1, 20241227182955.773693
1202855, 1, 20241227182956.773554
1202915, 1, 20241227182957.773746
1202975, 1, 20241227182958.773787
1203035, 1, 20241227182959.773808
1203095, 1, 20241227183000.773839
1203155, 1, 20241227183001.773870
1203215, 1, 20241227183002.773894
1203275, 1, 20241227183003.773921
1203335, 1, 20241227183004.773939
1203395, 1, 20241227183005.773989
1203455, 1, 20241227183006.774009
1203515, 1, 20241227183007.774045
1203575, 1, 20241227183008.774075
1203635, 1, 20241227183009.774108
1203695, 1, 20241227183010.774158
1203755, 1, 20241227183011.774162
1203815, 1, 20241227183012.774192
1203875, 1, 20241227183013.774224
1203935, 1, 20241227183014.774255
1203995, 1, 20241227183015.774275
1204055, 1, 20241227183016.774302
1204115, 1, 20241227183017.774337
1204175, 1, 20241227183018.774360
1204235, 1, 20241227183019.774411
1204295, 1, 20241227183020.774450
1204355, 1, 20241227183021.774457
1204415, 1, 20241227183022.774460
1204475, 1, 20241227183023.774519
1204535, 1, 20241227183024.774533
1204595, 1, 20241227183025.774579
1204655, 1, 20241227183026.774599
1204715, 1, 20241227183027.774637
1204775, 1, 20241227183028.774669
1204835, 1, 20241227183029.774710
1204895, 1, 20241227183030.774717
1204955, 1, 20241227183031.774755
1205015, 1, 20241227183032.774786
1205075, 1, 20241227183033.774813
1205135, 1, 20241227183034.774832
1205195, 1, 20241227183035.774852
1205255, 1, 20241227183036.774885
1205315, 1, 20241227183037.774916
1205375, 1, 20241227183038.774940
1205435, 1, 20241227183039.774988
1205495, 1, 20241227183040.775013
1205555, 1, 20241227183041.775043
1205615, 1, 20241227183042.775065
1205675, 1, 20241227183043.775106
1205735, 1, 20241227183044.775130
1205795, 1, 20241227183045.775151
1205855, 1, 20241227183046.775187
1205915, 1, 20241227183047.775217
1205975, 1, 20241227183048.775245
1206035, 1, 20241227183049.775293
1206095, 1, 20241227183050.775304
1206155, 1, 20241227183051.775340
1206215, 1, 20241227183052.775366
1206275, 1, 20241227183053.775397
1206335, 1, 20241227183054.775422
1206395, 1, 20241227183055.775458
1206455, 1, 20241227183056.775482
1206515, 1, 20241227183057.775507
1206575, 1, 20241227183058.775548
