133417, 1, 20250122121204.961683
133477, 1, 20250122121205.961702
133537, 1, 20250122121206.961751
133597, 1, 20250122121207.961767
133657, 1, 20250122121208.961801
133717, 1, 20250122121209.961828
133777, 1, 20250122121210.961849
133837, 1, 20250122121211.961878
133897, 1, 20250122121212.961901
133957, 1, 20250122121213.961927
134017, 1, 20250122121214.961986
134077, 1, 20250122121215.962001
134137, 1, 20250122121216.962009
134197, 1, 20250122121217.962040
134257, 1, 20250122121218.962067
134317, 1, 20250122121219.962097
134377, 1, 20250122121220.962133
134437, 1, 20250122121221.962167
134497, 1, 20250122121222.962187
134557, 1, 20250122121223.962220
134617, 1, 20250122121224.962265
134677, 1, 20250122121225.962274
134737, 1, 20250122121226.962280
134797, 1, 20250122121227.962310
134857, 1, 20250122121228.962338
134917, 1, 20250122121229.962379
134977, 1, 20250122121230.962414
135037, 1, 20250122121231.962449
135097, 1, 20250122121232.962462
135157, 1, 20250122121233.962497
135217, 1, 20250122121234.962529
135277, 1, 20250122121235.962551
135337, 1, 20250122121236.962565
135397, 1, 20250122121237.962610
135457, 1, 20250122121238.962644
135517, 1, 20250122121239.962670
135577, 1, 20250122121240.962693
135637, 1, 20250122121241.962724
135697, 1, 20250122121242.962750
135757, 1, 20250122121243.962799
135817, 1, 20250122121244.962820
135877, 1, 20250122121245.962832
135937, 1, 20250122121246.962856
135997, 1, 20250122121247.962894
136057, 1, 20250122121248.962932
136117, 1, 20250122121249.962959
136177, 1, 20250122121250.962976
136237, 1, 20250122121251.963015
136297, 1, 20250122121252.963040
136357, 1, 20250122121253.963088
136417, 1, 20250122121254.963110
136477, 1, 20250122121255.963116
136537, 1, 20250122121256.963148
136597, 1, 20250122121257.963187
136657, 1, 20250122121258.963213
136717, 1, 20250122121259.963244
136777, 1, 20250122121300.963262
136837, 1, 20250122121301.963293
136897, 1, 20250122121302.963345
136957, 1, 20250122121303.963357
137017, 1, 20250122121304.963378
137077, 1, 20250122121305.963414
137137, 1, 20250122121306.963429
137197, 1, 20250122121307.963468
137257, 1, 20250122121308.963498
137317, 1, 20250122121309.963546
137377, 1, 20250122121310.963553
137437, 1, 20250122121311.963586
137497, 1, 20250122121312.963598
137557, 1, 20250122121313.963670
137617, 1, 20250122121314.963654
137677, 1, 20250122121315.963699
137737, 1, 20250122121316.963721
137797, 1, 20250122121317.963751
137857, 1, 20250122121318.963790
137917, 1, 20250122121319.963826
137977, 1, 20250122121320.963852
138037, 1, 20250122121321.963886
138097, 1, 20250122121322.963928
138157, 1, 20250122121323.963954
138217, 1, 20250122121324.963970
138277, 1, 20250122121325.964003
138337, 1, 20250122121326.964005
138397, 1, 20250122121327.964046
138457, 1, 20250122121328.964081
138517, 1, 20250122121329.964116
138577, 1, 20250122121330.964140
138637, 1, 20250122121331.964169
138697, 1, 20250122121332.964221
138757, 1, 20250122121333.964234
138817, 1, 20250122121334.964251
138877, 1, 20250122121335.964291
138937, 1, 20250122121336.964310
138997, 1, 20250122121337.964335
139057, 1, 20250122121338.964366
139117, 1, 20250122121339.964389
139177, 1, 20250122121340.964425
139237, 1, 20250122121341.964449
139297, 1, 20250122121342.964478
139357, 1, 20250122121343.964519
139417, 1, 20250122121344.964531
139477, 1, 20250122121345.964559
139537, 1, 20250122121346.964600
139597, 1, 20250122121347.964612
139657, 1, 20250122121348.964653
139717, 1, 20250122121349.964685
139777, 1, 20250122121350.964711
139837, 1, 20250122121351.964765
139897, 1, 20250122121352.964786
139957, 1, 20250122121353.964795
140017, 1, 20250122121354.964827
140077, 1, 20250122121355.964857
140137, 1, 20250122121356.964876
140197, 1, 20250122121357.964912
140257, 1, 20250122121358.964932
140317, 1, 20250122121359.964976
140377, 1, 20250122121400.964993
140437, 1, 20250122121401.965058
140497, 1, 20250122121402.965070
140557, 1, 20250122121403.965088
140617, 1, 20250122121404.965116
140677, 1, 20250122121405.965133
140737, 1, 20250122121406.965169
140797, 1, 20250122121407.965193
140857, 1, 20250122121408.965230
140917, 1, 20250122121409.965259
140977, 1, 20250122121410.965289
141037, 1, 20250122121411.965310
141097, 1, 20250122121412.965332
141157, 1, 20250122121413.965378
141217, 1, 20250122121414.965394
141277, 1, 20250122121415.965424
141337, 1, 20250122121416.965466
141397, 1, 20250122121417.965492
141457, 1, 20250122121418.965508
141517, 1, 20250122121419.965552
141577, 1, 20250122121420.965596
141637, 1, 20250122121421.965627
141697, 1, 20250122121422.965640
141757, 1, 20250122121423.965664
141817, 1, 20250122121424.965682
141877, 1, 20250122121425.965709
141937, 1, 20250122121426.965747
141997, 1, 20250122121427.965789
142057, 1, 20250122121428.965828
142117, 1, 20250122121429.965843
142177, 1, 20250122121430.965890
142237, 1, 20250122121431.965917
142297, 1, 20250122121432.965915
142357, 1, 20250122121433.965950
142417, 1, 20250122121434.965986
142477, 1, 20250122121435.966001
142537, 1, 20250122121436.966044
142597, 1, 20250122121437.966064
142657, 1, 20250122121438.966104
142717, 1, 20250122121439.966121
142777, 1, 20250122121440.966177
142837, 1, 20250122121441.966187
142897, 1, 20250122121442.966219
142957, 1, 20250122121443.966242
143017, 1, 20250122121444.966258
143077, 1, 20250122121445.966281
143137, 1, 20250122121446.966295
143197, 1, 20250122121447.966339
143257, 1, 20250122121448.966361
143317, 1, 20250122121449.966403
143377, 1, 20250122121450.966434
143437, 1, 20250122121451.966469
143497, 1, 20250122121452.966480
143557, 1, 20250122121453.966512
143617, 1, 20250122121454.966542
143677, 1, 20250122121455.966568
143737, 1, 20250122121456.966594
143797, 1, 20250122121457.966626
143857, 1, 20250122121458.966660
143917, 1, 20250122121459.966702
143977, 1, 20250122121500.966736
144037, 1, 20250122121501.966737
144097, 1, 20250122121502.966766
144157, 1, 20250122121503.966792
