250825, 1, 20241222123017.057492
250885, 1, 20241222123018.057491
250945, 1, 20241222123019.057518
251005, 1, 20241222123020.057560
251065, 1, 20241222123021.057590
251125, 1, 20241222123022.057617
251185, 1, 20241222123023.057632
251245, 1, 20241222123024.057678
251305, 1, 20241222123025.057699
251365, 1, 20241222123026.057753
251425, 1, 20241222123027.057766
251485, 1, 20241222123028.057784
251545, 1, 20241222123029.057824
251605, 1, 20241222123030.057851
251665, 1, 20241222123031.057882
251725, 1, 20241222123032.057907
251785, 1, 20241222123033.057939
251845, 1, 20241222123034.057977
251905, 1, 20241222123035.057980
251965, 1, 20241222123036.058018
252025, 1, 20241222123037.058062
