224721, 1, 20250106112501.261118
224781, 1, 20250106112502.261142
224841, 1, 20250106112503.261192
224901, 1, 20250106112504.261223
224961, 1, 20250106112505.261220
225021, 1, 20250106112506.261264
225081, 1, 20250106112507.261295
225141, 1, 20250106112508.261348
225201, 1, 20250106112509.261385
225261, 1, 20250106112510.261393
225321, 1, 20250106112511.261426
225381, 1, 20250106112512.261438
225441, 1, 20250106112513.261470
225501, 1, 20250106112514.261496
225561, 1, 20250106112515.261540
225621, 1, 20250106112516.261565
225681, 1, 20250106112517.261619
225741, 1, 20250106112518.261634
225801, 1, 20250106112519.261716
225861, 1, 20250106112520.261730
225921, 1, 20250106112521.261765
225981, 1, 20250106112522.261787
226041, 1, 20250106112523.261822
226101, 1, 20250106112524.261838
226161, 1, 20250106112525.261868
226221, 1, 20250106112526.261913
226281, 1, 20250106112527.261908
226341, 1, 20250106112528.261959
226401, 1, 20250106112529.261975
226461, 1, 20250106112530.262042
226521, 1, 20250106112531.262063
226581, 1, 20250106112532.262083
226641, 1, 20250106112533.262098
226701, 1, 20250106112534.262157
226761, 1, 20250106112535.262161
226821, 1, 20250106112536.262216
226881, 1, 20250106112537.262247
226941, 1, 20250106112538.262306
227001, 1, 20250106112539.262281
227061, 1, 20250106112540.262329
227121, 1, 20250106112541.262403
227181, 1, 20250106112542.262386
227241, 1, 20250106112543.262417
227301, 1, 20250106112544.262476
227361, 1, 20250106112545.262487
227421, 1, 20250106112546.262554
227481, 1, 20250106112547.262545
227541, 1, 20250106112548.262572
227601, 1, 20250106112549.262629
227661, 1, 20250106112550.262729
227721, 1, 20250106112551.262670
227781, 1, 20250106112552.262726
227841, 1, 20250106112553.262768
227901, 1, 20250106112554.262761
227961, 1, 20250106112555.262720
228021, 1, 20250106112556.262861
228081, 1, 20250106112557.262868
