217779, 1, 20250112162248.466516
217839, 1, 20250112162249.466608
217899, 1, 20250112162250.466639
217959, 1, 20250112162251.466671
218019, 1, 20250112162252.466626
218079, 1, 20250112162253.466646
218139, 1, 20250112162254.466691
218199, 1, 20250112162255.466723
218259, 1, 20250112162256.466747
218319, 1, 20250112162257.466883
218379, 1, 20250112162258.466806
218439, 1, 20250112162259.466914
218499, 1, 20250112162300.466950
218559, 1, 20250112162301.466886
218619, 1, 20250112162302.467003
218679, 1, 20250112162303.466932
218739, 1, 20250112162304.466963
218799, 1, 20250112162305.467004
218859, 1, 20250112162306.467021
218919, 1, 20250112162307.467073
218979, 1, 20250112162308.467076
219039, 1, 20250112162309.467184
219099, 1, 20250112162310.467164
219159, 1, 20250112162311.467170
219219, 1, 20250112162312.467195
219279, 1, 20250112162313.467302
219339, 1, 20250112162314.467261
219399, 1, 20250112162315.467279
219459, 1, 20250112162316.467309
219519, 1, 20250112162317.467350
219579, 1, 20250112162318.467431
219639, 1, 20250112162319.467395
219699, 1, 20250112162320.467408
219759, 1, 20250112162321.467456
219819, 1, 20250112162322.467490
219879, 1, 20250112162323.467518
219939, 1, 20250112162324.467627
219999, 1, 20250112162325.467563
220059, 1, 20250112162326.467608
220119, 1, 20250112162327.467632
220179, 1, 20250112162328.467675
220239, 1, 20250112162329.467709
220299, 1, 20250112162330.467723
220359, 1, 20250112162331.467677
220419, 1, 20250112162332.467780
220479, 1, 20250112162333.467782
220539, 1, 20250112162334.467843
220599, 1, 20250112162335.467838
220659, 1, 20250112162336.467976
220719, 1, 20250112162337.467901
220779, 1, 20250112162338.467945
220839, 1, 20250112162339.467976
220899, 1, 20250112162340.468081
220959, 1, 20250112162341.468122
221019, 1, 20250112162342.468045
221079, 1, 20250112162343.468075
221139, 1, 20250112162344.468198
221199, 1, 20250112162345.468141
221259, 1, 20250112162346.468169
221319, 1, 20250112162347.468292
221379, 1, 20250112162348.468218
221439, 1, 20250112162349.468327
221499, 1, 20250112162350.468281
221559, 1, 20250112162351.468313
221619, 1, 20250112162352.468346
221679, 1, 20250112162353.468382
221739, 1, 20250112162354.468386
221799, 1, 20250112162355.468531
221859, 1, 20250112162356.468517
221919, 1, 20250112162357.468594
221979, 1, 20250112162358.468530
222039, 1, 20250112162359.468538
