409111, 1, 20250112171557.450860
409171, 1, 20250112171558.450866
409231, 1, 20250112171559.450969
409291, 1, 20250112171600.451031
409351, 1, 20250112171601.451025
409411, 1, 20250112171602.451010
409471, 1, 20250112171603.451036
409531, 1, 20250112171604.451111
409591, 1, 20250112171605.451113
409651, 1, 20250112171606.451216
409711, 1, 20250112171607.451153
409771, 1, 20250112171608.451181
409831, 1, 20250112171609.451215
409891, 1, 20250112171610.451251
409951, 1, 20250112171611.451278
410011, 1, 20250112171612.451303
410071, 1, 20250112171613.451323
410131, 1, 20250112171614.451444
410191, 1, 20250112171615.451386
410251, 1, 20250112171616.451419
410311, 1, 20250112171617.451448
410371, 1, 20250112171618.451476
410431, 1, 20250112171619.451569
410491, 1, 20250112171620.451606
410551, 1, 20250112171621.451566
410611, 1, 20250112171622.451594
410671, 1, 20250112171623.451688
410731, 1, 20250112171624.451713
410791, 1, 20250112171625.451695
410851, 1, 20250112171626.451713
410911, 1, 20250112171627.451736
410971, 1, 20250112171628.451760
411031, 1, 20250112171629.451894
411091, 1, 20250112171630.451863
411151, 1, 20250112171631.451869
411211, 1, 20250112171632.451849
411271, 1, 20250112171633.452023
411331, 1, 20250112171634.452008
411391, 1, 20250112171635.451992
411451, 1, 20250112171636.452006
