342085, 1, 20241223164120.167855
342145, 1, 20241223164121.167876
342205, 1, 20241223164122.167902
342265, 1, 20241223164123.167972
342325, 1, 20241223164124.167984
342385, 1, 20241223164125.167985
342445, 1, 20241223164126.168030
342505, 1, 20241223164127.168062
342565, 1, 20241223164128.168095
342625, 1, 20241223164129.168126
342685, 1, 20241223164130.168154
342745, 1, 20241223164131.168168
342805, 1, 20241223164132.168217
342865, 1, 20241223164133.168237
342925, 1, 20241223164134.168271
342985, 1, 20241223164135.168293
343045, 1, 20241223164136.168219
343105, 1, 20241223164137.168254
343165, 1, 20241223164138.168289
343225, 1, 20241223164139.168350
343285, 1, 20241223164140.168369
343345, 1, 20241223164141.168379
343405, 1, 20241223164142.168421
343465, 1, 20241223164143.168463
343525, 1, 20241223164144.168456
343585, 1, 20241223164145.168492
343645, 1, 20241223164146.168529
343705, 1, 20241223164147.168561
343765, 1, 20241223164148.168602
343825, 1, 20241223164149.168602
343885, 1, 20241223164150.168660
343945, 1, 20241223164151.168657
344005, 1, 20241223164152.168708
344065, 1, 20241223164153.168764
344125, 1, 20241223164154.168761
344185, 1, 20241223164155.168796
344245, 1, 20241223164156.168832
344305, 1, 20241223164157.168857
344365, 1, 20241223164158.168876
344425, 1, 20241223164159.168893
344485, 1, 20241223164200.168926
344545, 1, 20241223164201.168997
344605, 1, 20241223164202.169122
344665, 1, 20241223164203.169105
344725, 1, 20241223164204.169140
344785, 1, 20241223164205.169219
344845, 1, 20241223164206.169188
344905, 1, 20241223164207.169220
344965, 1, 20241223164208.169254
345025, 1, 20241223164209.169272
345085, 1, 20241223164210.169315
345145, 1, 20241223164211.169339
345205, 1, 20241223164212.169365
345265, 1, 20241223164213.169390
345325, 1, 20241223164214.169428
345385, 1, 20241223164215.169449
345445, 1, 20241223164216.169487
345505, 1, 20241223164217.169504
345565, 1, 20241223164218.169544
345625, 1, 20241223164219.169554
345685, 1, 20241223164220.169603
345745, 1, 20241223164221.169654
345805, 1, 20241223164222.169688
345865, 1, 20241223164223.169680
345925, 1, 20241223164224.169719
345985, 1, 20241223164225.169744
346045, 1, 20241223164226.169778
346105, 1, 20241223164227.169800
346165, 1, 20241223164228.169832
346225, 1, 20241223164229.169864
346285, 1, 20241223164230.169886
346345, 1, 20241223164231.169935
346405, 1, 20241223164232.169974
346465, 1, 20241223164233.169974
346525, 1, 20241223164234.169991
346585, 1, 20241223164235.170036
346645, 1, 20241223164236.170063
346705, 1, 20241223164237.170088
346765, 1, 20241223164238.170120
346825, 1, 20241223164239.170147
346885, 1, 20241223164240.170187
346945, 1, 20241223164241.170205
347005, 1, 20241223164242.170244
347065, 1, 20241223164243.170264
347125, 1, 20241223164244.170312
347185, 1, 20241223164245.170332
347245, 1, 20241223164246.170362
347305, 1, 20241223164247.170386
347365, 1, 20241223164248.170419
347425, 1, 20241223164249.170439
347485, 1, 20241223164250.170492
347545, 1, 20241223164251.170532
347605, 1, 20241223164252.170541
347665, 1, 20241223164253.170561
347725, 1, 20241223164254.170597
347785, 1, 20241223164255.170622
347845, 1, 20241223164256.170650
347905, 1, 20241223164257.170674
347965, 1, 20241223164258.170707
348025, 1, 20241223164259.170737
348085, 1, 20241223164300.170782
348145, 1, 20241223164301.170806
348205, 1, 20241223164302.170818
348265, 1, 20241223164303.170855
348325, 1, 20241223164304.170888
348385, 1, 20241223164305.170919
348445, 1, 20241223164306.170931
348505, 1, 20241223164307.170970
348565, 1, 20241223164308.170999
348625, 1, 20241223164309.171025
348685, 1, 20241223164310.171068
348745, 1, 20241223164311.171070
348805, 1, 20241223164312.171112
348865, 1, 20241223164313.171129
348925, 1, 20241223164314.171181
348985, 1, 20241223164315.171206
349045, 1, 20241223164316.171227
