160969, 1, 20241220162304.363957
161029, 1, 20241220162305.363982
161089, 1, 20241220162306.364011
161149, 1, 20241220162307.364041
161209, 1, 20241220162308.364051
161269, 1, 20241220162309.364090
161329, 1, 20241220162310.364118
161389, 1, 20241220162311.364154
161449, 1, 20241220162312.364171
161509, 1, 20241220162313.364214
161569, 1, 20241220162314.364231
161629, 1, 20241220162315.364270
161689, 1, 20241220162316.364290
161749, 1, 20241220162317.364332
161809, 1, 20241220162318.364353
161869, 1, 20241220162319.364391
161929, 1, 20241220162320.364417
161989, 1, 20241220162321.364433
162049, 1, 20241220162322.364464
162109, 1, 20241220162323.364496
162169, 1, 20241220162324.364516
162229, 1, 20241220162325.364547
162289, 1, 20241220162326.364576
162349, 1, 20241220162327.364620
162409, 1, 20241220162328.364640
162469, 1, 20241220162329.364687
162529, 1, 20241220162330.364728
162589, 1, 20241220162331.364721
162649, 1, 20241220162332.364747
162709, 1, 20241220162333.364784
162769, 1, 20241220162334.364811
162829, 1, 20241220162335.364839
162889, 1, 20241220162336.364867
162949, 1, 20241220162337.364895
163009, 1, 20241220162338.364942
163069, 1, 20241220162339.364954
163129, 1, 20241220162340.364980
163189, 1, 20241220162341.365016
163249, 1, 20241220162342.365039
163309, 1, 20241220162343.365065
163369, 1, 20241220162344.365100
163429, 1, 20241220162345.365134
163489, 1, 20241220162346.365154
163549, 1, 20241220162347.365184
163609, 1, 20241220162348.365211
163669, 1, 20241220162349.365252
163729, 1, 20241220162350.365273
163789, 1, 20241220162351.365298
163849, 1, 20241220162352.365336
163909, 1, 20241220162353.365362
163969, 1, 20241220162354.365384
164029, 1, 20241220162355.365415
164089, 1, 20241220162356.365443
164149, 1, 20241220162357.365472
164209, 1, 20241220162358.365528
164269, 1, 20241220162359.365554
164329, 1, 20241220162400.365569
164389, 1, 20241220162401.365601
164449, 1, 20241220162402.365611
164509, 1, 20241220162403.365645
164569, 1, 20241220162404.365668
164629, 1, 20241220162405.365700
164689, 1, 20241220162406.365729
164749, 1, 20241220162407.365773
164809, 1, 20241220162408.365811
164869, 1, 20241220162409.365839
164929, 1, 20241220162410.365842
164989, 1, 20241220162411.365884
165049, 1, 20241220162412.365899
165109, 1, 20241220162413.365937
165169, 1, 20241220162414.365971
165229, 1, 20241220162415.365993
165289, 1, 20241220162416.366004
165349, 1, 20241220162417.366059
165409, 1, 20241220162418.366076
165469, 1, 20241220162419.366106
165529, 1, 20241220162420.366139
165589, 1, 20241220162421.366169
165649, 1, 20241220162422.366189
165709, 1, 20241220162423.366220
165769, 1, 20241220162424.366252
165829, 1, 20241220162425.366285
165889, 1, 20241220162426.366306
165949, 1, 20241220162427.366359
166009, 1, 20241220162428.366379
166069, 1, 20241220162429.366390
166129, 1, 20241220162430.366408
166189, 1, 20241220162431.366462
166249, 1, 20241220162432.366492
166309, 1, 20241220162433.366502
166369, 1, 20241220162434.366535
166429, 1, 20241220162435.366564
166489, 1, 20241220162436.366586
166549, 1, 20241220162437.366643
166609, 1, 20241220162438.366672
166669, 1, 20241220162439.366684
166729, 1, 20241220162440.366718
166789, 1, 20241220162441.366723
166849, 1, 20241220162442.366772
166909, 1, 20241220162443.366793
166969, 1, 20241220162444.366827
167029, 1, 20241220162445.366857
167089, 1, 20241220162446.366892
167149, 1, 20241220162447.366940
167209, 1, 20241220162448.366940
167269, 1, 20241220162449.366969
167329, 1, 20241220162450.366993
167389, 1, 20241220162451.367026
167449, 1, 20241220162452.367058
167509, 1, 20241220162453.367089
167569, 1, 20241220162454.367106
167629, 1, 20241220162455.367141
167689, 1, 20241220162456.367173
167749, 1, 20241220162457.367203
167809, 1, 20241220162458.367219
167869, 1, 20241220162459.367259
167929, 1, 20241220162500.367297
167989, 1, 20241220162501.367321
168049, 1, 20241220162502.367345
168109, 1, 20241220162503.367386
168169, 1, 20241220162504.367407
168229, 1, 20241220162505.367443
168289, 1, 20241220162506.367475
168349, 1, 20241220162507.367488
168409, 1, 20241220162508.367512
168469, 1, 20241220162509.367559
168529, 1, 20241220162510.367564
168589, 1, 20241220162511.367598
168649, 1, 20241220162512.367634
168709, 1, 20241220162513.367654
168769, 1, 20241220162514.367685
168829, 1, 20241220162515.367726
168889, 1, 20241220162516.367768
168949, 1, 20241220162517.367785
169009, 1, 20241220162518.367806
169069, 1, 20241220162519.367832
169129, 1, 20241220162520.367857
169189, 1, 20241220162521.367901
169249, 1, 20241220162522.367924
169309, 1, 20241220162523.367934
169369, 1, 20241220162524.367977
169429, 1, 20241220162525.368012
169489, 1, 20241220162526.368052
169549, 1, 20241220162527.368061
169609, 1, 20241220162528.368100
169669, 1, 20241220162529.368123
169729, 1, 20241220162530.368147
169789, 1, 20241220162531.368175
169849, 1, 20241220162532.368199
169909, 1, 20241220162533.368237
169969, 1, 20241220162534.368271
170029, 1, 20241220162535.368290
170089, 1, 20241220162536.368318
170149, 1, 20241220162537.368364
170209, 1, 20241220162538.368376
170269, 1, 20241220162539.368407
170329, 1, 20241220162540.368434
170389, 1, 20241220162541.368473
170449, 1, 20241220162542.368489
170509, 1, 20241220162543.368534
170569, 1, 20241220162544.368549
170629, 1, 20241220162545.368609
170689, 1, 20241220162546.368628
170749, 1, 20241220162547.368654
170809, 1, 20241220162548.368663
170869, 1, 20241220162549.368704
170929, 1, 20241220162550.368724
170989, 1, 20241220162551.368815
171049, 1, 20241220162552.368798
171109, 1, 20241220162553.368812
171169, 1, 20241220162554.368837
171229, 1, 20241220162555.368882
171289, 1, 20241220162556.368925
171349, 1, 20241220162557.368933
171409, 1, 20241220162558.368954
171469, 1, 20241220162559.368995
171529, 1, 20241220162600.369015
171589, 1, 20241220162601.369046
171649, 1, 20241220162602.369068
171709, 1, 20241220162603.369106
