1094665, 1, 20250112122557.531122
1094725, 1, 20250112122558.531138
1094785, 1, 20250112122559.531179
1094845, 1, 20250112122600.531207
1094905, 1, 20250112122601.531238
1094965, 1, 20250112122602.531266
1095025, 1, 20250112122603.531302
1095085, 1, 20250112122604.531321
1095145, 1, 20250112122605.531360
1095205, 1, 20250112122606.531374
1095265, 1, 20250112122607.531412
1095325, 1, 20250112122608.531461
1095385, 1, 20250112122609.531502
1095445, 1, 20250112122610.531499
1095505, 1, 20250112122611.531543
1095565, 1, 20250112122612.531557
1095625, 1, 20250112122613.531609
1095685, 1, 20250112122614.531620
1095745, 1, 20250112122615.531639
1095805, 1, 20250112122616.531676
1095865, 1, 20250112122617.531709
1095925, 1, 20250112122618.531737
1095985, 1, 20250112122619.531783
1096045, 1, 20250112122620.531780
1096105, 1, 20250112122621.531825
1096165, 1, 20250112122622.531833
1096225, 1, 20250112122623.531869
1096285, 1, 20250112122624.531909
1096345, 1, 20250112122625.531930
1096405, 1, 20250112122626.531960
1096465, 1, 20250112122627.531985
1096525, 1, 20250112122628.532013
1096585, 1, 20250112122629.532051
1096645, 1, 20250112122630.532082
1096705, 1, 20250112122631.532107
1096765, 1, 20250112122632.532131
1096825, 1, 20250112122633.532169
1096885, 1, 20250112122634.532188
1096945, 1, 20250112122635.532228
1097005, 1, 20250112122636.532248
1097065, 1, 20250112122637.532299
1097125, 1, 20250112122638.532318
1097185, 1, 20250112122639.532346
1097245, 1, 20250112122640.532370
1097305, 1, 20250112122641.532391
1097365, 1, 20250112122642.532440
1097425, 1, 20250112122643.532471
1097485, 1, 20250112122644.532492
1097545, 1, 20250112122645.532509
1097605, 1, 20250112122646.532535
1097665, 1, 20250112122647.532596
1097725, 1, 20250112122648.532617
1097785, 1, 20250112122649.532617
1097845, 1, 20250112122650.532660
1097905, 1, 20250112122651.532686
1097965, 1, 20250112122652.532721
1098025, 1, 20250112122653.532755
1098085, 1, 20250112122654.532780
1098145, 1, 20250112122655.532801
1098205, 1, 20250112122656.532846
1098265, 1, 20250112122657.532864
1098325, 1, 20250112122658.532887
1098385, 1, 20250112122659.532928
