353363, 1, 20241226133428.647373
353423, 1, 20241226133429.647397
353483, 1, 20241226133430.647428
353543, 1, 20241226133431.647456
353603, 1, 20241226133432.647485
353663, 1, 20241226133433.647506
353723, 1, 20241226133434.647543
353783, 1, 20241226133435.647567
353843, 1, 20241226133436.647602
353903, 1, 20241226133437.647627
353963, 1, 20241226133438.647666
354023, 1, 20241226133439.647689
354083, 1, 20241226133440.647727
354143, 1, 20241226133441.647762
354203, 1, 20241226133442.647790
354263, 1, 20241226133443.647816
354323, 1, 20241226133444.647855
354383, 1, 20241226133445.647860
354443, 1, 20241226133446.647897
