316561, 1, 20250107152924.398148
316621, 1, 20250107152925.398206
316681, 1, 20250107152926.398217
316741, 1, 20250107152927.398241
316801, 1, 20250107152928.398277
316861, 1, 20250107152929.398309
316921, 1, 20250107152930.398341
316981, 1, 20250107152931.398381
317041, 1, 20250107152932.398413
317101, 1, 20250107152933.398435
317161, 1, 20250107152934.398466
317221, 1, 20250107152935.398498
317281, 1, 20250107152936.398508
317341, 1, 20250107152937.398547
317401, 1, 20250107152938.398572
317461, 1, 20250107152939.398593
317521, 1, 20250107152940.398632
317581, 1, 20250107152941.398663
317641, 1, 20250107152942.398689
317701, 1, 20250107152943.398718
317761, 1, 20250107152944.398746
317821, 1, 20250107152945.398789
317881, 1, 20250107152946.398809
317941, 1, 20250107152947.398838
318001, 1, 20250107152948.398873
318061, 1, 20250107152949.398894
318121, 1, 20250107152950.398955
318181, 1, 20250107152951.398982
318241, 1, 20250107152952.398993
318301, 1, 20250107152953.399023
318361, 1, 20250107152954.399041
318421, 1, 20250107152955.399081
318481, 1, 20250107152956.399100
318541, 1, 20250107152957.399131
318601, 1, 20250107152958.399159
318661, 1, 20250107152959.399192
318721, 1, 20250107153000.399246
318781, 1, 20250107153001.399283
318841, 1, 20250107153002.399282
318901, 1, 20250107153003.399315
318961, 1, 20250107153004.399353
319021, 1, 20250107153005.399371
319081, 1, 20250107153006.399401
319141, 1, 20250107153007.399440
319201, 1, 20250107153008.399461
319261, 1, 20250107153009.399489
319321, 1, 20250107153010.399542
319381, 1, 20250107153011.399553
319441, 1, 20250107153012.399580
319501, 1, 20250107153013.399621
319561, 1, 20250107153014.399646
319621, 1, 20250107153015.399662
319681, 1, 20250107153016.399705
319741, 1, 20250107153017.399725
319801, 1, 20250107153018.399764
319861, 1, 20250107153019.399784
319921, 1, 20250107153020.399822
319981, 1, 20250107153021.399867
320041, 1, 20250107153022.399884
320101, 1, 20250107153023.399909
320161, 1, 20250107153024.399938
320221, 1, 20250107153025.399968
320281, 1, 20250107153026.400007
320341, 1, 20250107153027.400020
320401, 1, 20250107153028.400054
320461, 1, 20250107153029.400100
320521, 1, 20250107153030.400125
320581, 1, 20250107153031.400142
320641, 1, 20250107153032.400171
320701, 1, 20250107153033.400197
320761, 1, 20250107153034.400233
320821, 1, 20250107153035.400269
320881, 1, 20250107153036.400299
320941, 1, 20250107153037.400317
321001, 1, 20250107153038.400363
321061, 1, 20250107153039.400393
321121, 1, 20250107153040.400428
321181, 1, 20250107153041.400439
321241, 1, 20250107153042.400463
321301, 1, 20250107153043.400496
321361, 1, 20250107153044.400530
321421, 1, 20250107153045.400557
321481, 1, 20250107153046.400595
321541, 1, 20250107153047.400615
321601, 1, 20250107153048.400628
321661, 1, 20250107153049.400697
321721, 1, 20250107153050.400702
321781, 1, 20250107153051.400737
321841, 1, 20250107153052.400765
321901, 1, 20250107153053.400794
321961, 1, 20250107153054.400824
322021, 1, 20250107153055.400862
322081, 1, 20250107153056.400875
322141, 1, 20250107153057.400918
322201, 1, 20250107153058.400932
322261, 1, 20250107153059.400971
322321, 1, 20250107153100.400986
322381, 1, 20250107153101.401030
322441, 1, 20250107153102.401054
322501, 1, 20250107153103.401084
322561, 1, 20250107153104.401114
322621, 1, 20250107153105.401150
322681, 1, 20250107153106.401179
322741, 1, 20250107153107.401197
322801, 1, 20250107153108.401253
322861, 1, 20250107153109.401298
322921, 1, 20250107153110.401280
322981, 1, 20250107153111.401336
323041, 1, 20250107153112.401352
323101, 1, 20250107153113.401374
323161, 1, 20250107153114.401419
323221, 1, 20250107153115.401441
323281, 1, 20250107153116.401474
323341, 1, 20250107153117.401505
323401, 1, 20250107153118.401554
323461, 1, 20250107153119.401566
323521, 1, 20250107153120.401580
323581, 1, 20250107153121.401631
323641, 1, 20250107153122.401637
323701, 1, 20250107153123.401671
323761, 1, 20250107153124.401707
323821, 1, 20250107153125.401725
323881, 1, 20250107153126.401752
323941, 1, 20250107153127.401819
324001, 1, 20250107153128.401825
324061, 1, 20250107153129.401850
324121, 1, 20250107153130.401892
324181, 1, 20250107153131.401912
324241, 1, 20250107153132.401940
324301, 1, 20250107153133.401969
324361, 1, 20250107153134.401998
324421, 1, 20250107153135.402038
324481, 1, 20250107153136.402043
324541, 1, 20250107153137.402082
324601, 1, 20250107153138.402120
324661, 1, 20250107153139.402141
324721, 1, 20250107153140.402176
324781, 1, 20250107153141.402196
324841, 1, 20250107153142.402231
324901, 1, 20250107153143.402260
324961, 1, 20250107153144.402297
325021, 1, 20250107153145.402317
325081, 1, 20250107153146.402339
325141, 1, 20250107153147.402412
325201, 1, 20250107153148.402436
325261, 1, 20250107153149.402439
325321, 1, 20250107153150.402477
325381, 1, 20250107153151.402509
325441, 1, 20250107153152.402533
325501, 1, 20250107153153.402561
325561, 1, 20250107153154.402587
325621, 1, 20250107153155.402597
325681, 1, 20250107153156.402633
325741, 1, 20250107153157.402700
325801, 1, 20250107153158.402721
325861, 1, 20250107153159.402748
325921, 1, 20250107153200.402759
325981, 1, 20250107153201.402795
326041, 1, 20250107153202.402827
326101, 1, 20250107153203.402844
326161, 1, 20250107153204.402898
326221, 1, 20250107153205.402915
326281, 1, 20250107153206.402942
326341, 1, 20250107153207.402980
326401, 1, 20250107153208.402996
326461, 1, 20250107153209.403031
326521, 1, 20250107153210.403064
326581, 1, 20250107153211.403078
326641, 1, 20250107153212.403115
326701, 1, 20250107153213.403153
326761, 1, 20250107153214.403183
326821, 1, 20250107153215.403211
326881, 1, 20250107153216.403234
326941, 1, 20250107153217.403271
327001, 1, 20250107153218.403301
327061, 1, 20250107153219.403318
327121, 1, 20250107153220.403356
327181, 1, 20250107153221.403382
327241, 1, 20250107153222.403422
