242417, 1, 20250110203107.868180
242477, 1, 20250110203108.868224
242537, 1, 20250110203109.868268
242597, 1, 20250110203110.868284
242657, 1, 20250110203111.868313
242717, 1, 20250110203112.868331
242777, 1, 20250110203113.868363
242837, 1, 20250110203114.868411
242897, 1, 20250110203115.868428
242957, 1, 20250110203116.868436
243017, 1, 20250110203117.868467
243077, 1, 20250110203118.868506
243137, 1, 20250110203119.868556
243197, 1, 20250110203120.868592
243257, 1, 20250110203121.868590
243317, 1, 20250110203122.868622
243377, 1, 20250110203123.868653
243437, 1, 20250110203124.868689
243497, 1, 20250110203125.868701
243557, 1, 20250110203126.868732
243617, 1, 20250110203127.868756
243677, 1, 20250110203128.868790
243737, 1, 20250110203129.868824
243797, 1, 20250110203130.868854
243857, 1, 20250110203131.868873
243917, 1, 20250110203132.868904
243977, 1, 20250110203133.868937
244037, 1, 20250110203134.868964
244097, 1, 20250110203135.869000
244157, 1, 20250110203136.869061
244217, 1, 20250110203137.869059
244277, 1, 20250110203138.869105
244337, 1, 20250110203139.869128
244397, 1, 20250110203140.869206
244457, 1, 20250110203141.869209
244517, 1, 20250110203142.869231
244577, 1, 20250110203143.869271
244637, 1, 20250110203144.869328
244697, 1, 20250110203145.869362
244757, 1, 20250110203146.869381
244817, 1, 20250110203147.869409
244877, 1, 20250110203148.869467
244937, 1, 20250110203149.869481
244997, 1, 20250110203150.869479
245057, 1, 20250110203151.869512
245117, 1, 20250110203152.869558
245177, 1, 20250110203153.869601
245237, 1, 20250110203154.869627
245297, 1, 20250110203155.869616
245357, 1, 20250110203156.869671
245417, 1, 20250110203157.869728
245477, 1, 20250110203158.869725
245537, 1, 20250110203159.869755
245597, 1, 20250110203200.869812
245657, 1, 20250110203201.869807
245717, 1, 20250110203202.869836
245777, 1, 20250110203203.869859
245837, 1, 20250110203204.869913
245897, 1, 20250110203205.869925
245957, 1, 20250110203206.869977
246017, 1, 20250110203207.870016
246077, 1, 20250110203208.870083
246137, 1, 20250110203209.870070
246197, 1, 20250110203210.870085
246257, 1, 20250110203211.870126
246317, 1, 20250110203212.870160
246377, 1, 20250110203213.869939
246437, 1, 20250110203214.869980
246497, 1, 20250110203215.869992
246557, 1, 20250110203216.870254
246617, 1, 20250110203217.870310
246677, 1, 20250110203218.870353
246737, 1, 20250110203219.870383
246797, 1, 20250110203220.871716
246857, 1, 20250110203221.870310
246917, 1, 20250110203222.870477
246977, 1, 20250110203223.870394
247037, 1, 20250110203224.870542
247097, 1, 20250110203225.870567
247157, 1, 20250110203226.870605
247217, 1, 20250110203227.870635
247277, 1, 20250110203228.870662
247337, 1, 20250110203229.870699
247397, 1, 20250110203230.870793
247457, 1, 20250110203231.870800
247517, 1, 20250110203232.870796
247577, 1, 20250110203233.870685
247637, 1, 20250110203234.870718
247697, 1, 20250110203235.870728
247757, 1, 20250110203236.870821
247817, 1, 20250110203237.870855
247877, 1, 20250110203238.870822
247937, 1, 20250110203239.870836
247997, 1, 20250110203240.870899
248057, 1, 20250110203241.870946
248117, 1, 20250110203242.870959
248177, 1, 20250110203243.870953
248237, 1, 20250110203244.870985
248297, 1, 20250110203245.871041
248357, 1, 20250110203246.871098
248417, 1, 20250110203247.871234
248477, 1, 20250110203248.871102
248537, 1, 20250110203249.871213
248597, 1, 20250110203250.871206
248657, 1, 20250110203251.871226
248717, 1, 20250110203252.871216
248777, 1, 20250110203253.871289
248837, 1, 20250110203254.871286
248897, 1, 20250110203255.871301
248957, 1, 20250110203256.871390
249017, 1, 20250110203257.871416
249077, 1, 20250110203258.871431
249137, 1, 20250110203259.871463
249197, 1, 20250110203300.871480
249257, 1, 20250110203301.871474
249317, 1, 20250110203302.871414
249377, 1, 20250110203303.871581
249437, 1, 20250110203304.871601
249497, 1, 20250110203305.871524
249557, 1, 20250110203306.871515
249617, 1, 20250110203307.871635
249677, 1, 20250110203308.871586
249737, 1, 20250110203309.871612
249797, 1, 20250110203310.871634
249857, 1, 20250110203311.871769
249917, 1, 20250110203312.871691
249977, 1, 20250110203313.871833
250037, 1, 20250110203314.871898
250097, 1, 20250110203315.871931
250157, 1, 20250110203316.871921
250217, 1, 20250110203317.871949
250277, 1, 20250110203318.871990
250337, 1, 20250110203319.872034
250397, 1, 20250110203320.872088
