98673, 1, 20241224124741.202793
98733, 1, 20241224124742.202679
98793, 1, 20241224124743.202701
98853, 1, 20241224124744.202732
98913, 1, 20241224124745.202765
98973, 1, 20241224124746.202786
99033, 1, 20241224124747.202820
99093, 1, 20241224124748.202845
99153, 1, 20241224124749.202868
99213, 1, 20241224124750.202897
99273, 1, 20241224124751.202929
99333, 1, 20241224124752.202963
99393, 1, 20241224124753.202984
99453, 1, 20241224124754.203010
99513, 1, 20241224124755.203037
99573, 1, 20241224124756.203078
99633, 1, 20241224124757.203106
99693, 1, 20241224124758.203129
99753, 1, 20241224124759.203175
99813, 1, 20241224124800.203203
99873, 1, 20241224124801.203206
99933, 1, 20241224124802.203246
99993, 1, 20241224124803.203279
100053, 1, 20241224124804.203314
100113, 1, 20241224124805.203331
100173, 1, 20241224124806.203362
100233, 1, 20241224124807.203389
100293, 1, 20241224124808.203419
100353, 1, 20241224124809.203470
100413, 1, 20241224124810.203510
100473, 1, 20241224124811.203520
100533, 1, 20241224124812.203542
100593, 1, 20241224124813.203560
100653, 1, 20241224124814.203593
100713, 1, 20241224124815.203612
100773, 1, 20241224124816.203660
100833, 1, 20241224124817.203682
100893, 1, 20241224124818.203717
100953, 1, 20241224124819.203755
101013, 1, 20241224124820.203769
101073, 1, 20241224124821.203800
101133, 1, 20241224124822.203828
101193, 1, 20241224124823.203856
101253, 1, 20241224124824.203897
101313, 1, 20241224124825.203915
101373, 1, 20241224124826.203946
101433, 1, 20241224124827.203977
101493, 1, 20241224124828.204003
101553, 1, 20241224124829.204036
101613, 1, 20241224124830.204067
101673, 1, 20241224124831.204097
101733, 1, 20241224124832.204125
101793, 1, 20241224124833.204161
101853, 1, 20241224124834.204186
101913, 1, 20241224124835.204211
101973, 1, 20241224124836.204247
102033, 1, 20241224124837.204257
102093, 1, 20241224124838.204310
102153, 1, 20241224124839.204350
102213, 1, 20241224124840.204350
102273, 1, 20241224124841.204376
102333, 1, 20241224124842.204418
102393, 1, 20241224124843.204449
102453, 1, 20241224124844.204466
102513, 1, 20241224124845.204504
102573, 1, 20241224124846.204525
102633, 1, 20241224124847.204570
102693, 1, 20241224124848.204600
102753, 1, 20241224124849.204633
102813, 1, 20241224124850.204633
102873, 1, 20241224124851.204670
102933, 1, 20241224124852.204699
102993, 1, 20241224124853.204727
103053, 1, 20241224124854.204763
103113, 1, 20241224124855.204787
103173, 1, 20241224124856.204809
103233, 1, 20241224124857.204850
103293, 1, 20241224124858.204873
103353, 1, 20241224124859.204905
103413, 1, 20241224124900.204936
103473, 1, 20241224124901.204955
103533, 1, 20241224124902.204993
103593, 1, 20241224124903.205015
103653, 1, 20241224124904.205046
103713, 1, 20241224124905.205079
103773, 1, 20241224124906.205104
103833, 1, 20241224124907.205136
103893, 1, 20241224124908.205185
103953, 1, 20241224124909.205195
104013, 1, 20241224124910.205223
104073, 1, 20241224124911.205246
104133, 1, 20241224124912.205279
104193, 1, 20241224124913.205310
104253, 1, 20241224124914.205336
104313, 1, 20241224124915.205367
104373, 1, 20241224124916.205403
104433, 1, 20241224124917.205445
104493, 1, 20241224124918.205480
104553, 1, 20241224124919.205491
104613, 1, 20241224124920.205497
104673, 1, 20241224124921.205543
104733, 1, 20241224124922.205568
104793, 1, 20241224124923.205591
104853, 1, 20241224124924.205626
104913, 1, 20241224124925.205651
104973, 1, 20241224124926.205671
105033, 1, 20241224124927.205729
105093, 1, 20241224124928.205765
105153, 1, 20241224124929.205769
105213, 1, 20241224124930.205793
105273, 1, 20241224124931.205826
105333, 1, 20241224124932.205851
105393, 1, 20241224124933.205881
105453, 1, 20241224124934.205908
105513, 1, 20241224124935.205931
105573, 1, 20241224124936.205970
105633, 1, 20241224124937.205993
105693, 1, 20241224124938.206022
105753, 1, 20241224124939.206049
105813, 1, 20241224124940.206081
105873, 1, 20241224124941.206115
105933, 1, 20241224124942.206140
105993, 1, 20241224124943.206173
106053, 1, 20241224124944.206201
106113, 1, 20241224124945.206228
106173, 1, 20241224124946.206278
106233, 1, 20241224124947.206300
106293, 1, 20241224124948.206316
106353, 1, 20241224124949.206338
106413, 1, 20241224124950.206362
106473, 1, 20241224124951.206396
106533, 1, 20241224124952.206425
106593, 1, 20241224124953.206461
106653, 1, 20241224124954.206480
106713, 1, 20241224124955.206515
106773, 1, 20241224124956.206560
106833, 1, 20241224124957.206597
106893, 1, 20241224124958.206595
106953, 1, 20241224124959.206630
107013, 1, 20241224125000.206660
107073, 1, 20241224125001.206686
107133, 1, 20241224125002.206715
107193, 1, 20241224125003.206728
107253, 1, 20241224125004.206769
107313, 1, 20241224125005.206800
107373, 1, 20241224125006.206850
107433, 1, 20241224125007.206862
107493, 1, 20241224125008.206888
107553, 1, 20241224125009.206916
107613, 1, 20241224125010.206949
107673, 1, 20241224125011.206979
107733, 1, 20241224125012.207006
107793, 1, 20241224125013.207032
107853, 1, 20241224125014.207062
107913, 1, 20241224125015.207091
107973, 1, 20241224125016.207118
108033, 1, 20241224125017.207150
108093, 1, 20241224125018.207171
108153, 1, 20241224125019.207207
108213, 1, 20241224125020.207235
108273, 1, 20241224125021.207266
108333, 1, 20241224125022.207292
108393, 1, 20241224125023.207320
108453, 1, 20241224125024.207348
108513, 1, 20241224125025.207397
108573, 1, 20241224125026.207432
108633, 1, 20241224125027.207433
108693, 1, 20241224125028.207462
108753, 1, 20241224125029.207483
108813, 1, 20241224125030.207515
108873, 1, 20241224125031.207549
108933, 1, 20241224125032.207584
108993, 1, 20241224125033.207609
109053, 1, 20241224125034.207633
109113, 1, 20241224125035.207677
109173, 1, 20241224125036.207707
109233, 1, 20241224125037.207719
109293, 1, 20241224125038.207750
109353, 1, 20241224125039.207772
109413, 1, 20241224125040.207806
