126001, 1, 20250112075652.541027
126061, 1, 20250112075653.541104
126121, 1, 20250112075654.541110
126181, 1, 20250112075655.541146
126241, 1, 20250112075656.541171
126301, 1, 20250112075657.541192
126361, 1, 20250112075658.541204
126421, 1, 20250112075659.541236
126481, 1, 20250112075700.541275
126541, 1, 20250112075701.541313
126601, 1, 20250112075702.541336
126661, 1, 20250112075703.541369
126721, 1, 20250112075704.541379
126781, 1, 20250112075705.541427
126841, 1, 20250112075706.541449
126901, 1, 20250112075707.541490
126961, 1, 20250112075708.541511
127021, 1, 20250112075709.541531
127081, 1, 20250112075710.541556
127141, 1, 20250112075711.541593
127201, 1, 20250112075712.541643
127261, 1, 20250112075713.541670
127321, 1, 20250112075714.541677
127381, 1, 20250112075715.541709
127441, 1, 20250112075716.541733
127501, 1, 20250112075717.541775
127561, 1, 20250112075718.541799
127621, 1, 20250112075719.541822
127681, 1, 20250112075720.541852
127741, 1, 20250112075721.541884
127801, 1, 20250112075722.541937
127861, 1, 20250112075723.541966
127921, 1, 20250112075724.541974
127981, 1, 20250112075725.542001
128041, 1, 20250112075726.542028
128101, 1, 20250112075727.542066
128161, 1, 20250112075728.542077
128221, 1, 20250112075729.542104
128281, 1, 20250112075730.542126
128341, 1, 20250112075731.542160
128401, 1, 20250112075732.542195
