465673, 1, 20250117145437.971000
465733, 1, 20250117145438.971055
465793, 1, 20250117145439.971124
465853, 1, 20250117145440.971198
465913, 1, 20250117145441.971141
465973, 1, 20250117145442.971163
466033, 1, 20250117145443.971191
466093, 1, 20250117145444.971305
466153, 1, 20250117145445.971256
466213, 1, 20250117145446.971347
466273, 1, 20250117145447.971319
466333, 1, 20250117145448.971332
466393, 1, 20250117145449.971385
466453, 1, 20250117145450.971494
466513, 1, 20250117145451.971410
466573, 1, 20250117145452.971467
466633, 1, 20250117145453.971472
466693, 1, 20250117145454.971483
466753, 1, 20250117145455.971620
466813, 1, 20250117145456.971558
466873, 1, 20250117145457.971582
466933, 1, 20250117145458.971618
466993, 1, 20250117145459.971642
467053, 1, 20250117145500.971662
467113, 1, 20250117145501.971694
467173, 1, 20250117145502.971826
467233, 1, 20250117145503.971764
467293, 1, 20250117145504.971782
467353, 1, 20250117145505.971913
467413, 1, 20250117145506.971840
467473, 1, 20250117145507.971878
467533, 1, 20250117145508.972019
467593, 1, 20250117145509.971954
467653, 1, 20250117145510.972013
467713, 1, 20250117145511.972032
467773, 1, 20250117145512.972111
467833, 1, 20250117145513.972142
467893, 1, 20250117145514.972124
