90375, 1, 20250112220306.212397
90435, 1, 20250112220307.212322
90495, 1, 20250112220308.212356
90555, 1, 20250112220309.212354
90615, 1, 20250112220310.212380
90675, 1, 20250112220311.212408
90735, 1, 20250112220312.212434
90795, 1, 20250112220313.212475
90855, 1, 20250112220314.212579
90915, 1, 20250112220315.212527
90975, 1, 20250112220316.212567
91035, 1, 20250112220317.212595
91095, 1, 20250112220318.212659
91155, 1, 20250112220319.212656
91215, 1, 20250112220320.212783
91275, 1, 20250112220321.212715
91335, 1, 20250112220322.212745
91395, 1, 20250112220323.212754
91455, 1, 20250112220324.212791
91515, 1, 20250112220325.212920
91575, 1, 20250112220326.213022
91635, 1, 20250112220327.212965
91695, 1, 20250112220328.212979
91755, 1, 20250112220329.212951
91815, 1, 20250112220330.212954
91875, 1, 20250112220331.212999
91935, 1, 20250112220332.213033
91995, 1, 20250112220333.213048
92055, 1, 20250112220334.213076
92115, 1, 20250112220335.213103
92175, 1, 20250112220336.213152
92235, 1, 20250112220337.213200
92295, 1, 20250112220338.213160
92355, 1, 20250112220339.213229
92415, 1, 20250112220340.213248
92475, 1, 20250112220341.213325
92535, 1, 20250112220342.213323
92595, 1, 20250112220343.213353
92655, 1, 20250112220344.213409
92715, 1, 20250112220345.213468
92775, 1, 20250112220346.213468
92835, 1, 20250112220347.213455
92895, 1, 20250112220348.213484
92955, 1, 20250112220349.213520
93015, 1, 20250112220350.213544
93075, 1, 20250112220351.213581
93135, 1, 20250112220352.213603
93195, 1, 20250112220353.213630
