183829, 1, 20241222121140.410917
183889, 1, 20241222121141.410940
183949, 1, 20241222121142.410983
184009, 1, 20241222121143.411001
184069, 1, 20241222121144.411032
184129, 1, 20241222121145.411063
184189, 1, 20241222121146.411113
184249, 1, 20241222121147.411139
184309, 1, 20241222121148.411143
184369, 1, 20241222121149.411166
184429, 1, 20241222121150.411195
184489, 1, 20241222121151.411240
184549, 1, 20241222121152.411276
184609, 1, 20241222121153.411287
184669, 1, 20241222121154.411326
184729, 1, 20241222121155.411358
184789, 1, 20241222121156.411387
184849, 1, 20241222121157.411435
184909, 1, 20241222121158.411452
184969, 1, 20241222121159.411469
185029, 1, 20241222121200.411494
185089, 1, 20241222121201.411516
185149, 1, 20241222121202.411560
185209, 1, 20241222121203.411591
185269, 1, 20241222121204.411616
185329, 1, 20241222121205.411648
185389, 1, 20241222121206.411681
185449, 1, 20241222121207.411695
185509, 1, 20241222121208.411729
185569, 1, 20241222121209.411757
185629, 1, 20241222121210.411771
185689, 1, 20241222121211.411833
185749, 1, 20241222121212.411862
185809, 1, 20241222121213.411886
185869, 1, 20241222121214.411900
185929, 1, 20241222121215.411941
185989, 1, 20241222121216.411961
186049, 1, 20241222121217.411993
186109, 1, 20241222121218.412025
186169, 1, 20241222121219.412065
186229, 1, 20241222121220.412089
186289, 1, 20241222121221.412125
186349, 1, 20241222121222.412144
