1006581, 1, 20241226163556.020320
1006641, 1, 20241226163557.020324
1006701, 1, 20241226163558.020356
1006761, 1, 20241226163559.020392
1006821, 1, 20241226163600.020420
1006881, 1, 20241226163601.020446
1006941, 1, 20241226163602.020470
1007001, 1, 20241226163603.020499
1007061, 1, 20241226163604.020530
1007121, 1, 20241226163605.020556
1007181, 1, 20241226163606.020587
1007241, 1, 20241226163607.020627
1007301, 1, 20241226163608.020638
1007361, 1, 20241226163609.020672
1007421, 1, 20241226163610.020695
1007481, 1, 20241226163611.020747
1007541, 1, 20241226163612.020761
1007601, 1, 20241226163613.020791
1007661, 1, 20241226163614.020831
1007721, 1, 20241226163615.020884
1007781, 1, 20241226163616.020904
1007841, 1, 20241226163617.020916
