185671, 1, 20250111214630.165359
185731, 1, 20250111214631.165406
185791, 1, 20250111214632.165431
185851, 1, 20250111214633.165441
185911, 1, 20250111214634.165463
185971, 1, 20250111214635.165501
186031, 1, 20250111214636.165541
186091, 1, 20250111214637.165561
186151, 1, 20250111214638.165588
186211, 1, 20250111214639.165623
186271, 1, 20250111214640.165532
186331, 1, 20250111214641.165544
186391, 1, 20250111214642.165714
186451, 1, 20250111214643.165602
186511, 1, 20250111214644.165626
186571, 1, 20250111214645.165664
186631, 1, 20250111214646.165692
186691, 1, 20250111214647.165724
186751, 1, 20250111214648.165750
186811, 1, 20250111214649.165769
186871, 1, 20250111214650.165804
186931, 1, 20250111214651.165849
186991, 1, 20250111214652.165865
187051, 1, 20250111214653.165887
187111, 1, 20250111214654.165931
187171, 1, 20250111214655.165953
187231, 1, 20250111214656.165985
187291, 1, 20250111214657.166019
187351, 1, 20250111214658.166043
187411, 1, 20250111214659.166063
187471, 1, 20250111214700.166129
187531, 1, 20250111214701.166138
187591, 1, 20250111214702.166171
187651, 1, 20250111214703.166185
187711, 1, 20250111214704.166225
187771, 1, 20250111214705.166251
187831, 1, 20250111214706.166277
187891, 1, 20250111214707.166311
187951, 1, 20250111214708.166342
188011, 1, 20250111214709.166372
188071, 1, 20250111214710.166414
188131, 1, 20250111214711.166445
188191, 1, 20250111214712.166471
