216355, 1, 20250107113718.186772
216415, 1, 20250107113719.186811
216475, 1, 20250107113720.186820
216535, 1, 20250107113721.186845
216595, 1, 20250107113722.186862
216655, 1, 20250107113723.186904
216715, 1, 20250107113724.186925
216775, 1, 20250107113725.186942
216835, 1, 20250107113726.186980
216895, 1, 20250107113727.187021
216955, 1, 20250107113728.187048
217015, 1, 20250107113729.187074
217075, 1, 20250107113730.187105
217135, 1, 20250107113731.187133
217195, 1, 20250107113732.187166
217255, 1, 20250107113733.187196
217315, 1, 20250107113734.187213
217375, 1, 20250107113735.187238
217435, 1, 20250107113736.187289
217495, 1, 20250107113737.187325
217555, 1, 20250107113738.187354
217615, 1, 20250107113739.187365
217675, 1, 20250107113740.187406
217735, 1, 20250107113741.187428
217795, 1, 20250107113742.187457
217855, 1, 20250107113743.187490
217915, 1, 20250107113744.187505
217975, 1, 20250107113745.187545
218035, 1, 20250107113746.187567
