245721, 1, 20250116085232.685985
245781, 1, 20250116085233.686033
245841, 1, 20250116085234.686072
245901, 1, 20250116085235.686102
245961, 1, 20250116085236.686102
246021, 1, 20250116085237.686132
246081, 1, 20250116085238.686173
246141, 1, 20250116085239.686198
246201, 1, 20250116085240.686214
246261, 1, 20250116085241.686255
246321, 1, 20250116085242.686286
246381, 1, 20250116085243.686322
246441, 1, 20250116085244.686333
246501, 1, 20250116085245.686380
246561, 1, 20250116085246.686407
246621, 1, 20250116085247.686429
246681, 1, 20250116085248.686456
246741, 1, 20250116085249.686494
246801, 1, 20250116085250.686518
246861, 1, 20250116085251.686547
246921, 1, 20250116085252.686582
246981, 1, 20250116085253.686606
247041, 1, 20250116085254.686659
247101, 1, 20250116085255.686665
247161, 1, 20250116085256.686685
247221, 1, 20250116085257.686734
247281, 1, 20250116085258.686682
247341, 1, 20250116085259.686780
247401, 1, 20250116085300.686817
247461, 1, 20250116085301.686844
247521, 1, 20250116085302.686856
247581, 1, 20250116085303.686923
247641, 1, 20250116085304.686983
247701, 1, 20250116085305.686958
247761, 1, 20250116085306.687001
247821, 1, 20250116085307.687032
247881, 1, 20250116085308.687049
247941, 1, 20250116085309.687074
248001, 1, 20250116085310.687116
248061, 1, 20250116085311.687143
248121, 1, 20250116085312.687171
248181, 1, 20250116085313.687190
248241, 1, 20250116085314.687220
248301, 1, 20250116085315.687254
248361, 1, 20250116085316.687144
248421, 1, 20250116085317.687163
248481, 1, 20250116085318.687192
248541, 1, 20250116085319.687236
248601, 1, 20250116085320.687268
248661, 1, 20250116085321.687292
248721, 1, 20250116085322.687330
248781, 1, 20250116085323.687342
248841, 1, 20250116085324.687386
248901, 1, 20250116085325.687405
248961, 1, 20250116085326.687439
249021, 1, 20250116085327.687463
249081, 1, 20250116085328.687495
