182267, 1, 20250122122539.157942
182327, 1, 20250122122540.157954
182387, 1, 20250122122541.157988
182447, 1, 20250122122542.158013
182507, 1, 20250122122543.158056
182567, 1, 20250122122544.158076
182627, 1, 20250122122545.158097
182687, 1, 20250122122546.158149
182747, 1, 20250122122547.158176
182807, 1, 20250122122548.158198
182867, 1, 20250122122549.158230
182927, 1, 20250122122550.158249
182987, 1, 20250122122551.158291
183047, 1, 20250122122552.158317
183107, 1, 20250122122553.158351
183167, 1, 20250122122554.158380
183227, 1, 20250122122555.158420
183287, 1, 20250122122556.158465
183347, 1, 20250122122557.158461
183407, 1, 20250122122558.158500
183467, 1, 20250122122559.158518
183527, 1, 20250122122600.158548
183587, 1, 20250122122601.158585
183647, 1, 20250122122602.158600
183707, 1, 20250122122603.158633
183767, 1, 20250122122604.158674
183827, 1, 20250122122605.158715
183887, 1, 20250122122606.158749
183947, 1, 20250122122607.158754
184007, 1, 20250122122608.158787
184067, 1, 20250122122609.158806
184127, 1, 20250122122610.158833
184187, 1, 20250122122611.158870
184247, 1, 20250122122612.158895
184307, 1, 20250122122613.158932
184367, 1, 20250122122614.158968
184427, 1, 20250122122615.158981
184487, 1, 20250122122616.159023
184547, 1, 20250122122617.159037
184607, 1, 20250122122618.159076
184667, 1, 20250122122619.159109
184727, 1, 20250122122620.159137
184787, 1, 20250122122621.159163
184847, 1, 20250122122622.159195
184907, 1, 20250122122623.159220
184967, 1, 20250122122624.159256
185027, 1, 20250122122625.159310
185087, 1, 20250122122626.159305
185147, 1, 20250122122627.159342
185207, 1, 20250122122628.159371
185267, 1, 20250122122629.159410
185327, 1, 20250122122630.159418
185387, 1, 20250122122631.159468
185447, 1, 20250122122632.159478
185507, 1, 20250122122633.159513
185567, 1, 20250122122634.159563
185627, 1, 20250122122635.159593
185687, 1, 20250122122636.159604
185747, 1, 20250122122637.159634
185807, 1, 20250122122638.159661
185867, 1, 20250122122639.159683
185927, 1, 20250122122640.159723
185987, 1, 20250122122641.159739
186047, 1, 20250122122642.159770
186107, 1, 20250122122643.159791
186167, 1, 20250122122644.159852
186227, 1, 20250122122645.159864
186287, 1, 20250122122646.159885
186347, 1, 20250122122647.159923
186407, 1, 20250122122648.159940
186467, 1, 20250122122649.159970
186527, 1, 20250122122650.159990
186587, 1, 20250122122651.160028
186647, 1, 20250122122652.160069
186707, 1, 20250122122653.160088
186767, 1, 20250122122654.160121
186827, 1, 20250122122655.160152
186887, 1, 20250122122656.160188
186947, 1, 20250122122657.160204
187007, 1, 20250122122658.160242
187067, 1, 20250122122659.160283
187127, 1, 20250122122700.160301
187187, 1, 20250122122701.160324
187247, 1, 20250122122702.160360
187307, 1, 20250122122703.160401
187367, 1, 20250122122704.160433
187427, 1, 20250122122705.160454
187487, 1, 20250122122706.160475
187547, 1, 20250122122707.160516
187607, 1, 20250122122708.160540
187667, 1, 20250122122709.160572
187727, 1, 20250122122710.160595
187787, 1, 20250122122711.160614
187847, 1, 20250122122712.160654
187907, 1, 20250122122713.160706
187967, 1, 20250122122714.160734
188027, 1, 20250122122715.160739
188087, 1, 20250122122716.160770
188147, 1, 20250122122717.160785
188207, 1, 20250122122718.160826
188267, 1, 20250122122719.160854
188327, 1, 20250122122720.160883
188387, 1, 20250122122721.160905
188447, 1, 20250122122722.160929
188507, 1, 20250122122723.160979
188567, 1, 20250122122724.160999
188627, 1, 20250122122725.161022
188687, 1, 20250122122726.161060
188747, 1, 20250122122727.161083
188807, 1, 20250122122728.161112
188867, 1, 20250122122729.161135
188927, 1, 20250122122730.161176
188987, 1, 20250122122731.161197
189047, 1, 20250122122732.161245
189107, 1, 20250122122733.161276
189167, 1, 20250122122734.161281
189227, 1, 20250122122735.161297
189287, 1, 20250122122736.161338
189347, 1, 20250122122737.161371
189407, 1, 20250122122738.161396
189467, 1, 20250122122739.161425
189527, 1, 20250122122740.161452
189587, 1, 20250122122741.161485
189647, 1, 20250122122742.161533
189707, 1, 20250122122743.161554
189767, 1, 20250122122744.161577
189827, 1, 20250122122745.161607
189887, 1, 20250122122746.161636
189947, 1, 20250122122747.161649
190007, 1, 20250122122748.161683
190067, 1, 20250122122749.161714
190127, 1, 20250122122750.161752
190187, 1, 20250122122751.161793
190247, 1, 20250122122752.161835
190307, 1, 20250122122753.161832
190367, 1, 20250122122754.161853
190427, 1, 20250122122755.161892
190487, 1, 20250122122756.161926
190547, 1, 20250122122757.161950
190607, 1, 20250122122758.161978
190667, 1, 20250122122759.161995
190727, 1, 20250122122800.162040
190787, 1, 20250122122801.162065
190847, 1, 20250122122802.162084
190907, 1, 20250122122803.162115
190967, 1, 20250122122804.162151
191027, 1, 20250122122805.162164
191087, 1, 20250122122806.162200
191147, 1, 20250122122807.162231
191207, 1, 20250122122808.162267
191267, 1, 20250122122809.162276
191327, 1, 20250122122810.162317
191387, 1, 20250122122811.162370
191447, 1, 20250122122812.162401
191507, 1, 20250122122813.162391
191567, 1, 20250122122814.162434
191627, 1, 20250122122815.162465
191687, 1, 20250122122816.162498
191747, 1, 20250122122817.162512
191807, 1, 20250122122818.162547
191867, 1, 20250122122819.162575
191927, 1, 20250122122820.162596
191987, 1, 20250122122821.162658
192047, 1, 20250122122822.162683
192107, 1, 20250122122823.162683
192167, 1, 20250122122824.162717
192227, 1, 20250122122825.162743
192287, 1, 20250122122826.162782
192347, 1, 20250122122827.162807
192407, 1, 20250122122828.162839
192467, 1, 20250122122829.162870
192527, 1, 20250122122830.162898
192587, 1, 20250122122831.162924
192647, 1, 20250122122832.162949
192707, 1, 20250122122833.162966
192767, 1, 20250122122834.163002
192827, 1, 20250122122835.163034
192887, 1, 20250122122836.163053
192947, 1, 20250122122837.163085
193007, 1, 20250122122838.163132
