52661, 1, 20241220155259.168705
52721, 1, 20241220155300.168768
52781, 1, 20241220155301.168802
52841, 1, 20241220155302.168860
52901, 1, 20241220155303.168865
52961, 1, 20241220155304.168879
53021, 1, 20241220155305.168911
53081, 1, 20241220155306.168936
53141, 1, 20241220155307.168965
53201, 1, 20241220155308.169039
53261, 1, 20241220155309.169091
53321, 1, 20241220155310.169071
53381, 1, 20241220155311.169075
53441, 1, 20241220155312.169115
53501, 1, 20241220155313.169164
53561, 1, 20241220155314.169078
53621, 1, 20241220155315.169197
53681, 1, 20241220155316.169225
53741, 1, 20241220155317.169270
53801, 1, 20241220155318.169294
53861, 1, 20241220155319.169334
53921, 1, 20241220155320.169352
53981, 1, 20241220155321.169390
54041, 1, 20241220155322.169394
54101, 1, 20241220155323.169435
54161, 1, 20241220155324.169495
54221, 1, 20241220155325.169506
54281, 1, 20241220155326.169506
54341, 1, 20241220155327.169558
54401, 1, 20241220155328.169567
54461, 1, 20241220155329.169647
54521, 1, 20241220155330.169637
54581, 1, 20241220155331.169664
54641, 1, 20241220155332.169652
54701, 1, 20241220155333.169723
54761, 1, 20241220155334.169772
54821, 1, 20241220155335.169775
54881, 1, 20241220155336.169821
54941, 1, 20241220155337.169850
55001, 1, 20241220155338.169851
55061, 1, 20241220155339.169878
55121, 1, 20241220155340.169933
55181, 1, 20241220155341.169945
55241, 1, 20241220155342.169966
55301, 1, 20241220155343.170010
55361, 1, 20241220155344.170063
55421, 1, 20241220155345.170084
55481, 1, 20241220155346.170093
55541, 1, 20241220155347.170140
55601, 1, 20241220155348.170173
55661, 1, 20241220155349.170214
55721, 1, 20241220155350.170233
55781, 1, 20241220155351.170181
55841, 1, 20241220155352.170269
55901, 1, 20241220155353.170294
55961, 1, 20241220155354.170323
56021, 1, 20241220155355.170362
56081, 1, 20241220155356.170403
56141, 1, 20241220155357.170409
56201, 1, 20241220155358.170496
56261, 1, 20241220155359.170487
56321, 1, 20241220155400.170452
56381, 1, 20241220155401.170523
56441, 1, 20241220155402.170560
56501, 1, 20241220155403.170550
56561, 1, 20241220155404.170648
56621, 1, 20241220155405.170678
56681, 1, 20241220155406.170703
56741, 1, 20241220155407.170660
56801, 1, 20241220155408.170690
56861, 1, 20241220155409.170792
56921, 1, 20241220155410.170817
56981, 1, 20241220155411.170851
57041, 1, 20241220155412.170867
57101, 1, 20241220155413.170881
57161, 1, 20241220155414.170848
57221, 1, 20241220155415.170844
57281, 1, 20241220155416.170983
57341, 1, 20241220155417.171020
57401, 1, 20241220155418.170985
57461, 1, 20241220155419.171001
57521, 1, 20241220155420.171034
57581, 1, 20241220155421.171142
57641, 1, 20241220155422.171091
57701, 1, 20241220155423.171190
57761, 1, 20241220155424.171153
57821, 1, 20241220155425.171165
57881, 1, 20241220155426.171196
57941, 1, 20241220155427.171217
58001, 1, 20241220155428.171281
58061, 1, 20241220155429.171289
58121, 1, 20241220155430.171312
58181, 1, 20241220155431.171345
58241, 1, 20241220155432.171454
58301, 1, 20241220155433.171497
58361, 1, 20241220155434.171443
58421, 1, 20241220155435.171514
58481, 1, 20241220155436.171582
58541, 1, 20241220155437.171607
58601, 1, 20241220155438.171569
58661, 1, 20241220155439.171556
58721, 1, 20241220155440.171684
58781, 1, 20241220155441.171646
58841, 1, 20241220155442.171664
58901, 1, 20241220155443.171694
58961, 1, 20241220155444.171806
59021, 1, 20241220155445.171752
59081, 1, 20241220155446.171814
59141, 1, 20241220155447.171853
59201, 1, 20241220155448.171844
59261, 1, 20241220155449.171966
59321, 1, 20241220155450.171982
59381, 1, 20241220155451.171963
59441, 1, 20241220155452.171933
59501, 1, 20241220155453.171987
59561, 1, 20241220155454.172090
59621, 1, 20241220155455.172123
59681, 1, 20241220155456.172125
59741, 1, 20241220155457.172198
59801, 1, 20241220155458.172200
59861, 1, 20241220155459.172157
59921, 1, 20241220155500.172183
59981, 1, 20241220155501.172231
60041, 1, 20241220155502.172247
60101, 1, 20241220155503.172310
60161, 1, 20241220155504.172336
60221, 1, 20241220155505.172408
60281, 1, 20241220155506.172406
60341, 1, 20241220155507.172413
60401, 1, 20241220155508.172417
60461, 1, 20241220155509.172449
60521, 1, 20241220155510.172547
60581, 1, 20241220155511.172504
60641, 1, 20241220155512.172615
60701, 1, 20241220155513.172563
60761, 1, 20241220155514.172647
60821, 1, 20241220155515.172678
60881, 1, 20241220155516.172608
60941, 1, 20241220155517.172684
61001, 1, 20241220155518.172705
61061, 1, 20241220155519.172736
61121, 1, 20241220155520.172764
61181, 1, 20241220155521.172784
61241, 1, 20241220155522.172817
61301, 1, 20241220155523.172847
61361, 1, 20241220155524.172887
61421, 1, 20241220155525.172910
61481, 1, 20241220155526.172988
61541, 1, 20241220155527.172972
61601, 1, 20241220155528.172966
61661, 1, 20241220155529.173021
61721, 1, 20241220155530.173057
61781, 1, 20241220155531.173094
61841, 1, 20241220155532.173120
61901, 1, 20241220155533.173146
61961, 1, 20241220155534.173178
62021, 1, 20241220155535.173285
62081, 1, 20241220155536.173252
62141, 1, 20241220155537.173257
62201, 1, 20241220155538.173368
62261, 1, 20241220155539.173371
62321, 1, 20241220155540.173331
62381, 1, 20241220155541.173372
62441, 1, 20241220155542.173413
62501, 1, 20241220155543.173440
62561, 1, 20241220155544.173464
62621, 1, 20241220155545.173533
62681, 1, 20241220155546.173547
62741, 1, 20241220155547.173549
62801, 1, 20241220155548.173652
62861, 1, 20241220155549.173680
62921, 1, 20241220155550.173625
62981, 1, 20241220155551.173719
63041, 1, 20241220155552.173729
63101, 1, 20241220155553.173700
63161, 1, 20241220155554.173788
63221, 1, 20241220155555.173844
63281, 1, 20241220155556.173800
63341, 1, 20241220155557.173870
63401, 1, 20241220155558.173927
