862387, 1, 20241226155552.695728
862447, 1, 20241226155553.695746
862507, 1, 20241226155554.695777
862567, 1, 20241226155555.695801
862627, 1, 20241226155556.695833
862687, 1, 20241226155557.695881
862747, 1, 20241226155558.695888
862807, 1, 20241226155559.695937
862867, 1, 20241226155600.695949
862927, 1, 20241226155601.695996
862987, 1, 20241226155602.696017
863047, 1, 20241226155603.696034
863107, 1, 20241226155604.696079
863167, 1, 20241226155605.696116
863227, 1, 20241226155606.696155
863287, 1, 20241226155607.696148
863347, 1, 20241226155608.696190
863407, 1, 20241226155609.696222
863467, 1, 20241226155610.696242
