369407, 1, 20250111223732.551779
369467, 1, 20250111223733.551776
369527, 1, 20250111223734.551825
369587, 1, 20250111223735.551855
369647, 1, 20250111223736.551886
369707, 1, 20250111223737.551934
369767, 1, 20250111223738.551919
369827, 1, 20250111223739.551969
369887, 1, 20250111223740.551970
369947, 1, 20250111223741.552050
370007, 1, 20250111223742.551901
370067, 1, 20250111223743.551911
370127, 1, 20250111223744.552092
370187, 1, 20250111223745.552115
370247, 1, 20250111223746.552128
370307, 1, 20250111223747.552243
370367, 1, 20250111223748.552207
370427, 1, 20250111223749.552231
370487, 1, 20250111223750.552315
370547, 1, 20250111223751.552283
370607, 1, 20250111223752.552386
370667, 1, 20250111223753.552429
370727, 1, 20250111223754.552449
370787, 1, 20250111223755.552416
370847, 1, 20250111223756.552438
370907, 1, 20250111223757.552550
370967, 1, 20250111223758.552500
371027, 1, 20250111223759.552519
371087, 1, 20250111223800.552553
371147, 1, 20250111223801.552634
371207, 1, 20250111223802.552634
371267, 1, 20250111223803.552720
371327, 1, 20250111223804.552668
371387, 1, 20250111223805.552692
371447, 1, 20250111223806.552728
371507, 1, 20250111223807.552759
371567, 1, 20250111223808.552781
371627, 1, 20250111223809.552880
371687, 1, 20250111223810.552851
371747, 1, 20250111223811.552931
371807, 1, 20250111223812.552928
