378605, 1, 20250107154638.504080
378665, 1, 20250107154639.504096
378725, 1, 20250107154640.504129
378785, 1, 20250107154641.504192
378845, 1, 20250107154642.504183
378905, 1, 20250107154643.504205
378965, 1, 20250107154644.504251
379025, 1, 20250107154645.504268
379085, 1, 20250107154646.504313
379145, 1, 20250107154647.504334
379205, 1, 20250107154648.504365
379265, 1, 20250107154649.504385
379325, 1, 20250107154650.504443
379385, 1, 20250107154651.504461
379445, 1, 20250107154652.504498
379505, 1, 20250107154653.504504
379565, 1, 20250107154654.504535
379625, 1, 20250107154655.504566
379685, 1, 20250107154656.504591
379745, 1, 20250107154657.504625
379805, 1, 20250107154658.504651
379865, 1, 20250107154659.504681
379925, 1, 20250107154700.504726
379985, 1, 20250107154701.504733
380045, 1, 20250107154702.504770
380105, 1, 20250107154703.504787
380165, 1, 20250107154704.504823
380225, 1, 20250107154705.504862
380285, 1, 20250107154706.504887
380345, 1, 20250107154707.504901
380405, 1, 20250107154708.504946
380465, 1, 20250107154709.504971
380525, 1, 20250107154710.504988
380585, 1, 20250107154711.505017
380645, 1, 20250107154712.505057
380705, 1, 20250107154713.505086
380765, 1, 20250107154714.505114
380825, 1, 20250107154715.505143
380885, 1, 20250107154716.505160
380945, 1, 20250107154717.505202
381005, 1, 20250107154718.505229
381065, 1, 20250107154719.505263
381125, 1, 20250107154720.505309
381185, 1, 20250107154721.505294
381245, 1, 20250107154722.505340
381305, 1, 20250107154723.505364
381365, 1, 20250107154724.505390
381425, 1, 20250107154725.505413
381485, 1, 20250107154726.505455
381545, 1, 20250107154727.505481
381605, 1, 20250107154728.505505
381665, 1, 20250107154729.505561
381725, 1, 20250107154730.505593
381785, 1, 20250107154731.505587
381845, 1, 20250107154732.505622
381905, 1, 20250107154733.505641
381965, 1, 20250107154734.505677
382025, 1, 20250107154735.505714
382085, 1, 20250107154736.505739
382145, 1, 20250107154737.505761
382205, 1, 20250107154738.505792
382265, 1, 20250107154739.505820
382325, 1, 20250107154740.505848
382385, 1, 20250107154741.505873
382445, 1, 20250107154742.505906
382505, 1, 20250107154743.505938
382565, 1, 20250107154744.505965
382625, 1, 20250107154745.505992
382685, 1, 20250107154746.506022
382745, 1, 20250107154747.506061
382805, 1, 20250107154748.506104
382865, 1, 20250107154749.506127
382925, 1, 20250107154750.506139
382985, 1, 20250107154751.506162
383045, 1, 20250107154752.506191
383105, 1, 20250107154753.506219
383165, 1, 20250107154754.506254
383225, 1, 20250107154755.506272
383285, 1, 20250107154756.506316
383345, 1, 20250107154757.506334
383405, 1, 20250107154758.506385
383465, 1, 20250107154759.506403
383525, 1, 20250107154800.506427
383585, 1, 20250107154801.506450
383645, 1, 20250107154802.506486
383705, 1, 20250107154803.506504
383765, 1, 20250107154804.506539
383825, 1, 20250107154805.506565
383885, 1, 20250107154806.506601
383945, 1, 20250107154807.506640
384005, 1, 20250107154808.506660
384065, 1, 20250107154809.506684
384125, 1, 20250107154810.506712
384185, 1, 20250107154811.506733
384245, 1, 20250107154812.506761
384305, 1, 20250107154813.506797
384365, 1, 20250107154814.506830
384425, 1, 20250107154815.506846
384485, 1, 20250107154816.506874
384545, 1, 20250107154817.506899
384605, 1, 20250107154818.506969
384665, 1, 20250107154819.506972
384725, 1, 20250107154820.506994
384785, 1, 20250107154821.507034
384845, 1, 20250107154822.507055
384905, 1, 20250107154823.507073
384965, 1, 20250107154824.507123
385025, 1, 20250107154825.507144
385085, 1, 20250107154826.507174
385145, 1, 20250107154827.507212
385205, 1, 20250107154828.507256
385265, 1, 20250107154829.507262
385325, 1, 20250107154830.507280
385385, 1, 20250107154831.507314
385445, 1, 20250107154832.507340
385505, 1, 20250107154833.507390
385565, 1, 20250107154834.507403
385625, 1, 20250107154835.507427
385685, 1, 20250107154836.507455
385745, 1, 20250107154837.507510
385805, 1, 20250107154838.507517
385865, 1, 20250107154839.507555
385925, 1, 20250107154840.507574
385985, 1, 20250107154841.507610
386045, 1, 20250107154842.507614
386105, 1, 20250107154843.507638
386165, 1, 20250107154844.507675
386225, 1, 20250107154845.507700
386285, 1, 20250107154846.507740
386345, 1, 20250107154847.507749
386405, 1, 20250107154848.507783
386465, 1, 20250107154849.507813
386525, 1, 20250107154850.507848
386585, 1, 20250107154851.507882
386645, 1, 20250107154852.507894
386705, 1, 20250107154853.507924
386765, 1, 20250107154854.507955
386825, 1, 20250107154855.507952
386885, 1, 20250107154856.508019
386945, 1, 20250107154857.508045
387005, 1, 20250107154858.508066
387065, 1, 20250107154859.508119
387125, 1, 20250107154900.508163
387185, 1, 20250107154901.508200
387245, 1, 20250107154902.508215
387305, 1, 20250107154903.508253
387365, 1, 20250107154904.508300
387425, 1, 20250107154905.508338
387485, 1, 20250107154906.508349
387545, 1, 20250107154907.508392
387605, 1, 20250107154908.508340
387665, 1, 20250107154909.508358
387725, 1, 20250107154910.508431
387785, 1, 20250107154911.508419
387845, 1, 20250107154912.508451
387905, 1, 20250107154913.508466
387965, 1, 20250107154914.508510
388025, 1, 20250107154915.508529
388085, 1, 20250107154916.508576
388145, 1, 20250107154917.508600
388205, 1, 20250107154918.508635
388265, 1, 20250107154919.508666
388325, 1, 20250107154920.508678
388385, 1, 20250107154921.508709
388445, 1, 20250107154922.508742
388505, 1, 20250107154923.508768
388565, 1, 20250107154924.508798
388625, 1, 20250107154925.508851
388685, 1, 20250107154926.508888
388745, 1, 20250107154927.508899
388805, 1, 20250107154928.508918
388865, 1, 20250107154929.508944
388925, 1, 20250107154930.508985
388985, 1, 20250107154931.509003
389045, 1, 20250107154932.509046
389105, 1, 20250107154933.509072
389165, 1, 20250107154934.509090
389225, 1, 20250107154935.509128
389285, 1, 20250107154936.509171
