274929, 1, 20241224111301.126692
274989, 1, 20241224111302.126724
275049, 1, 20241224111303.126740
275109, 1, 20241224111304.126766
275169, 1, 20241224111305.126807
275229, 1, 20241224111306.126839
275289, 1, 20241224111307.126859
275349, 1, 20241224111308.126877
275409, 1, 20241224111309.126914
275469, 1, 20241224111310.126949
275529, 1, 20241224111311.126979
275589, 1, 20241224111312.127017
275649, 1, 20241224111313.127060
275709, 1, 20241224111314.127068
275769, 1, 20241224111315.127094
275829, 1, 20241224111316.127130
275889, 1, 20241224111317.127151
275949, 1, 20241224111318.127173
276009, 1, 20241224111319.127208
276069, 1, 20241224111320.127235
276129, 1, 20241224111321.127259
276189, 1, 20241224111322.127321
276249, 1, 20241224111323.127330
276309, 1, 20241224111324.127350
276369, 1, 20241224111325.127373
