31111, 1, 20241220154659.991751
31171, 1, 20241220154700.991784
31231, 1, 20241220154701.991813
31291, 1, 20241220154702.991832
31351, 1, 20241220154703.991857
31411, 1, 20241220154704.991902
31471, 1, 20241220154705.991919
31531, 1, 20241220154706.991962
31591, 1, 20241220154707.991981
31651, 1, 20241220154708.992013
31711, 1, 20241220154709.992039
31771, 1, 20241220154710.992076
31831, 1, 20241220154711.992104
31891, 1, 20241220154712.992128
31951, 1, 20241220154713.992176
32011, 1, 20241220154714.992186
32071, 1, 20241220154715.992208
32131, 1, 20241220154716.992243
32191, 1, 20241220154717.992263
32251, 1, 20241220154718.992300
32311, 1, 20241220154719.992333
32371, 1, 20241220154720.992356
32431, 1, 20241220154721.992379
32491, 1, 20241220154722.992412
32551, 1, 20241220154723.992471
32611, 1, 20241220154724.992486
32671, 1, 20241220154725.992494
32731, 1, 20241220154726.992526
32791, 1, 20241220154727.992564
32851, 1, 20241220154728.992588
32911, 1, 20241220154729.992609
32971, 1, 20241220154730.992640
33031, 1, 20241220154731.992662
33091, 1, 20241220154732.992727
33151, 1, 20241220154733.992748
33211, 1, 20241220154734.992759
33271, 1, 20241220154735.992787
33331, 1, 20241220154736.992820
33391, 1, 20241220154737.992844
33451, 1, 20241220154738.992888
33511, 1, 20241220154739.992913
33571, 1, 20241220154740.992940
33631, 1, 20241220154741.992966
33691, 1, 20241220154742.992996
33751, 1, 20241220154743.993020
33811, 1, 20241220154744.993052
33871, 1, 20241220154745.993082
33931, 1, 20241220154746.993105
33991, 1, 20241220154747.993139
34051, 1, 20241220154748.993169
34111, 1, 20241220154749.993207
34171, 1, 20241220154750.993213
34231, 1, 20241220154751.993244
34291, 1, 20241220154752.993305
34351, 1, 20241220154753.993329
34411, 1, 20241220154754.993341
34471, 1, 20241220154755.993363
34531, 1, 20241220154756.993406
34591, 1, 20241220154757.993424
34651, 1, 20241220154758.993468
34711, 1, 20241220154759.993489
34771, 1, 20241220154800.993524
34831, 1, 20241220154801.993551
34891, 1, 20241220154802.993581
34951, 1, 20241220154803.993617
35011, 1, 20241220154804.993641
35071, 1, 20241220154805.993665
35131, 1, 20241220154806.993693
35191, 1, 20241220154807.993712
35251, 1, 20241220154808.993748
35311, 1, 20241220154809.993766
35371, 1, 20241220154810.993807
35431, 1, 20241220154811.993832
35491, 1, 20241220154812.993867
35551, 1, 20241220154813.993886
35611, 1, 20241220154814.993912
35671, 1, 20241220154815.993946
35731, 1, 20241220154816.993979
35791, 1, 20241220154817.994009
35851, 1, 20241220154818.994044
35911, 1, 20241220154819.994066
35971, 1, 20241220154820.994085
36031, 1, 20241220154821.994127
36091, 1, 20241220154822.994178
36151, 1, 20241220154823.994187
36211, 1, 20241220154824.994216
36271, 1, 20241220154825.994252
36331, 1, 20241220154826.994281
36391, 1, 20241220154827.994297
36451, 1, 20241220154828.994333
36511, 1, 20241220154829.994362
36571, 1, 20241220154830.994386
36631, 1, 20241220154831.994436
36691, 1, 20241220154832.994481
36751, 1, 20241220154833.994471
36811, 1, 20241220154834.994509
36871, 1, 20241220154835.994533
36931, 1, 20241220154836.994565
36991, 1, 20241220154837.994599
37051, 1, 20241220154838.994620
37111, 1, 20241220154839.994652
37171, 1, 20241220154840.994684
37231, 1, 20241220154841.994731
37291, 1, 20241220154842.994759
37351, 1, 20241220154843.994776
37411, 1, 20241220154844.994807
37471, 1, 20241220154845.994833
37531, 1, 20241220154846.994860
37591, 1, 20241220154847.994870
37651, 1, 20241220154848.994899
37711, 1, 20241220154849.994982
37771, 1, 20241220154850.994982
37831, 1, 20241220154851.994988
37891, 1, 20241220154852.995013
37951, 1, 20241220154853.995063
38011, 1, 20241220154854.995083
38071, 1, 20241220154855.995119
38131, 1, 20241220154856.995141
38191, 1, 20241220154857.995168
38251, 1, 20241220154858.995203
38311, 1, 20241220154859.995224
38371, 1, 20241220154900.995276
38431, 1, 20241220154901.995301
38491, 1, 20241220154902.995318
38551, 1, 20241220154903.995346
38611, 1, 20241220154904.995383
38671, 1, 20241220154905.995397
38731, 1, 20241220154906.995438
38791, 1, 20241220154907.995456
38851, 1, 20241220154908.995490
38911, 1, 20241220154909.995515
38971, 1, 20241220154910.995564
39031, 1, 20241220154911.995587
39091, 1, 20241220154912.995603
39151, 1, 20241220154913.995630
39211, 1, 20241220154914.995670
39271, 1, 20241220154915.995693
39331, 1, 20241220154916.995721
39391, 1, 20241220154917.995737
39451, 1, 20241220154918.995781
39511, 1, 20241220154919.995816
39571, 1, 20241220154920.995863
39631, 1, 20241220154921.995868
39691, 1, 20241220154922.995904
39751, 1, 20241220154923.995991
39811, 1, 20241220154924.995956
39871, 1, 20241220154925.995981
39931, 1, 20241220154926.996016
39991, 1, 20241220154927.996036
40051, 1, 20241220154928.996062
40111, 1, 20241220154929.996094
40171, 1, 20241220154930.996135
40231, 1, 20241220154931.996157
40291, 1, 20241220154932.996190
40351, 1, 20241220154933.996225
40411, 1, 20241220154934.996254
40471, 1, 20241220154935.996283
40531, 1, 20241220154936.996310
40591, 1, 20241220154937.996332
40651, 1, 20241220154938.996365
40711, 1, 20241220154939.996403
40771, 1, 20241220154940.996431
40831, 1, 20241220154941.996453
40891, 1, 20241220154942.996476
40951, 1, 20241220154943.996512
41011, 1, 20241220154944.996526
41071, 1, 20241220154945.996560
41131, 1, 20241220154946.996592
41191, 1, 20241220154947.996627
41251, 1, 20241220154948.996651
41311, 1, 20241220154949.996690
41371, 1, 20241220154950.996736
41431, 1, 20241220154951.996736
41491, 1, 20241220154952.996769
41551, 1, 20241220154953.996804
41611, 1, 20241220154954.996833
41671, 1, 20241220154955.996855
41731, 1, 20241220154956.996894
41791, 1, 20241220154957.996912
