122621, 1, 20250122120905.023112
122681, 1, 20250122120906.023143
122741, 1, 20250122120907.023158
122801, 1, 20250122120908.023195
122861, 1, 20250122120909.023216
122921, 1, 20250122120910.023282
122981, 1, 20250122120911.023278
123041, 1, 20250122120912.023313
123101, 1, 20250122120913.023362
123161, 1, 20250122120914.023360
123221, 1, 20250122120915.023400
123281, 1, 20250122120916.023421
123341, 1, 20250122120917.023458
123401, 1, 20250122120918.023479
123461, 1, 20250122120919.023521
123521, 1, 20250122120920.023545
123581, 1, 20250122120921.023575
123641, 1, 20250122120922.023603
123701, 1, 20250122120923.023634
123761, 1, 20250122120924.023660
123821, 1, 20250122120925.023660
123881, 1, 20250122120926.023729
123941, 1, 20250122120927.023757
124001, 1, 20250122120928.023741
124061, 1, 20250122120929.023819
124121, 1, 20250122120930.023868
124181, 1, 20250122120931.023848
124241, 1, 20250122120932.023875
124301, 1, 20250122120933.023906
124361, 1, 20250122120934.023921
124421, 1, 20250122120935.023976
124481, 1, 20250122120936.023983
124541, 1, 20250122120937.024050
124601, 1, 20250122120938.024045
124661, 1, 20250122120939.024112
124721, 1, 20250122120940.024152
124781, 1, 20250122120941.024156
124841, 1, 20250122120942.024188
124901, 1, 20250122120943.024224
124961, 1, 20250122120944.024250
125021, 1, 20250122120945.024283
125081, 1, 20250122120946.024306
125141, 1, 20250122120947.024323
125201, 1, 20250122120948.024369
125261, 1, 20250122120949.024392
125321, 1, 20250122120950.024419
125381, 1, 20250122120951.024442
125441, 1, 20250122120952.024483
125501, 1, 20250122120953.024507
125561, 1, 20250122120954.024540
125621, 1, 20250122120955.024580
125681, 1, 20250122120956.024601
125741, 1, 20250122120957.024631
125801, 1, 20250122120958.024665
125861, 1, 20250122120959.024710
125921, 1, 20250122121000.024734
125981, 1, 20250122121001.024748
126041, 1, 20250122121002.024785
126101, 1, 20250122121003.024792
126161, 1, 20250122121004.024827
126221, 1, 20250122121005.024852
126281, 1, 20250122121006.024896
126341, 1, 20250122121007.024931
126401, 1, 20250122121008.024955
126461, 1, 20250122121009.025000
126521, 1, 20250122121010.025033
126581, 1, 20250122121011.025047
126641, 1, 20250122121012.025064
126701, 1, 20250122121013.025104
126761, 1, 20250122121014.025132
126821, 1, 20250122121015.025160
126881, 1, 20250122121016.025188
126941, 1, 20250122121017.025227
127001, 1, 20250122121018.025238
127061, 1, 20250122121019.025274
127121, 1, 20250122121020.025309
127181, 1, 20250122121021.025347
127241, 1, 20250122121022.025369
127301, 1, 20250122121023.025402
127361, 1, 20250122121024.025419
127421, 1, 20250122121025.025463
127481, 1, 20250122121026.025496
127541, 1, 20250122121027.025507
127601, 1, 20250122121028.025576
127661, 1, 20250122121029.025597
127721, 1, 20250122121030.025598
127781, 1, 20250122121031.025624
127841, 1, 20250122121032.025666
127901, 1, 20250122121033.025667
127961, 1, 20250122121034.025707
128021, 1, 20250122121035.025740
128081, 1, 20250122121036.025771
128141, 1, 20250122121037.025798
128201, 1, 20250122121038.025833
128261, 1, 20250122121039.025864
128321, 1, 20250122121040.025875
128381, 1, 20250122121041.025904
128441, 1, 20250122121042.025934
128501, 1, 20250122121043.025948
128561, 1, 20250122121044.025971
128621, 1, 20250122121045.026016
128681, 1, 20250122121046.026034
128741, 1, 20250122121047.026076
128801, 1, 20250122121048.026121
128861, 1, 20250122121049.026184
128921, 1, 20250122121050.026191
128981, 1, 20250122121051.026246
129041, 1, 20250122121052.026276
129101, 1, 20250122121053.026290
129161, 1, 20250122121054.026319
129221, 1, 20250122121055.026341
129281, 1, 20250122121056.026385
129341, 1, 20250122121057.026390
129401, 1, 20250122121058.026508
129461, 1, 20250122121059.026473
129521, 1, 20250122121100.026550
129581, 1, 20250122121101.026619
129641, 1, 20250122121102.026493
129701, 1, 20250122121103.026540
129761, 1, 20250122121104.026556
129821, 1, 20250122121105.026580
129881, 1, 20250122121106.026609
129941, 1, 20250122121107.026698
130001, 1, 20250122121108.026701
130061, 1, 20250122121109.026694
130121, 1, 20250122121110.026732
130181, 1, 20250122121111.026756
130241, 1, 20250122121112.026788
130301, 1, 20250122121113.026806
130361, 1, 20250122121114.026860
130421, 1, 20250122121115.026871
130481, 1, 20250122121116.026895
130541, 1, 20250122121117.026951
130601, 1, 20250122121118.026987
130661, 1, 20250122121119.026999
130721, 1, 20250122121120.027015
130781, 1, 20250122121121.027054
130841, 1, 20250122121122.027085
130901, 1, 20250122121123.027116
130961, 1, 20250122121124.027136
131021, 1, 20250122121125.027180
131081, 1, 20250122121126.027212
131141, 1, 20250122121127.027229
131201, 1, 20250122121128.027254
131261, 1, 20250122121129.027281
131321, 1, 20250122121130.027307
131381, 1, 20250122121131.027345
131441, 1, 20250122121132.027363
131501, 1, 20250122121133.027409
131561, 1, 20250122121134.027424
131621, 1, 20250122121135.027451
131681, 1, 20250122121136.027503
131741, 1, 20250122121137.027534
131801, 1, 20250122121138.027535
131861, 1, 20250122121139.027566
131921, 1, 20250122121140.027595
131981, 1, 20250122121141.027641
132041, 1, 20250122121142.027666
132101, 1, 20250122121143.027680
132161, 1, 20250122121144.027713
132221, 1, 20250122121145.027736
132281, 1, 20250122121146.027785
132341, 1, 20250122121147.027816
132401, 1, 20250122121148.027832
132461, 1, 20250122121149.027869
132521, 1, 20250122121150.027887
132581, 1, 20250122121151.027930
132641, 1, 20250122121152.027940
132701, 1, 20250122121153.027968
132761, 1, 20250122121154.028002
132821, 1, 20250122121155.028049
132881, 1, 20250122121156.028058
132941, 1, 20250122121157.028079
133001, 1, 20250122121158.028114
133061, 1, 20250122121159.028155
133121, 1, 20250122121200.028173
133181, 1, 20250122121201.028211
133241, 1, 20250122121202.028239
133301, 1, 20250122121203.028261
