387163, 1, 20250111153208.320126
387223, 1, 20250111153209.320156
387283, 1, 20250111153210.320180
387343, 1, 20250111153211.320216
387403, 1, 20250111153212.320247
387463, 1, 20250111153213.320290
387523, 1, 20250111153214.320313
387583, 1, 20250111153215.320322
387643, 1, 20250111153216.320367
387703, 1, 20250111153217.320389
387763, 1, 20250111153218.320407
387823, 1, 20250111153219.320436
387883, 1, 20250111153220.320472
387943, 1, 20250111153221.320498
388003, 1, 20250111153222.320534
388063, 1, 20250111153223.320573
388123, 1, 20250111153224.320609
388183, 1, 20250111153225.320615
388243, 1, 20250111153226.320653
388303, 1, 20250111153227.320664
388363, 1, 20250111153228.320702
388423, 1, 20250111153229.320736
388483, 1, 20250111153230.320759
388543, 1, 20250111153231.320786
388603, 1, 20250111153232.320808
388663, 1, 20250111153233.320856
388723, 1, 20250111153234.320879
388783, 1, 20250111153235.320893
388843, 1, 20250111153236.320921
388903, 1, 20250111153237.320962
388963, 1, 20250111153238.320988
389023, 1, 20250111153239.321012
389083, 1, 20250111153240.321052
389143, 1, 20250111153241.321072
389203, 1, 20250111153242.321105
389263, 1, 20250111153243.321155
389323, 1, 20250111153244.321167
389383, 1, 20250111153245.321187
389443, 1, 20250111153246.321223
389503, 1, 20250111153247.321240
389563, 1, 20250111153248.321261
