238221, 1, 20250109110342.278748
238281, 1, 20250109110343.278775
238341, 1, 20250109110344.278821
238401, 1, 20250109110345.278862
238461, 1, 20250109110346.278882
238521, 1, 20250109110347.278900
238581, 1, 20250109110348.278928
238641, 1, 20250109110349.278970
238701, 1, 20250109110350.278977
238761, 1, 20250109110351.279021
238821, 1, 20250109110352.279045
238881, 1, 20250109110353.279092
238941, 1, 20250109110354.279109
239001, 1, 20250109110355.279154
239061, 1, 20250109110356.279200
239121, 1, 20250109110357.279206
239181, 1, 20250109110358.279234
239241, 1, 20250109110359.279261
239301, 1, 20250109110400.279269
239361, 1, 20250109110401.279320
239421, 1, 20250109110402.279339
239481, 1, 20250109110403.279367
239541, 1, 20250109110404.279405
239601, 1, 20250109110405.279431
239661, 1, 20250109110406.279480
239721, 1, 20250109110407.279489
239781, 1, 20250109110408.279522
239841, 1, 20250109110409.279549
239901, 1, 20250109110410.279584
239961, 1, 20250109110411.279612
240021, 1, 20250109110412.279634
240081, 1, 20250109110413.279666
