356221, 1, 20241227143445.670496
356281, 1, 20241227143446.670541
356341, 1, 20241227143447.670560
356401, 1, 20241227143448.670587
356461, 1, 20241227143449.670605
356521, 1, 20241227143450.670664
356581, 1, 20241227143451.670696
356641, 1, 20241227143452.670681
356701, 1, 20241227143453.670737
356761, 1, 20241227143454.670750
356821, 1, 20241227143455.670788
356881, 1, 20241227143456.670810
356941, 1, 20241227143457.670838
357001, 1, 20241227143458.670861
357061, 1, 20241227143459.670900
357121, 1, 20241227143500.670938
357181, 1, 20241227143501.670983
357241, 1, 20241227143502.671000
357301, 1, 20241227143503.671005
357361, 1, 20241227143504.671021
357421, 1, 20241227143505.671051
