282231, 1, 20250111221319.561352
282291, 1, 20250111221320.561388
282351, 1, 20250111221321.561415
282411, 1, 20250111221322.561438
282471, 1, 20250111221323.561472
282531, 1, 20250111221324.561539
282591, 1, 20250111221325.561556
282651, 1, 20250111221326.561568
282711, 1, 20250111221327.561590
282771, 1, 20250111221328.561649
282831, 1, 20250111221329.561656
282891, 1, 20250111221330.561688
282951, 1, 20250111221331.561701
283011, 1, 20250111221332.561750
283071, 1, 20250111221333.561774
283131, 1, 20250111221334.561819
283191, 1, 20250111221335.561840
283251, 1, 20250111221336.561861
283311, 1, 20250111221337.561896
283371, 1, 20250111221338.561913
283431, 1, 20250111221339.561947
283491, 1, 20250111221340.561974
283551, 1, 20250111221341.562007
283611, 1, 20250111221342.562035
283671, 1, 20250111221343.562052
283731, 1, 20250111221344.562088
283791, 1, 20250111221345.562119
283851, 1, 20250111221346.562148
283911, 1, 20250111221347.562191
283971, 1, 20250111221348.562216
284031, 1, 20250111221349.562235
284091, 1, 20250111221350.562274
284151, 1, 20250111221351.562298
284211, 1, 20250111221352.562340
284271, 1, 20250111221353.562342
284331, 1, 20250111221354.562406
284391, 1, 20250111221355.562406
284451, 1, 20250111221356.562448
284511, 1, 20250111221357.562479
284571, 1, 20250111221358.562507
