448107, 1, 20250111225924.269113
448167, 1, 20250111225925.269128
448227, 1, 20250111225926.269163
448287, 1, 20250111225927.269187
448347, 1, 20250111225928.269221
448407, 1, 20250111225929.269246
448467, 1, 20250111225930.269267
448527, 1, 20250111225931.269313
448587, 1, 20250111225932.269328
448647, 1, 20250111225933.269357
448707, 1, 20250111225934.269393
448767, 1, 20250111225935.269409
448827, 1, 20250111225936.269447
448887, 1, 20250111225937.269467
448947, 1, 20250111225938.269499
449007, 1, 20250111225939.269527
449067, 1, 20250111225940.269565
449127, 1, 20250111225941.269598
449187, 1, 20250111225942.269638
449247, 1, 20250111225943.269655
449307, 1, 20250111225944.269684
449367, 1, 20250111225945.269707
449427, 1, 20250111225946.269733
449487, 1, 20250111225947.269763
449547, 1, 20250111225948.269795
449607, 1, 20250111225949.269820
449667, 1, 20250111225950.269843
449727, 1, 20250111225951.269895
449787, 1, 20250111225952.269917
449847, 1, 20250111225953.269961
449907, 1, 20250111225954.269961
449967, 1, 20250111225955.269975
450027, 1, 20250111225956.270029
450087, 1, 20250111225957.270041
450147, 1, 20250111225958.270083
450207, 1, 20250111225959.270113
450267, 1, 20250111230000.270138
450327, 1, 20250111230001.270199
450387, 1, 20250111230002.270188
450447, 1, 20250111230003.270230
