180027, 1, 20241223155619.099222
180087, 1, 20241223155620.099245
180147, 1, 20241223155621.099275
180207, 1, 20241223155622.099312
180267, 1, 20241223155623.099337
180327, 1, 20241223155624.099390
180387, 1, 20241223155625.099399
180447, 1, 20241223155626.099411
180507, 1, 20241223155627.099437
180567, 1, 20241223155628.099486
180627, 1, 20241223155629.099521
180687, 1, 20241223155630.099539
180747, 1, 20241223155631.099558
180807, 1, 20241223155632.099591
180867, 1, 20241223155633.099616
180927, 1, 20241223155634.099656
180987, 1, 20241223155635.099666
181047, 1, 20241223155636.099709
181107, 1, 20241223155637.099736
181167, 1, 20241223155638.099757
181227, 1, 20241223155639.099785
181287, 1, 20241223155640.099823
181347, 1, 20241223155641.099852
181407, 1, 20241223155642.099875
181467, 1, 20241223155643.099922
181527, 1, 20241223155644.099945
181587, 1, 20241223155645.099966
181647, 1, 20241223155646.099987
