414241, 1, 20250121151348.749623
414301, 1, 20250121151349.749645
414361, 1, 20250121151350.749690
414421, 1, 20250121151351.749722
414481, 1, 20250121151352.749731
414541, 1, 20250121151353.749792
414601, 1, 20250121151354.749789
414661, 1, 20250121151355.749828
414721, 1, 20250121151356.749847
414781, 1, 20250121151357.749881
414841, 1, 20250121151358.749918
414901, 1, 20250121151359.749949
414961, 1, 20250121151400.749972
415021, 1, 20250121151401.750016
415081, 1, 20250121151402.750024
415141, 1, 20250121151403.750066
415201, 1, 20250121151404.750091
415261, 1, 20250121151405.750118
415321, 1, 20250121151406.750155
415381, 1, 20250121151407.750190
415441, 1, 20250121151408.750216
415501, 1, 20250121151409.750246
415561, 1, 20250121151410.750274
415621, 1, 20250121151411.750298
415681, 1, 20250121151412.750355
415741, 1, 20250121151413.750388
415801, 1, 20250121151414.750382
415861, 1, 20250121151415.750425
415921, 1, 20250121151416.750462
415981, 1, 20250121151417.750490
416041, 1, 20250121151418.750515
416101, 1, 20250121151419.750541
416161, 1, 20250121151420.750555
416221, 1, 20250121151421.750610
416281, 1, 20250121151422.750646
416341, 1, 20250121151423.750680
416401, 1, 20250121151424.750696
416461, 1, 20250121151425.750725
416521, 1, 20250121151426.750749
416581, 1, 20250121151427.750780
416641, 1, 20250121151428.750799
416701, 1, 20250121151429.750833
416761, 1, 20250121151430.750874
416821, 1, 20250121151431.750913
416881, 1, 20250121151432.750952
416941, 1, 20250121151433.750955
417001, 1, 20250121151434.750988
417061, 1, 20250121151435.751027
417121, 1, 20250121151436.751058
417181, 1, 20250121151437.751072
417241, 1, 20250121151438.751111
417301, 1, 20250121151439.751141
417361, 1, 20250121151440.751154
417421, 1, 20250121151441.751197
417481, 1, 20250121151442.751218
417541, 1, 20250121151443.751265
417601, 1, 20250121151444.751275
417661, 1, 20250121151445.751311
417721, 1, 20250121151446.751348
417781, 1, 20250121151447.751367
417841, 1, 20250121151448.751395
417901, 1, 20250121151449.751439
417961, 1, 20250121151450.751463
418021, 1, 20250121151451.751524
418081, 1, 20250121151452.751526
418141, 1, 20250121151453.751534
418201, 1, 20250121151454.751580
418261, 1, 20250121151455.751609
418321, 1, 20250121151456.751648
418381, 1, 20250121151457.751671
418441, 1, 20250121151458.751703
418501, 1, 20250121151459.751732
418561, 1, 20250121151500.751750
418621, 1, 20250121151501.751801
418681, 1, 20250121151502.751846
418741, 1, 20250121151503.751864
418801, 1, 20250121151504.751876
418861, 1, 20250121151505.751910
418921, 1, 20250121151506.751939
418981, 1, 20250121151507.751970
419041, 1, 20250121151508.752003
419101, 1, 20250121151509.752016
419161, 1, 20250121151510.752079
419221, 1, 20250121151511.752093
419281, 1, 20250121151512.752123
419341, 1, 20250121151513.752145
419401, 1, 20250121151514.752177
419461, 1, 20250121151515.752209
419521, 1, 20250121151516.752235
419581, 1, 20250121151517.752263
419641, 1, 20250121151518.752302
419701, 1, 20250121151519.752327
419761, 1, 20250121151520.752353
419821, 1, 20250121151521.752399
419881, 1, 20250121151522.752402
419941, 1, 20250121151523.752443
420001, 1, 20250121151524.752463
420061, 1, 20250121151525.752504
420121, 1, 20250121151526.752530
420181, 1, 20250121151527.752582
420241, 1, 20250121151528.752609
420301, 1, 20250121151529.752621
420361, 1, 20250121151530.752697
420421, 1, 20250121151531.752687
420481, 1, 20250121151532.752706
420541, 1, 20250121151533.752758
420601, 1, 20250121151534.752770
420661, 1, 20250121151535.752811
420721, 1, 20250121151536.752820
420781, 1, 20250121151537.752861
420841, 1, 20250121151538.752905
420901, 1, 20250121151539.752934
420961, 1, 20250121151540.752989
421021, 1, 20250121151541.753006
421081, 1, 20250121151542.753024
421141, 1, 20250121151543.753051
421201, 1, 20250121151544.753084
421261, 1, 20250121151545.753107
421321, 1, 20250121151546.753133
421381, 1, 20250121151547.753169
421441, 1, 20250121151548.753207
421501, 1, 20250121151549.753223
421561, 1, 20250121151550.753262
421621, 1, 20250121151551.753283
421681, 1, 20250121151552.753313
421741, 1, 20250121151553.753353
421801, 1, 20250121151554.753362
421861, 1, 20250121151555.753412
421921, 1, 20250121151556.753428
421981, 1, 20250121151557.753463
422041, 1, 20250121151558.753488
422101, 1, 20250121151559.753518
422161, 1, 20250121151600.753563
422221, 1, 20250121151601.753586
422281, 1, 20250121151602.753604
422341, 1, 20250121151603.753649
422401, 1, 20250121151604.753655
422461, 1, 20250121151605.753693
422521, 1, 20250121151606.753715
422581, 1, 20250121151607.753745
422641, 1, 20250121151608.753789
422701, 1, 20250121151609.753829
422761, 1, 20250121151610.753860
422821, 1, 20250121151611.753881
422881, 1, 20250121151612.753900
422941, 1, 20250121151613.753931
423001, 1, 20250121151614.753943
423061, 1, 20250121151615.753989
423121, 1, 20250121151616.754020
423181, 1, 20250121151617.754048
423241, 1, 20250121151618.754085
423301, 1, 20250121151619.754118
423361, 1, 20250121151620.754164
423421, 1, 20250121151621.754176
423481, 1, 20250121151622.754204
423541, 1, 20250121151623.754228
423601, 1, 20250121151624.754259
423661, 1, 20250121151625.754297
423721, 1, 20250121151626.754312
423781, 1, 20250121151627.754345
423841, 1, 20250121151628.754374
423901, 1, 20250121151629.754405
423961, 1, 20250121151630.754433
424021, 1, 20250121151631.754461
424081, 1, 20250121151632.754486
424141, 1, 20250121151633.754524
424201, 1, 20250121151634.754547
424261, 1, 20250121151635.754571
424321, 1, 20250121151636.754605
424381, 1, 20250121151637.754648
424441, 1, 20250121151638.754686
424501, 1, 20250121151639.754717
424561, 1, 20250121151640.754711
424621, 1, 20250121151641.754748
424681, 1, 20250121151642.754798
424741, 1, 20250121151643.754814
424801, 1, 20250121151644.754843
424861, 1, 20250121151645.754877
424921, 1, 20250121151646.754894
424981, 1, 20250121151647.754926
