462013, 1, 20250116095237.692295
462073, 1, 20250116095238.692316
462133, 1, 20250116095239.692368
462193, 1, 20250116095240.692248
462253, 1, 20250116095241.692269
462313, 1, 20250116095242.692302
462373, 1, 20250116095243.692332
462433, 1, 20250116095244.692359
462493, 1, 20250116095245.692398
462553, 1, 20250116095246.692423
462613, 1, 20250116095247.692441
462673, 1, 20250116095248.692510
462733, 1, 20250116095249.692524
462793, 1, 20250116095250.692544
462853, 1, 20250116095251.692702
462913, 1, 20250116095252.692737
