1002613, 1, 20241226163449.884492
1002673, 1, 20241226163450.884512
1002733, 1, 20241226163451.884541
1002793, 1, 20241226163452.884561
1002853, 1, 20241226163453.884609
1002913, 1, 20241226163454.884646
1002973, 1, 20241226163455.884676
1003033, 1, 20241226163456.884699
1003093, 1, 20241226163457.884726
1003153, 1, 20241226163458.884752
1003213, 1, 20241226163459.884777
1003273, 1, 20241226163500.884804
1003333, 1, 20241226163501.884849
1003393, 1, 20241226163502.884865
1003453, 1, 20241226163503.884896
1003513, 1, 20241226163504.884928
1003573, 1, 20241226163505.884952
1003633, 1, 20241226163506.885003
1003693, 1, 20241226163507.885040
1003753, 1, 20241226163508.885044
1003813, 1, 20241226163509.885078
1003873, 1, 20241226163510.885107
1003933, 1, 20241226163511.885117
1003993, 1, 20241226163512.885159
1004053, 1, 20241226163513.885201
1004113, 1, 20241226163514.885216
1004173, 1, 20241226163515.885238
1004233, 1, 20241226163516.885307
1004293, 1, 20241226163517.885330
1004353, 1, 20241226163518.885209
1004413, 1, 20241226163519.885231
1004473, 1, 20241226163520.885261
1004533, 1, 20241226163521.885419
1004593, 1, 20241226163522.885321
1004653, 1, 20241226163523.885353
1004713, 1, 20241226163524.885384
1004773, 1, 20241226163525.885433
1004833, 1, 20241226163526.885593
1004893, 1, 20241226163527.885579
1004953, 1, 20241226163528.885623
1005013, 1, 20241226163529.885649
1005073, 1, 20241226163530.885693
1005133, 1, 20241226163531.885716
1005193, 1, 20241226163532.885741
1005253, 1, 20241226163533.885761
1005313, 1, 20241226163534.885807
1005373, 1, 20241226163535.885838
1005433, 1, 20241226163536.885856
1005493, 1, 20241226163537.885884
1005553, 1, 20241226163538.885925
