1000485, 1, 20241227173343.812155
1000545, 1, 20241227173344.812199
1000605, 1, 20241227173345.812238
1000665, 1, 20241227173346.812243
1000725, 1, 20241227173347.812263
1000785, 1, 20241227173348.812305
1000845, 1, 20241227173349.812329
1000905, 1, 20241227173350.812370
1000965, 1, 20241227173351.812392
1001025, 1, 20241227173352.812294
1001085, 1, 20241227173353.812321
1001145, 1, 20241227173354.812376
1001205, 1, 20241227173355.812418
1001265, 1, 20241227173356.812404
1001325, 1, 20241227173357.812436
1001385, 1, 20241227173358.812599
1001445, 1, 20241227173359.812623
1001505, 1, 20241227173400.812658
1001565, 1, 20241227173401.812686
1001625, 1, 20241227173402.812734
1001685, 1, 20241227173403.812748
1001745, 1, 20241227173404.812794
1001805, 1, 20241227173405.812805
1001865, 1, 20241227173406.812832
1001925, 1, 20241227173407.812854
1001985, 1, 20241227173408.812766
1002045, 1, 20241227173409.812807
1002105, 1, 20241227173410.812820
1002165, 1, 20241227173411.812854
1002225, 1, 20241227173412.812890
1002285, 1, 20241227173413.812916
1002345, 1, 20241227173414.812939
1002405, 1, 20241227173415.812983
1002465, 1, 20241227173416.813128
1002525, 1, 20241227173417.813154
1002585, 1, 20241227173418.813190
1002645, 1, 20241227173419.813220
1002705, 1, 20241227173420.813238
1002765, 1, 20241227173421.813272
1002825, 1, 20241227173422.813304
1002885, 1, 20241227173423.813349
1002945, 1, 20241227173424.813373
1003005, 1, 20241227173425.813384
1003065, 1, 20241227173426.813422
1003125, 1, 20241227173427.813446
1003185, 1, 20241227173428.813502
1003245, 1, 20241227173429.813517
1003305, 1, 20241227173430.813533
1003365, 1, 20241227173431.813568
1003425, 1, 20241227173432.813595
1003485, 1, 20241227173433.813637
1003545, 1, 20241227173434.813669
1003605, 1, 20241227173435.813680
1003665, 1, 20241227173436.813713
1003725, 1, 20241227173437.813736
1003785, 1, 20241227173438.813779
1003845, 1, 20241227173439.813793
1003905, 1, 20241227173440.813827
1003965, 1, 20241227173441.813864
1004025, 1, 20241227173442.813908
1004085, 1, 20241227173443.813939
1004145, 1, 20241227173444.813949
1004205, 1, 20241227173445.813965
1004265, 1, 20241227173446.814003
1004325, 1, 20241227173447.814035
1004385, 1, 20241227173448.814065
1004445, 1, 20241227173449.814100
1004505, 1, 20241227173450.814127
1004565, 1, 20241227173451.814152
1004625, 1, 20241227173452.814182
1004685, 1, 20241227173453.814206
1004745, 1, 20241227173454.814237
1004805, 1, 20241227173455.814262
1004865, 1, 20241227173456.814289
1004925, 1, 20241227173457.814328
1004985, 1, 20241227173458.814355
1005045, 1, 20241227173459.814373
1005105, 1, 20241227173500.814409
1005165, 1, 20241227173501.814455
1005225, 1, 20241227173502.814496
1005285, 1, 20241227173503.814515
1005345, 1, 20241227173504.814531
1005405, 1, 20241227173505.814567
1005465, 1, 20241227173506.814590
1005525, 1, 20241227173507.814619
1005585, 1, 20241227173508.814640
1005645, 1, 20241227173509.814676
1005705, 1, 20241227173510.814708
1005765, 1, 20241227173511.814735
1005825, 1, 20241227173512.814779
1005885, 1, 20241227173513.814810
1005945, 1, 20241227173514.814832
1006005, 1, 20241227173515.814848
1006065, 1, 20241227173516.814880
1006125, 1, 20241227173517.814889
1006185, 1, 20241227173518.814944
1006245, 1, 20241227173519.814966
1006305, 1, 20241227173520.814996
1006365, 1, 20241227173521.815052
1006425, 1, 20241227173522.815073
1006485, 1, 20241227173523.815083
1006545, 1, 20241227173524.815110
1006605, 1, 20241227173525.815130
1006665, 1, 20241227173526.815180
1006725, 1, 20241227173527.815203
1006785, 1, 20241227173528.815234
1006845, 1, 20241227173529.815257
1006905, 1, 20241227173530.815284
1006965, 1, 20241227173531.815311
1007025, 1, 20241227173532.815352
1007085, 1, 20241227173533.815352
1007145, 1, 20241227173534.815406
1007205, 1, 20241227173535.815428
1007265, 1, 20241227173536.815450
1007325, 1, 20241227173537.815490
1007385, 1, 20241227173538.815524
1007445, 1, 20241227173539.815543
1007505, 1, 20241227173540.815571
1007565, 1, 20241227173541.815627
1007625, 1, 20241227173542.815660
1007685, 1, 20241227173543.815664
1007745, 1, 20241227173544.815686
1007805, 1, 20241227173545.815725
1007865, 1, 20241227173546.815752
1007925, 1, 20241227173547.815785
1007985, 1, 20241227173548.815812
1008045, 1, 20241227173549.815836
1008105, 1, 20241227173550.815879
1008165, 1, 20241227173551.815772
1008225, 1, 20241227173552.815814
1008285, 1, 20241227173553.815831
1008345, 1, 20241227173554.815851
1008405, 1, 20241227173555.815880
1008465, 1, 20241227173556.815892
1008525, 1, 20241227173557.816077
1008585, 1, 20241227173558.815966
1008645, 1, 20241227173559.816000
1008705, 1, 20241227173600.816034
1008765, 1, 20241227173601.816061
1008825, 1, 20241227173602.816230
1008885, 1, 20241227173603.816246
1008945, 1, 20241227173604.816283
1009005, 1, 20241227173605.816310
1009065, 1, 20241227173606.816343
1009125, 1, 20241227173607.816374
1009185, 1, 20241227173608.816396
1009245, 1, 20241227173609.816420
1009305, 1, 20241227173610.816442
1009365, 1, 20241227173611.816502
1009425, 1, 20241227173612.816508
1009485, 1, 20241227173613.816538
1009545, 1, 20241227173614.816588
1009605, 1, 20241227173615.816601
1009665, 1, 20241227173616.816622
1009725, 1, 20241227173617.816656
1009785, 1, 20241227173618.816678
1009845, 1, 20241227173619.816719
1009905, 1, 20241227173620.816761
1009965, 1, 20241227173621.816796
1010025, 1, 20241227173622.816793
1010085, 1, 20241227173623.816834
1010145, 1, 20241227173624.816866
1010205, 1, 20241227173625.816893
1010265, 1, 20241227173626.816924
1010325, 1, 20241227173627.816937
1010385, 1, 20241227173628.816980
1010445, 1, 20241227173629.817006
1010505, 1, 20241227173630.817063
1010565, 1, 20241227173631.817088
1010625, 1, 20241227173632.817100
1010685, 1, 20241227173633.817133
1010745, 1, 20241227173634.817156
1010805, 1, 20241227173635.817178
1010865, 1, 20241227173636.817217
1010925, 1, 20241227173637.817244
1010985, 1, 20241227173638.817257
1011045, 1, 20241227173639.817302
1011105, 1, 20241227173640.817324
1011165, 1, 20241227173641.817347
