1137845, 1, 20241227181153.232364
1137905, 1, 20241227181154.232417
1137965, 1, 20241227181155.232428
1138025, 1, 20241227181156.232434
1138085, 1, 20241227181157.232485
1138145, 1, 20241227181158.232512
1138205, 1, 20241227181159.232546
1138265, 1, 20241227181200.232573
1138325, 1, 20241227181201.232598
1138385, 1, 20241227181202.232624
1138445, 1, 20241227181203.232664
1138505, 1, 20241227181204.232691
1138565, 1, 20241227181205.232712
1138625, 1, 20241227181206.232748
1138685, 1, 20241227181207.232784
1138745, 1, 20241227181208.232812
