370453, 1, 20241222130330.932214
370513, 1, 20241222130331.932253
370573, 1, 20241222130332.932285
370633, 1, 20241222130333.932303
370693, 1, 20241222130334.932328
370753, 1, 20241222130335.932360
370813, 1, 20241222130336.932385
370873, 1, 20241222130337.932420
370933, 1, 20241222130338.932439
370993, 1, 20241222130339.932481
371053, 1, 20241222130340.932496
371113, 1, 20241222130341.932555
371173, 1, 20241222130342.932576
371233, 1, 20241222130343.932576
371293, 1, 20241222130344.932610
371353, 1, 20241222130345.932643
371413, 1, 20241222130346.932673
371473, 1, 20241222130347.932698
371533, 1, 20241222130348.932733
371593, 1, 20241222130349.932750
371653, 1, 20241222130350.932781
371713, 1, 20241222130351.932817
371773, 1, 20241222130352.932837
371833, 1, 20241222130353.932871
371893, 1, 20241222130354.932900
371953, 1, 20241222130355.932936
372013, 1, 20241222130356.932971
372073, 1, 20241222130357.933003
372133, 1, 20241222130358.933029
372193, 1, 20241222130359.933057
372253, 1, 20241222130400.933108
372313, 1, 20241222130401.933135
372373, 1, 20241222130402.933149
372433, 1, 20241222130403.933171
372493, 1, 20241222130404.933197
372553, 1, 20241222130405.933225
372613, 1, 20241222130406.933271
372673, 1, 20241222130407.933289
372733, 1, 20241222130408.933307
372793, 1, 20241222130409.933358
372853, 1, 20241222130410.933396
372913, 1, 20241222130411.933437
372973, 1, 20241222130412.933440
373033, 1, 20241222130413.933465
373093, 1, 20241222130414.933494
373153, 1, 20241222130415.933532
373213, 1, 20241222130416.933553
373273, 1, 20241222130417.933588
373333, 1, 20241222130418.933607
373393, 1, 20241222130419.933644
373453, 1, 20241222130420.933700
373513, 1, 20241222130421.933712
373573, 1, 20241222130422.933732
373633, 1, 20241222130423.933765
373693, 1, 20241222130424.933789
373753, 1, 20241222130425.933819
373813, 1, 20241222130426.933849
373873, 1, 20241222130427.933868
373933, 1, 20241222130428.933903
373993, 1, 20241222130429.933943
374053, 1, 20241222130430.933974
374113, 1, 20241222130431.933993
374173, 1, 20241222130432.934025
374233, 1, 20241222130433.934057
374293, 1, 20241222130434.934086
374353, 1, 20241222130435.934114
374413, 1, 20241222130436.934139
374473, 1, 20241222130437.934163
374533, 1, 20241222130438.934195
