264723, 1, 20250112083524.661317
264783, 1, 20250112083525.661356
264843, 1, 20250112083526.661377
264903, 1, 20250112083527.661421
264963, 1, 20250112083528.661451
265023, 1, 20250112083529.661469
265083, 1, 20250112083530.661498
265143, 1, 20250112083531.661520
265203, 1, 20250112083532.661552
265263, 1, 20250112083533.661582
265323, 1, 20250112083534.661616
265383, 1, 20250112083535.661649
265443, 1, 20250112083536.661658
265503, 1, 20250112083537.661693
265563, 1, 20250112083538.661725
265623, 1, 20250112083539.661752
265683, 1, 20250112083540.661786
265743, 1, 20250112083541.661798
265803, 1, 20250112083542.661838
265863, 1, 20250112083543.661865
265923, 1, 20250112083544.661885
265983, 1, 20250112083545.661925
266043, 1, 20250112083546.661953
266103, 1, 20250112083547.662002
266163, 1, 20250112083548.662018
266223, 1, 20250112083549.662041
266283, 1, 20250112083550.662065
266343, 1, 20250112083551.662092
266403, 1, 20250112083552.662130
266463, 1, 20250112083553.662156
266523, 1, 20250112083554.662179
266583, 1, 20250112083555.662219
266643, 1, 20250112083556.662256
266703, 1, 20250112083557.662288
266763, 1, 20250112083558.662290
266823, 1, 20250112083559.662337
266883, 1, 20250112083600.662360
266943, 1, 20250112083601.662370
267003, 1, 20250112083602.662415
267063, 1, 20250112083603.662457
267123, 1, 20250112083604.662470
267183, 1, 20250112083605.662519
267243, 1, 20250112083606.662519
267303, 1, 20250112083607.662560
267363, 1, 20250112083608.662586
267423, 1, 20250112083609.662606
267483, 1, 20250112083610.662647
267543, 1, 20250112083611.662675
267603, 1, 20250112083612.662697
267663, 1, 20250112083613.662721
267723, 1, 20250112083614.662767
267783, 1, 20250112083615.662787
267843, 1, 20250112083616.662835
267903, 1, 20250112083617.662833
267963, 1, 20250112083618.662872
268023, 1, 20250112083619.662905
268083, 1, 20250112083620.662939
268143, 1, 20250112083621.662960
268203, 1, 20250112083622.662981
268263, 1, 20250112083623.663027
268323, 1, 20250112083624.663049
268383, 1, 20250112083625.663099
268443, 1, 20250112083626.663126
268503, 1, 20250112083627.663130
268563, 1, 20250112083628.663161
268623, 1, 20250112083629.663182
268683, 1, 20250112083630.663217
268743, 1, 20250112083631.663255
268803, 1, 20250112083632.663273
268863, 1, 20250112083633.663291
268923, 1, 20250112083634.663331
268983, 1, 20250112083635.663387
269043, 1, 20250112083636.663400
269103, 1, 20250112083637.663400
269163, 1, 20250112083638.663450
269223, 1, 20250112083639.663479
269283, 1, 20250112083640.663506
269343, 1, 20250112083641.663531
269403, 1, 20250112083642.663559
269463, 1, 20250112083643.663579
269523, 1, 20250112083644.663618
269583, 1, 20250112083645.663657
269643, 1, 20250112083646.663675
269703, 1, 20250112083647.663707
269763, 1, 20250112083648.663727
269823, 1, 20250112083649.663742
269883, 1, 20250112083650.663788
269943, 1, 20250112083651.663810
270003, 1, 20250112083652.663842
270063, 1, 20250112083653.663873
270123, 1, 20250112083654.663909
270183, 1, 20250112083655.663943
270243, 1, 20250112083656.663963
