145661, 1, 20241221113855.872796
145721, 1, 20241221113856.872813
145781, 1, 20241221113857.872840
145841, 1, 20241221113858.872849
145901, 1, 20241221113859.872909
145961, 1, 20241221113900.872942
146021, 1, 20241221113901.872972
146081, 1, 20241221113902.872980
146141, 1, 20241221113903.873020
146201, 1, 20241221113904.873065
146261, 1, 20241221113905.873075
146321, 1, 20241221113906.873112
146381, 1, 20241221113907.873133
146441, 1, 20241221113908.873163
146501, 1, 20241221113909.873203
146561, 1, 20241221113910.873233
146621, 1, 20241221113911.873274
146681, 1, 20241221113912.873266
146741, 1, 20241221113913.873320
146801, 1, 20241221113914.873334
146861, 1, 20241221113915.873369
146921, 1, 20241221113916.873411
146981, 1, 20241221113917.873428
147041, 1, 20241221113918.873451
147101, 1, 20241221113919.873481
147161, 1, 20241221113920.873516
147221, 1, 20241221113921.873534
147281, 1, 20241221113922.873580
147341, 1, 20241221113923.873620
147401, 1, 20241221113924.873655
147461, 1, 20241221113925.873662
147521, 1, 20241221113926.873691
147581, 1, 20241221113927.873713
147641, 1, 20241221113928.873744
147701, 1, 20241221113929.873778
147761, 1, 20241221113930.873805
147821, 1, 20241221113931.873830
147881, 1, 20241221113932.873881
147941, 1, 20241221113933.873914
148001, 1, 20241221113934.873935
148061, 1, 20241221113935.873946
148121, 1, 20241221113936.873971
148181, 1, 20241221113937.874021
148241, 1, 20241221113938.874043
148301, 1, 20241221113939.874068
148361, 1, 20241221113940.874105
148421, 1, 20241221113941.874118
148481, 1, 20241221113942.874157
148541, 1, 20241221113943.874216
148601, 1, 20241221113944.874224
148661, 1, 20241221113945.874252
148721, 1, 20241221113946.874273
148781, 1, 20241221113947.874298
148841, 1, 20241221113948.874340
148901, 1, 20241221113949.874363
148961, 1, 20241221113950.874391
149021, 1, 20241221113951.874423
149081, 1, 20241221113952.874447
149141, 1, 20241221113953.874473
149201, 1, 20241221113954.874522
149261, 1, 20241221113955.874557
149321, 1, 20241221113956.874573
149381, 1, 20241221113957.874598
149441, 1, 20241221113958.874628
149501, 1, 20241221113959.874649
149561, 1, 20241221114000.874691
149621, 1, 20241221114001.874716
149681, 1, 20241221114002.874768
149741, 1, 20241221114003.874792
149801, 1, 20241221114004.874804
149861, 1, 20241221114005.874831
149921, 1, 20241221114006.874862
149981, 1, 20241221114007.874902
150041, 1, 20241221114008.874927
150101, 1, 20241221114009.874967
150161, 1, 20241221114010.874974
150221, 1, 20241221114011.875005
150281, 1, 20241221114012.875058
150341, 1, 20241221114013.875097
150401, 1, 20241221114014.875101
150461, 1, 20241221114015.875133
150521, 1, 20241221114016.875156
150581, 1, 20241221114017.875196
150641, 1, 20241221114018.875215
150701, 1, 20241221114019.875252
150761, 1, 20241221114020.875272
150821, 1, 20241221114021.875320
150881, 1, 20241221114022.875341
150941, 1, 20241221114023.875360
151001, 1, 20241221114024.875399
151061, 1, 20241221114025.875426
151121, 1, 20241221114026.875452
151181, 1, 20241221114027.875480
151241, 1, 20241221114028.875515
151301, 1, 20241221114029.875536
151361, 1, 20241221114030.875577
151421, 1, 20241221114031.875597
151481, 1, 20241221114032.875629
151541, 1, 20241221114033.875657
151601, 1, 20241221114034.875674
151661, 1, 20241221114035.875716
151721, 1, 20241221114036.875752
151781, 1, 20241221114037.875770
151841, 1, 20241221114038.875794
151901, 1, 20241221114039.875843
151961, 1, 20241221114040.875863
152021, 1, 20241221114041.875919
152081, 1, 20241221114042.875945
152141, 1, 20241221114043.875941
152201, 1, 20241221114044.875983
152261, 1, 20241221114045.876014
152321, 1, 20241221114046.876049
152381, 1, 20241221114047.876077
152441, 1, 20241221114048.876122
152501, 1, 20241221114049.876122
152561, 1, 20241221114050.876174
152621, 1, 20241221114051.876208
152681, 1, 20241221114052.876236
152741, 1, 20241221114053.876247
152801, 1, 20241221114054.876261
152861, 1, 20241221114055.876300
152921, 1, 20241221114056.876324
152981, 1, 20241221114057.876346
153041, 1, 20241221114058.876396
153101, 1, 20241221114059.876406
153161, 1, 20241221114100.876444
153221, 1, 20241221114101.876465
153281, 1, 20241221114102.876517
153341, 1, 20241221114103.876521
153401, 1, 20241221114104.876559
153461, 1, 20241221114105.876594
153521, 1, 20241221114106.876614
153581, 1, 20241221114107.876656
153641, 1, 20241221114108.876691
153701, 1, 20241221114109.876708
153761, 1, 20241221114110.876754
153821, 1, 20241221114111.876792
153881, 1, 20241221114112.876799
153941, 1, 20241221114113.876833
154001, 1, 20241221114114.876851
154061, 1, 20241221114115.876879
154121, 1, 20241221114116.876918
154181, 1, 20241221114117.876962
154241, 1, 20241221114118.876982
154301, 1, 20241221114119.877015
154361, 1, 20241221114120.877049
154421, 1, 20241221114121.877080
154481, 1, 20241221114122.877100
154541, 1, 20241221114123.877128
154601, 1, 20241221114124.877142
154661, 1, 20241221114125.877170
154721, 1, 20241221114126.877213
154781, 1, 20241221114127.877244
154841, 1, 20241221114128.877281
154901, 1, 20241221114129.877312
154961, 1, 20241221114130.877338
155021, 1, 20241221114131.877383
155081, 1, 20241221114132.877403
155141, 1, 20241221114133.877424
155201, 1, 20241221114134.877449
155261, 1, 20241221114135.877476
155321, 1, 20241221114136.877502
155381, 1, 20241221114137.877547
155441, 1, 20241221114138.877569
155501, 1, 20241221114139.877598
155561, 1, 20241221114140.877636
155621, 1, 20241221114141.877651
155681, 1, 20241221114142.877677
155741, 1, 20241221114143.877728
155801, 1, 20241221114144.877729
155861, 1, 20241221114145.877772
155921, 1, 20241221114146.877801
155981, 1, 20241221114147.877839
156041, 1, 20241221114148.877861
156101, 1, 20241221114149.877912
156161, 1, 20241221114150.877939
156221, 1, 20241221114151.877944
156281, 1, 20241221114152.877989
156341, 1, 20241221114153.878006
156401, 1, 20241221114154.878045
