335107, 1, 20250107121017.461432
335167, 1, 20250107121018.461455
335227, 1, 20250107121019.461500
335287, 1, 20250107121020.461550
335347, 1, 20250107121021.461574
335407, 1, 20250107121022.461587
335467, 1, 20250107121023.461623
335527, 1, 20250107121024.461637
335587, 1, 20250107121025.461679
335647, 1, 20250107121026.461710
335707, 1, 20250107121027.461739
335767, 1, 20250107121028.461752
335827, 1, 20250107121029.461788
335887, 1, 20250107121030.461837
335947, 1, 20250107121031.461862
336007, 1, 20250107121032.461856
336067, 1, 20250107121033.461895
336127, 1, 20250107121034.461925
336187, 1, 20250107121035.461947
336247, 1, 20250107121036.461977
336307, 1, 20250107121037.462019
336367, 1, 20250107121038.462040
336427, 1, 20250107121039.462089
336487, 1, 20250107121040.462116
336547, 1, 20250107121041.462126
336607, 1, 20250107121042.462157
336667, 1, 20250107121043.462177
336727, 1, 20250107121044.462205
336787, 1, 20250107121045.462240
336847, 1, 20250107121046.462265
336907, 1, 20250107121047.462279
336967, 1, 20250107121048.462315
337027, 1, 20250107121049.462340
337087, 1, 20250107121050.462373
337147, 1, 20250107121051.462402
337207, 1, 20250107121052.462430
337267, 1, 20250107121053.462467
337327, 1, 20250107121054.462486
337387, 1, 20250107121055.462522
337447, 1, 20250107121056.462537
337507, 1, 20250107121057.462582
337567, 1, 20250107121058.462596
337627, 1, 20250107121059.462644
337687, 1, 20250107121100.462671
337747, 1, 20250107121101.462692
