550379, 1, 20250121155137.800514
550439, 1, 20250121155138.800530
550499, 1, 20250121155139.800560
550559, 1, 20250121155140.800601
550619, 1, 20250121155141.800621
550679, 1, 20250121155142.800652
550739, 1, 20250121155143.800685
550799, 1, 20250121155144.800716
550859, 1, 20250121155145.800743
550919, 1, 20250121155146.800812
550979, 1, 20250121155147.800822
551039, 1, 20250121155148.800856
551099, 1, 20250121155149.800856
551159, 1, 20250121155150.800887
551219, 1, 20250121155151.800947
551279, 1, 20250121155152.800945
551339, 1, 20250121155153.800987
551399, 1, 20250121155154.801012
551459, 1, 20250121155155.801047
551519, 1, 20250121155156.801112
551579, 1, 20250121155157.801124
551639, 1, 20250121155158.801146
551699, 1, 20250121155159.801165
551759, 1, 20250121155200.801212
551819, 1, 20250121155201.801227
551879, 1, 20250121155202.801246
551939, 1, 20250121155203.801299
551999, 1, 20250121155204.801327
552059, 1, 20250121155205.801332
552119, 1, 20250121155206.801410
552179, 1, 20250121155207.801393
552239, 1, 20250121155208.801431
552299, 1, 20250121155209.801476
552359, 1, 20250121155210.801481
552419, 1, 20250121155211.801534
552479, 1, 20250121155212.801553
552539, 1, 20250121155213.801590
552599, 1, 20250121155214.801623
552659, 1, 20250121155215.801639
552719, 1, 20250121155216.801673
552779, 1, 20250121155217.801702
552839, 1, 20250121155218.801729
552899, 1, 20250121155219.801762
552959, 1, 20250121155220.801785
553019, 1, 20250121155221.801817
553079, 1, 20250121155222.801848
553139, 1, 20250121155223.801881
553199, 1, 20250121155224.801904
553259, 1, 20250121155225.801940
553319, 1, 20250121155226.801985
553379, 1, 20250121155227.801987
553439, 1, 20250121155228.802012
553499, 1, 20250121155229.802043
553559, 1, 20250121155230.802084
553619, 1, 20250121155231.802109
553679, 1, 20250121155232.802139
553739, 1, 20250121155233.802170
553799, 1, 20250121155234.802188
553859, 1, 20250121155235.802244
553919, 1, 20250121155236.802274
553979, 1, 20250121155237.802278
554039, 1, 20250121155238.802330
554099, 1, 20250121155239.802344
554159, 1, 20250121155240.802365
554219, 1, 20250121155241.802405
554279, 1, 20250121155242.802432
554339, 1, 20250121155243.802469
554399, 1, 20250121155244.802518
554459, 1, 20250121155245.802552
554519, 1, 20250121155246.802545
554579, 1, 20250121155247.802587
554639, 1, 20250121155248.802611
554699, 1, 20250121155249.802648
554759, 1, 20250121155250.802669
554819, 1, 20250121155251.802701
554879, 1, 20250121155252.802737
554939, 1, 20250121155253.802767
554999, 1, 20250121155254.802787
555059, 1, 20250121155255.802816
555119, 1, 20250121155256.802850
555179, 1, 20250121155257.802868
555239, 1, 20250121155258.802898
555299, 1, 20250121155259.802938
555359, 1, 20250121155300.802956
555419, 1, 20250121155301.802999
555479, 1, 20250121155302.803041
555539, 1, 20250121155303.803062
555599, 1, 20250121155304.803083
555659, 1, 20250121155305.803116
555719, 1, 20250121155306.803123
555779, 1, 20250121155307.803162
555839, 1, 20250121155308.803186
555899, 1, 20250121155309.803214
555959, 1, 20250121155310.803241
556019, 1, 20250121155311.803278
556079, 1, 20250121155312.803297
556139, 1, 20250121155313.803335
556199, 1, 20250121155314.803380
556259, 1, 20250121155315.803409
556319, 1, 20250121155316.803426
556379, 1, 20250121155317.803453
556439, 1, 20250121155318.803488
556499, 1, 20250121155319.803507
556559, 1, 20250121155320.803535
556619, 1, 20250121155321.803574
556679, 1, 20250121155322.803608
556739, 1, 20250121155323.803630
556799, 1, 20250121155324.803652
