324571, 1, 20250121144854.195846
324631, 1, 20250121144855.195864
324691, 1, 20250121144856.195907
324751, 1, 20250121144857.195928
324811, 1, 20250121144858.195961
324871, 1, 20250121144859.195990
324931, 1, 20250121144900.196029
324991, 1, 20250121144901.196048
325051, 1, 20250121144902.196088
325111, 1, 20250121144903.196111
325171, 1, 20250121144904.196137
325231, 1, 20250121144905.196162
325291, 1, 20250121144906.196187
325351, 1, 20250121144907.196230
325411, 1, 20250121144908.196288
325471, 1, 20250121144909.196281
325531, 1, 20250121144910.196316
325591, 1, 20250121144911.196353
325651, 1, 20250121144912.196367
325711, 1, 20250121144913.196389
325771, 1, 20250121144914.196423
325831, 1, 20250121144915.196454
325891, 1, 20250121144916.196489
325951, 1, 20250121144917.196527
326011, 1, 20250121144918.196548
326071, 1, 20250121144919.196584
326131, 1, 20250121144920.196604
326191, 1, 20250121144921.196634
326251, 1, 20250121144922.196676
326311, 1, 20250121144923.196711
326371, 1, 20250121144924.196722
326431, 1, 20250121144925.196760
326491, 1, 20250121144926.196791
326551, 1, 20250121144927.196815
326611, 1, 20250121144928.196862
326671, 1, 20250121144929.196892
326731, 1, 20250121144930.196902
326791, 1, 20250121144931.196934
326851, 1, 20250121144932.196965
326911, 1, 20250121144933.196992
326971, 1, 20250121144934.197017
327031, 1, 20250121144935.197062
327091, 1, 20250121144936.197079
327151, 1, 20250121144937.197105
327211, 1, 20250121144938.197165
327271, 1, 20250121144939.197184
327331, 1, 20250121144940.197200
327391, 1, 20250121144941.197230
327451, 1, 20250121144942.197266
327511, 1, 20250121144943.197287
327571, 1, 20250121144944.197319
327631, 1, 20250121144945.197335
327691, 1, 20250121144946.197379
327751, 1, 20250121144947.197398
327811, 1, 20250121144948.197437
327871, 1, 20250121144949.197468
327931, 1, 20250121144950.197494
327991, 1, 20250121144951.197521
328051, 1, 20250121144952.197552
328111, 1, 20250121144953.197588
328171, 1, 20250121144954.197622
328231, 1, 20250121144955.197647
328291, 1, 20250121144956.197669
328351, 1, 20250121144957.197718
328411, 1, 20250121144958.197752
328471, 1, 20250121144959.197745
328531, 1, 20250121145000.197782
328591, 1, 20250121145001.197804
328651, 1, 20250121145002.197843
328711, 1, 20250121145003.197865
328771, 1, 20250121145004.197897
328831, 1, 20250121145005.197933
328891, 1, 20250121145006.197968
328951, 1, 20250121145007.198006
329011, 1, 20250121145008.198045
329071, 1, 20250121145009.198043
329131, 1, 20250121145010.198080
329191, 1, 20250121145011.198099
329251, 1, 20250121145012.198134
329311, 1, 20250121145013.198172
329371, 1, 20250121145014.198203
329431, 1, 20250121145015.198219
329491, 1, 20250121145016.198263
329551, 1, 20250121145017.198308
329611, 1, 20250121145018.198311
329671, 1, 20250121145019.198343
329731, 1, 20250121145020.198381
329791, 1, 20250121145021.198405
329851, 1, 20250121145022.198426
329911, 1, 20250121145023.198455
329971, 1, 20250121145024.198492
330031, 1, 20250121145025.198526
330091, 1, 20250121145026.198546
330151, 1, 20250121145027.198582
330211, 1, 20250121145028.198596
330271, 1, 20250121145029.198631
330331, 1, 20250121145030.198672
330391, 1, 20250121145031.198702
330451, 1, 20250121145032.198731
330511, 1, 20250121145033.198761
330571, 1, 20250121145034.198781
330631, 1, 20250121145035.198806
330691, 1, 20250121145036.198862
330751, 1, 20250121145037.198883
330811, 1, 20250121145038.198898
330871, 1, 20250121145039.198915
330931, 1, 20250121145040.198960
330991, 1, 20250121145041.198988
331051, 1, 20250121145042.199002
331111, 1, 20250121145043.199044
331171, 1, 20250121145044.199075
331231, 1, 20250121145045.199094
331291, 1, 20250121145046.199165
331351, 1, 20250121145047.199186
331411, 1, 20250121145048.199191
331471, 1, 20250121145049.199228
331531, 1, 20250121145050.199256
331591, 1, 20250121145051.199294
331651, 1, 20250121145052.199316
331711, 1, 20250121145053.199342
331771, 1, 20250121145054.199387
331831, 1, 20250121145055.199395
331891, 1, 20250121145056.199460
331951, 1, 20250121145057.199454
332011, 1, 20250121145058.199492
332071, 1, 20250121145059.199516
332131, 1, 20250121145100.199547
332191, 1, 20250121145101.199580
332251, 1, 20250121145102.199616
332311, 1, 20250121145103.199644
332371, 1, 20250121145104.199672
332431, 1, 20250121145105.199696
332491, 1, 20250121145106.199729
332551, 1, 20250121145107.199759
332611, 1, 20250121145108.199790
332671, 1, 20250121145109.199810
332731, 1, 20250121145110.199856
332791, 1, 20250121145111.199877
332851, 1, 20250121145112.199908
332911, 1, 20250121145113.199949
332971, 1, 20250121145114.199971
333031, 1, 20250121145115.200014
333091, 1, 20250121145116.200052
333151, 1, 20250121145117.200050
333211, 1, 20250121145118.200087
333271, 1, 20250121145119.200114
333331, 1, 20250121145120.200154
333391, 1, 20250121145121.200172
333451, 1, 20250121145122.200206
333511, 1, 20250121145123.200239
333571, 1, 20250121145124.200273
333631, 1, 20250121145125.200320
333691, 1, 20250121145126.200347
333751, 1, 20250121145127.200347
333811, 1, 20250121145128.200397
333871, 1, 20250121145129.200408
333931, 1, 20250121145130.200449
333991, 1, 20250121145131.200474
334051, 1, 20250121145132.200499
334111, 1, 20250121145133.200526
334171, 1, 20250121145134.200577
334231, 1, 20250121145135.200598
334291, 1, 20250121145136.200624
334351, 1, 20250121145137.200651
334411, 1, 20250121145138.200683
334471, 1, 20250121145139.200705
334531, 1, 20250121145140.200752
334591, 1, 20250121145141.200769
334651, 1, 20250121145142.200802
334711, 1, 20250121145143.200825
334771, 1, 20250121145144.200859
334831, 1, 20250121145145.200884
334891, 1, 20250121145146.200920
334951, 1, 20250121145147.200946
335011, 1, 20250121145148.200985
335071, 1, 20250121145149.201001
335131, 1, 20250121145150.201029
335191, 1, 20250121145151.201061
335251, 1, 20250121145152.201099
