230753, 1, 20250111215901.561268
230813, 1, 20250111215902.561295
230873, 1, 20250111215903.561330
230933, 1, 20250111215904.561379
230993, 1, 20250111215905.561400
231053, 1, 20250111215906.561394
231113, 1, 20250111215907.561446
231173, 1, 20250111215908.561477
231233, 1, 20250111215909.561499
231293, 1, 20250111215910.561530
231353, 1, 20250111215911.561573
231413, 1, 20250111215912.561584
231473, 1, 20250111215913.561629
231533, 1, 20250111215914.561656
231593, 1, 20250111215915.561686
231653, 1, 20250111215916.561708
231713, 1, 20250111215917.561739
231773, 1, 20250111215918.561774
231833, 1, 20250111215919.561798
231893, 1, 20250111215920.561841
231953, 1, 20250111215921.561857
232013, 1, 20250111215922.561880
232073, 1, 20250111215923.561907
232133, 1, 20250111215924.561980
232193, 1, 20250111215925.561980
232253, 1, 20250111215926.562000
232313, 1, 20250111215927.562028
232373, 1, 20250111215928.562077
232433, 1, 20250111215929.562092
232493, 1, 20250111215930.562132
232553, 1, 20250111215931.562160
232613, 1, 20250111215932.562188
232673, 1, 20250111215933.562228
232733, 1, 20250111215934.562274
232793, 1, 20250111215935.562274
232853, 1, 20250111215936.562304
232913, 1, 20250111215937.562328
232973, 1, 20250111215938.562368
233033, 1, 20250111215939.562395
233093, 1, 20250111215940.562414
233153, 1, 20250111215941.562443
233213, 1, 20250111215942.562491
233273, 1, 20250111215943.562514
