957839, 1, 20241226162223.622957
957899, 1, 20241226162224.622948
957959, 1, 20241226162225.622944
958019, 1, 20241226162226.622972
958079, 1, 20241226162227.623065
958139, 1, 20241226162228.623030
958199, 1, 20241226162229.623068
958259, 1, 20241226162230.623162
958319, 1, 20241226162231.623117
958379, 1, 20241226162232.623159
958439, 1, 20241226162233.623193
958499, 1, 20241226162234.623228
958559, 1, 20241226162235.623214
958619, 1, 20241226162236.623271
958679, 1, 20241226162237.623287
958739, 1, 20241226162238.623322
958799, 1, 20241226162239.623203
958859, 1, 20241226162240.623235
958919, 1, 20241226162241.623256
958979, 1, 20241226162242.623476
959039, 1, 20241226162243.623489
959099, 1, 20241226162244.623575
959159, 1, 20241226162245.623527
959219, 1, 20241226162246.623621
959279, 1, 20241226162247.623549
959339, 1, 20241226162248.623673
959399, 1, 20241226162249.623652
959459, 1, 20241226162250.623521
959519, 1, 20241226162251.623558
959579, 1, 20241226162252.623601
959639, 1, 20241226162253.623616
959699, 1, 20241226162254.623768
959759, 1, 20241226162255.623665
959819, 1, 20241226162256.623740
959879, 1, 20241226162257.623761
959939, 1, 20241226162258.623969
959999, 1, 20241226162259.623884
960059, 1, 20241226162300.623968
960119, 1, 20241226162301.623987
960179, 1, 20241226162302.624080
960239, 1, 20241226162303.624054
960299, 1, 20241226162304.624079
960359, 1, 20241226162305.624100
960419, 1, 20241226162306.624152
960479, 1, 20241226162307.624162
960539, 1, 20241226162308.624200
960599, 1, 20241226162309.624224
960659, 1, 20241226162310.624252
960719, 1, 20241226162311.624283
960779, 1, 20241226162312.624332
960839, 1, 20241226162313.624417
960899, 1, 20241226162314.624367
