216363, 1, 20250116212232.207992
216423, 1, 20250116212233.208093
216483, 1, 20250116212234.208098
216543, 1, 20250116212235.208082
216603, 1, 20250116212236.208113
216663, 1, 20250116212237.208192
216723, 1, 20250116212238.208240
216783, 1, 20250116212239.208205
216843, 1, 20250116212240.208221
216903, 1, 20250116212241.208320
216963, 1, 20250116212242.208289
217023, 1, 20250116212243.208317
217083, 1, 20250116212244.208420
217143, 1, 20250116212245.208410
217203, 1, 20250116212246.208401
217263, 1, 20250116212247.208432
217323, 1, 20250116212248.208484
217383, 1, 20250116212249.208555
217443, 1, 20250116212250.208502
217503, 1, 20250116212251.208542
217563, 1, 20250116212252.208636
217623, 1, 20250116212253.208656
217683, 1, 20250116212254.208692
217743, 1, 20250116212255.208724
217803, 1, 20250116212256.208724
217863, 1, 20250116212257.208787
217923, 1, 20250116212258.208827
217983, 1, 20250116212259.208762
218043, 1, 20250116212300.208868
218103, 1, 20250116212301.208805
218163, 1, 20250116212302.208868
218223, 1, 20250116212303.208951
218283, 1, 20250116212304.208941
218343, 1, 20250116212305.209011
218403, 1, 20250116212306.209019
218463, 1, 20250116212307.209014
218523, 1, 20250116212308.209048
218583, 1, 20250116212309.209070
218643, 1, 20250116212310.209132
218703, 1, 20250116212311.209126
218763, 1, 20250116212312.209143
218823, 1, 20250116212313.209222
218883, 1, 20250116212314.209276
218943, 1, 20250116212315.209243
219003, 1, 20250116212316.209295
219063, 1, 20250116212317.209300
219123, 1, 20250116212318.209404
219183, 1, 20250116212319.209361
219243, 1, 20250116212320.209382
219303, 1, 20250116212321.209409
219363, 1, 20250116212322.209497
219423, 1, 20250116212323.209472
219483, 1, 20250116212324.209538
219543, 1, 20250116212325.209608
219603, 1, 20250116212326.209566
219663, 1, 20250116212327.209587
219723, 1, 20250116212328.209635
219783, 1, 20250116212329.209707
219843, 1, 20250116212330.209750
219903, 1, 20250116212331.209691
219963, 1, 20250116212332.209811
220023, 1, 20250116212333.209814
220083, 1, 20250116212334.209781
220143, 1, 20250116212335.209820
220203, 1, 20250116212336.209902
220263, 1, 20250116212337.209889
220323, 1, 20250116212338.209925
220383, 1, 20250116212339.209974
220443, 1, 20250116212340.210038
220503, 1, 20250116212341.210063
220563, 1, 20250116212342.209884
220623, 1, 20250116212343.209971
220683, 1, 20250116212344.209938
220743, 1, 20250116212345.209961
220803, 1, 20250116212346.210004
220863, 1, 20250116212347.210028
220923, 1, 20250116212348.210091
220983, 1, 20250116212349.210120
221043, 1, 20250116212350.210170
221103, 1, 20250116212351.210201
221163, 1, 20250116212352.210191
221223, 1, 20250116212353.210191
221283, 1, 20250116212354.210223
221343, 1, 20250116212355.210252
221403, 1, 20250116212356.210284
221463, 1, 20250116212357.210319
221523, 1, 20250116212358.210400
221583, 1, 20250116212359.210406
221643, 1, 20250116212400.210467
221703, 1, 20250116212401.210483
221763, 1, 20250116212402.210503
221823, 1, 20250116212403.210486
221883, 1, 20250116212404.210583
221943, 1, 20250116212405.210545
222003, 1, 20250116212406.210576
222063, 1, 20250116212407.210585
222123, 1, 20250116212408.210637
222183, 1, 20250116212409.210689
222243, 1, 20250116212410.210753
222303, 1, 20250116212411.210799
222363, 1, 20250116212412.210753
222423, 1, 20250116212413.210896
222483, 1, 20250116212414.211008
222543, 1, 20250116212415.210978
222603, 1, 20250116212416.211035
222663, 1, 20250116212417.211033
222723, 1, 20250116212418.211116
222783, 1, 20250116212419.211072
222843, 1, 20250116212420.211180
222903, 1, 20250116212421.211144
222963, 1, 20250116212422.211236
223023, 1, 20250116212423.211212
223083, 1, 20250116212424.211260
223143, 1, 20250116212425.211257
223203, 1, 20250116212426.211187
223263, 1, 20250116212427.211384
223323, 1, 20250116212428.211344
223383, 1, 20250116212429.211404
223443, 1, 20250116212430.211395
223503, 1, 20250116212431.211446
223563, 1, 20250116212432.211324
223623, 1, 20250116212433.211561
223683, 1, 20250116212434.211593
223743, 1, 20250116212435.211552
223803, 1, 20250116212436.211651
223863, 1, 20250116212437.211666
223923, 1, 20250116212438.211620
223983, 1, 20250116212439.211663
224043, 1, 20250116212440.211764
224103, 1, 20250116212441.211726
224163, 1, 20250116212442.211753
224223, 1, 20250116212443.211776
224283, 1, 20250116212444.211838
224343, 1, 20250116212445.211844
224403, 1, 20250116212446.211936
224463, 1, 20250116212447.211885
224523, 1, 20250116212448.211926
224583, 1, 20250116212449.211949
224643, 1, 20250116212450.211982
224703, 1, 20250116212451.212008
224763, 1, 20250116212452.212012
224823, 1, 20250116212453.212064
224883, 1, 20250116212454.212087
224943, 1, 20250116212455.212119
225003, 1, 20250116212456.212162
225063, 1, 20250116212457.212073
225123, 1, 20250116212458.212071
225183, 1, 20250116212459.212156
225243, 1, 20250116212500.212130
225303, 1, 20250116212501.212145
225363, 1, 20250116212502.212155
225423, 1, 20250116212503.212198
225483, 1, 20250116212504.212444
225543, 1, 20250116212505.212408
225603, 1, 20250116212506.212481
225663, 1, 20250116212507.212474
225723, 1, 20250116212508.212491
225783, 1, 20250116212509.212578
225843, 1, 20250116212510.212573
225903, 1, 20250116212511.212645
225963, 1, 20250116212512.212594
226023, 1, 20250116212513.212614
226083, 1, 20250116212514.212637
226143, 1, 20250116212515.212680
226203, 1, 20250116212516.212709
226263, 1, 20250116212517.212729
226323, 1, 20250116212518.212694
226383, 1, 20250116212519.212660
226443, 1, 20250116212520.212697
226503, 1, 20250116212521.212783
226563, 1, 20250116212522.212790
226623, 1, 20250116212523.212925
226683, 1, 20250116212524.212944
226743, 1, 20250116212525.212956
226803, 1, 20250116212526.212858
226863, 1, 20250116212527.212928
226923, 1, 20250116212528.213115
226983, 1, 20250116212529.213104
227043, 1, 20250116212530.213093
