576699, 1, 20250106152855.800036
576759, 1, 20250106152856.800050
576819, 1, 20250106152857.800088
576879, 1, 20250106152858.800115
576939, 1, 20250106152859.800157
576999, 1, 20250106152900.800198
577059, 1, 20250106152901.800231
577119, 1, 20250106152902.800247
577179, 1, 20250106152903.800276
577239, 1, 20250106152904.800292
577299, 1, 20250106152905.800323
577359, 1, 20250106152906.800350
577419, 1, 20250106152907.800386
577479, 1, 20250106152908.800410
577539, 1, 20250106152909.800431
577599, 1, 20250106152910.800524
577659, 1, 20250106152911.800530
577719, 1, 20250106152912.800539
577779, 1, 20250106152913.800556
577839, 1, 20250106152914.800599
577899, 1, 20250106152915.800617
577959, 1, 20250106152916.800657
578019, 1, 20250106152917.800678
578079, 1, 20250106152918.800710
578139, 1, 20250106152919.800760
578199, 1, 20250106152920.800761
578259, 1, 20250106152921.800795
578319, 1, 20250106152922.800826
578379, 1, 20250106152923.800860
578439, 1, 20250106152924.800884
578499, 1, 20250106152925.800919
578559, 1, 20250106152926.800936
578619, 1, 20250106152927.800975
578679, 1, 20250106152928.801000
578739, 1, 20250106152929.801032
578799, 1, 20250106152930.801090
578859, 1, 20250106152931.801094
578919, 1, 20250106152932.801122
578979, 1, 20250106152933.801150
579039, 1, 20250106152934.801177
579099, 1, 20250106152935.801208
579159, 1, 20250106152936.801230
579219, 1, 20250106152937.801278
579279, 1, 20250106152938.801295
579339, 1, 20250106152939.801351
579399, 1, 20250106152940.801374
579459, 1, 20250106152941.801390
579519, 1, 20250106152942.801424
579579, 1, 20250106152943.801434
579639, 1, 20250106152944.801473
579699, 1, 20250106152945.801506
579759, 1, 20250106152946.801534
579819, 1, 20250106152947.801559
579879, 1, 20250106152948.801594
579939, 1, 20250106152949.801639
579999, 1, 20250106152950.801657
580059, 1, 20250106152951.801678
580119, 1, 20250106152952.801718
580179, 1, 20250106152953.801747
580239, 1, 20250106152954.801784
580299, 1, 20250106152955.801796
580359, 1, 20250106152956.801822
580419, 1, 20250106152957.801860
580479, 1, 20250106152958.801882
580539, 1, 20250106152959.801918
580599, 1, 20250106153000.801948
580659, 1, 20250106153001.801983
580719, 1, 20250106153002.802004
580779, 1, 20250106153003.802033
580839, 1, 20250106153004.802054
580899, 1, 20250106153005.802100
580959, 1, 20250106153006.802107
581019, 1, 20250106153007.802149
581079, 1, 20250106153008.802190
581139, 1, 20250106153009.802232
581199, 1, 20250106153010.802241
581259, 1, 20250106153011.802278
581319, 1, 20250106153012.802298
581379, 1, 20250106153013.802316
581439, 1, 20250106153014.802356
581499, 1, 20250106153015.802388
581559, 1, 20250106153016.802426
581619, 1, 20250106153017.802451
581679, 1, 20250106153018.802493
581739, 1, 20250106153019.802531
581799, 1, 20250106153020.802539
581859, 1, 20250106153021.802567
581919, 1, 20250106153022.802601
581979, 1, 20250106153023.802617
582039, 1, 20250106153024.802654
582099, 1, 20250106153025.802686
582159, 1, 20250106153026.802717
582219, 1, 20250106153027.802750
582279, 1, 20250106153028.802772
582339, 1, 20250106153029.802802
582399, 1, 20250106153030.802830
582459, 1, 20250106153031.802854
582519, 1, 20250106153032.802885
582579, 1, 20250106153033.802917
582639, 1, 20250106153034.802948
582699, 1, 20250106153035.802972
582759, 1, 20250106153036.803009
582819, 1, 20250106153037.803059
582879, 1, 20250106153038.803097
582939, 1, 20250106153039.803090
582999, 1, 20250106153040.803128
583059, 1, 20250106153041.803150
583119, 1, 20250106153042.803190
583179, 1, 20250106153043.803204
583239, 1, 20250106153044.803258
583299, 1, 20250106153045.803275
583359, 1, 20250106153046.803311
583419, 1, 20250106153047.803337
583479, 1, 20250106153048.803372
583539, 1, 20250106153049.803399
583599, 1, 20250106153050.803414
583659, 1, 20250106153051.803451
583719, 1, 20250106153052.803478
583779, 1, 20250106153053.803504
583839, 1, 20250106153054.803545
583899, 1, 20250106153055.803560
583959, 1, 20250106153056.803595
584019, 1, 20250106153057.803653
584079, 1, 20250106153058.803661
584139, 1, 20250106153059.803695
584199, 1, 20250106153100.803714
584259, 1, 20250106153101.803744
584319, 1, 20250106153102.803771
584379, 1, 20250106153103.803806
584439, 1, 20250106153104.803823
584499, 1, 20250106153105.803853
584559, 1, 20250106153106.803895
584619, 1, 20250106153107.803922
584679, 1, 20250106153108.803952
584739, 1, 20250106153109.803979
584799, 1, 20250106153110.804009
584859, 1, 20250106153111.804039
584919, 1, 20250106153112.804069
584979, 1, 20250106153113.804097
585039, 1, 20250106153114.804119
585099, 1, 20250106153115.804148
585159, 1, 20250106153116.804186
585219, 1, 20250106153117.804228
585279, 1, 20250106153118.804253
585339, 1, 20250106153119.804270
585399, 1, 20250106153120.804294
585459, 1, 20250106153121.804332
585519, 1, 20250106153122.804353
585579, 1, 20250106153123.804388
585639, 1, 20250106153124.804414
585699, 1, 20250106153125.804445
585759, 1, 20250106153126.804506
585819, 1, 20250106153127.804524
585879, 1, 20250106153128.804541
585939, 1, 20250106153129.804562
585999, 1, 20250106153130.804603
586059, 1, 20250106153131.804617
586119, 1, 20250106153132.804651
586179, 1, 20250106153133.804688
586239, 1, 20250106153134.804705
586299, 1, 20250106153135.804744
586359, 1, 20250106153136.804764
586419, 1, 20250106153137.804801
586479, 1, 20250106153138.804829
586539, 1, 20250106153139.804866
586599, 1, 20250106153140.804893
586659, 1, 20250106153141.804960
586719, 1, 20250106153142.804944
586779, 1, 20250106153143.804976
586839, 1, 20250106153144.805007
586899, 1, 20250106153145.805059
586959, 1, 20250106153146.805090
587019, 1, 20250106153147.805089
587079, 1, 20250106153148.805114
587139, 1, 20250106153149.805156
587199, 1, 20250106153150.805177
587259, 1, 20250106153151.805214
587319, 1, 20250106153152.805223
587379, 1, 20250106153153.805253
