254287, 1, 20241224133054.866319
254347, 1, 20241224133055.866349
254407, 1, 20241224133056.866370
254467, 1, 20241224133057.866401
254527, 1, 20241224133058.866435
254587, 1, 20241224133059.866466
254647, 1, 20241224133100.866493
254707, 1, 20241224133101.866528
254767, 1, 20241224133102.866619
254827, 1, 20241224133103.866592
254887, 1, 20241224133104.866616
254947, 1, 20241224133105.866637
255007, 1, 20241224133106.866678
255067, 1, 20241224133107.866707
255127, 1, 20241224133108.866731
255187, 1, 20241224133109.866764
255247, 1, 20241224133110.866790
255307, 1, 20241224133111.866842
255367, 1, 20241224133112.866857
255427, 1, 20241224133113.866880
255487, 1, 20241224133114.866913
255547, 1, 20241224133115.866939
255607, 1, 20241224133116.866967
255667, 1, 20241224133117.866996
255727, 1, 20241224133118.867006
255787, 1, 20241224133119.867052
255847, 1, 20241224133120.867082
255907, 1, 20241224133121.867132
255967, 1, 20241224133122.867026
256027, 1, 20241224133123.867026
256087, 1, 20241224133124.867072
256147, 1, 20241224133125.867078
256207, 1, 20241224133126.867126
256267, 1, 20241224133127.867158
256327, 1, 20241224133128.867186
256387, 1, 20241224133129.867201
256447, 1, 20241224133130.867245
256507, 1, 20241224133131.867257
256567, 1, 20241224133132.867432
256627, 1, 20241224133133.867468
256687, 1, 20241224133134.867494
256747, 1, 20241224133135.867525
256807, 1, 20241224133136.867544
256867, 1, 20241224133137.867579
256927, 1, 20241224133138.867603
256987, 1, 20241224133139.867634
257047, 1, 20241224133140.867662
257107, 1, 20241224133141.867712
257167, 1, 20241224133142.867719
257227, 1, 20241224133143.867758
257287, 1, 20241224133144.867778
257347, 1, 20241224133145.867665
257407, 1, 20241224133146.867700
257467, 1, 20241224133147.867727
257527, 1, 20241224133148.867768
257587, 1, 20241224133149.867803
257647, 1, 20241224133150.867984
257707, 1, 20241224133151.867998
257767, 1, 20241224133152.868014
257827, 1, 20241224133153.868041
257887, 1, 20241224133154.868055
257947, 1, 20241224133155.868105
258007, 1, 20241224133156.868124
258067, 1, 20241224133157.868147
258127, 1, 20241224133158.868180
258187, 1, 20241224133159.868207
258247, 1, 20241224133200.868248
258307, 1, 20241224133201.868311
258367, 1, 20241224133202.868304
258427, 1, 20241224133203.868194
258487, 1, 20241224133204.868236
258547, 1, 20241224133205.868269
258607, 1, 20241224133206.868283
258667, 1, 20241224133207.868320
258727, 1, 20241224133208.868357
258787, 1, 20241224133209.868380
258847, 1, 20241224133210.868407
258907, 1, 20241224133211.868429
258967, 1, 20241224133212.868456
259027, 1, 20241224133213.868481
259087, 1, 20241224133214.868520
259147, 1, 20241224133215.868547
259207, 1, 20241224133216.868594
259267, 1, 20241224133217.868609
259327, 1, 20241224133218.868630
259387, 1, 20241224133219.868680
259447, 1, 20241224133220.868706
259507, 1, 20241224133221.868858
259567, 1, 20241224133222.868886
259627, 1, 20241224133223.868922
259687, 1, 20241224133224.868947
259747, 1, 20241224133225.868984
259807, 1, 20241224133226.869003
259867, 1, 20241224133227.869039
259927, 1, 20241224133228.869061
259987, 1, 20241224133229.869110
260047, 1, 20241224133230.869144
260107, 1, 20241224133231.869160
260167, 1, 20241224133232.869182
260227, 1, 20241224133233.869214
260287, 1, 20241224133234.869232
260347, 1, 20241224133235.869265
260407, 1, 20241224133236.869287
260467, 1, 20241224133237.869319
260527, 1, 20241224133238.869356
260587, 1, 20241224133239.869401
260647, 1, 20241224133240.869405
260707, 1, 20241224133241.869446
260767, 1, 20241224133242.869468
260827, 1, 20241224133243.869513
260887, 1, 20241224133244.869519
260947, 1, 20241224133245.869556
261007, 1, 20241224133246.869587
261067, 1, 20241224133247.869613
261127, 1, 20241224133248.869640
261187, 1, 20241224133249.869673
261247, 1, 20241224133250.869697
261307, 1, 20241224133251.869733
261367, 1, 20241224133252.869765
261427, 1, 20241224133253.869796
261487, 1, 20241224133254.869816
261547, 1, 20241224133255.869859
261607, 1, 20241224133256.869857
261667, 1, 20241224133257.869895
261727, 1, 20241224133258.869956
261787, 1, 20241224133259.869984
261847, 1, 20241224133300.869995
261907, 1, 20241224133301.870023
261967, 1, 20241224133302.870044
262027, 1, 20241224133303.870098
262087, 1, 20241224133304.870117
262147, 1, 20241224133305.870138
262207, 1, 20241224133306.870166
262267, 1, 20241224133307.870206
262327, 1, 20241224133308.870241
262387, 1, 20241224133309.870265
262447, 1, 20241224133310.870280
262507, 1, 20241224133311.870316
262567, 1, 20241224133312.870337
262627, 1, 20241224133313.870374
262687, 1, 20241224133314.870388
262747, 1, 20241224133315.870430
262807, 1, 20241224133316.870456
262867, 1, 20241224133317.870503
262927, 1, 20241224133318.870507
262987, 1, 20241224133319.870553
263047, 1, 20241224133320.870575
263107, 1, 20241224133321.870599
263167, 1, 20241224133322.870632
263227, 1, 20241224133323.870577
263287, 1, 20241224133324.870692
263347, 1, 20241224133325.870716
263407, 1, 20241224133326.870744
263467, 1, 20241224133327.870601
263527, 1, 20241224133328.870672
263587, 1, 20241224133329.870690
263647, 1, 20241224133330.870734
263707, 1, 20241224133331.870891
263767, 1, 20241224133332.870917
263827, 1, 20241224133333.870945
263887, 1, 20241224133334.870969
263947, 1, 20241224133335.871001
264007, 1, 20241224133336.871026
264067, 1, 20241224133337.871077
264127, 1, 20241224133338.871109
264187, 1, 20241224133339.871112
