400137, 1, 20250112171327.878753
400197, 1, 20250112171328.878791
400257, 1, 20250112171329.878819
400317, 1, 20250112171330.878851
400377, 1, 20250112171331.878870
400437, 1, 20250112171332.878914
400497, 1, 20250112171333.878937
400557, 1, 20250112171334.878985
400617, 1, 20250112171335.879004
400677, 1, 20250112171336.879021
400737, 1, 20250112171337.879033
400797, 1, 20250112171338.879075
400857, 1, 20250112171339.879093
400917, 1, 20250112171340.879133
400977, 1, 20250112171341.879170
401037, 1, 20250112171342.879198
401097, 1, 20250112171343.879220
401157, 1, 20250112171344.879255
401217, 1, 20250112171345.879273
401277, 1, 20250112171346.879309
401337, 1, 20250112171347.879345
401397, 1, 20250112171348.879369
401457, 1, 20250112171349.879406
401517, 1, 20250112171350.879432
401577, 1, 20250112171351.879456
401637, 1, 20250112171352.879483
401697, 1, 20250112171353.879514
401757, 1, 20250112171354.879558
401817, 1, 20250112171355.879578
401877, 1, 20250112171356.879604
401937, 1, 20250112171357.879628
401997, 1, 20250112171358.879657
402057, 1, 20250112171359.879688
402117, 1, 20250112171400.879714
402177, 1, 20250112171401.879749
402237, 1, 20250112171402.879769
402297, 1, 20250112171403.879823
402357, 1, 20250112171404.879857
402417, 1, 20250112171405.879854
402477, 1, 20250112171406.879885
402537, 1, 20250112171407.879910
402597, 1, 20250112171408.879947
402657, 1, 20250112171409.879965
402717, 1, 20250112171410.880003
402777, 1, 20250112171411.880022
402837, 1, 20250112171412.880054
402897, 1, 20250112171413.880112
402957, 1, 20250112171414.880124
403017, 1, 20250112171415.880148
403077, 1, 20250112171416.880182
403137, 1, 20250112171417.880209
403197, 1, 20250112171418.880247
403257, 1, 20250112171419.880270
403317, 1, 20250112171420.880291
403377, 1, 20250112171421.880312
403437, 1, 20250112171422.880348
403497, 1, 20250112171423.880381
403557, 1, 20250112171424.880410
403617, 1, 20250112171425.880430
403677, 1, 20250112171426.880470
403737, 1, 20250112171427.880495
403797, 1, 20250112171428.880531
403857, 1, 20250112171429.880558
403917, 1, 20250112171430.880583
403977, 1, 20250112171431.880608
404037, 1, 20250112171432.880654
404097, 1, 20250112171433.880686
404157, 1, 20250112171434.880707
404217, 1, 20250112171435.880736
404277, 1, 20250112171436.880758
404337, 1, 20250112171437.880793
404397, 1, 20250112171438.880817
