455083, 1, 20250111230120.540204
455143, 1, 20250111230121.540251
455203, 1, 20250111230122.540179
455263, 1, 20250111230123.540203
455323, 1, 20250111230124.540188
455383, 1, 20250111230125.540258
455443, 1, 20250111230126.540296
455503, 1, 20250111230127.540318
455563, 1, 20250111230128.540416
455623, 1, 20250111230129.540386
455683, 1, 20250111230130.540483
455743, 1, 20250111230131.540449
455803, 1, 20250111230132.540535
455863, 1, 20250111230133.540566
455923, 1, 20250111230134.540518
455983, 1, 20250111230135.540553
456043, 1, 20250111230136.540591
456103, 1, 20250111230137.540613
456163, 1, 20250111230138.540637
456223, 1, 20250111230139.540744
456283, 1, 20250111230140.540702
456343, 1, 20250111230141.540726
456403, 1, 20250111230142.540761
456463, 1, 20250111230143.540791
456523, 1, 20250111230144.540849
456583, 1, 20250111230145.540837
456643, 1, 20250111230146.540921
456703, 1, 20250111230147.540930
456763, 1, 20250111230148.540976
456823, 1, 20250111230149.540969
456883, 1, 20250111230150.540985
456943, 1, 20250111230151.541021
457003, 1, 20250111230152.541044
457063, 1, 20250111230153.541070
457123, 1, 20250111230154.541188
457183, 1, 20250111230155.541140
457243, 1, 20250111230156.541166
457303, 1, 20250111230157.541197
457363, 1, 20250111230158.541220
457423, 1, 20250111230159.541264
457483, 1, 20250111230200.541287
457543, 1, 20250111230201.541313
