25919, 1, 20250114184339.192569
25979, 1, 20250114184340.192604
26039, 1, 20250114184341.192622
26099, 1, 20250114184342.192680
26159, 1, 20250114184343.192701
26219, 1, 20250114184344.192715
26279, 1, 20250114184345.192743
26339, 1, 20250114184346.192765
26399, 1, 20250114184347.192791
26459, 1, 20250114184348.192822
26519, 1, 20250114184349.192868
26579, 1, 20250114184350.192896
26639, 1, 20250114184351.192910
26699, 1, 20250114184352.192974
26759, 1, 20250114184353.193008
26819, 1, 20250114184354.192994
26879, 1, 20250114184355.193038
26939, 1, 20250114184356.193065
26999, 1, 20250114184357.193097
27059, 1, 20250114184358.193113
27119, 1, 20250114184359.193152
27179, 1, 20250114184400.193177
27239, 1, 20250114184401.193236
27299, 1, 20250114184402.193233
27359, 1, 20250114184403.193284
27419, 1, 20250114184404.193291
27479, 1, 20250114184405.193334
27539, 1, 20250114184406.193351
27599, 1, 20250114184407.193389
27659, 1, 20250114184408.193423
27719, 1, 20250114184409.193434
27779, 1, 20250114184410.193485
27839, 1, 20250114184411.193512
27899, 1, 20250114184412.193521
27959, 1, 20250114184413.193564
28019, 1, 20250114184414.193597
28079, 1, 20250114184415.193632
28139, 1, 20250114184416.193649
28199, 1, 20250114184417.193676
28259, 1, 20250114184418.193703
28319, 1, 20250114184419.193737
28379, 1, 20250114184420.193777
28439, 1, 20250114184421.193819
28499, 1, 20250114184422.193846
28559, 1, 20250114184423.193861
28619, 1, 20250114184424.193886
28679, 1, 20250114184425.193913
28739, 1, 20250114184426.193945
28799, 1, 20250114184427.193963
28859, 1, 20250114184428.194004
28919, 1, 20250114184429.194040
28979, 1, 20250114184430.194044
29039, 1, 20250114184431.194106
29099, 1, 20250114184432.194142
29159, 1, 20250114184433.194149
29219, 1, 20250114184434.194166
29279, 1, 20250114184435.194206
29339, 1, 20250114184436.194243
29399, 1, 20250114184437.194258
29459, 1, 20250114184438.194289
29519, 1, 20250114184439.194323
29579, 1, 20250114184440.194350
29639, 1, 20250114184441.194385
29699, 1, 20250114184442.194400
29759, 1, 20250114184443.194437
29819, 1, 20250114184444.194470
29879, 1, 20250114184445.194499
29939, 1, 20250114184446.194520
29999, 1, 20250114184447.194558
30059, 1, 20250114184448.194580
30119, 1, 20250114184449.194614
30179, 1, 20250114184450.194662
