232219, 1, 20250112211803.469167
232279, 1, 20250112211804.469347
232339, 1, 20250112211805.469376
232399, 1, 20250112211806.469387
232459, 1, 20250112211807.469424
232519, 1, 20250112211808.469434
232579, 1, 20250112211809.469487
232639, 1, 20250112211810.469515
232699, 1, 20250112211811.469542
232759, 1, 20250112211812.469441
232819, 1, 20250112211813.469460
232879, 1, 20250112211814.469636
232939, 1, 20250112211815.469659
232999, 1, 20250112211816.469696
233059, 1, 20250112211817.469744
233119, 1, 20250112211818.469763
233179, 1, 20250112211819.469630
233239, 1, 20250112211820.469651
233299, 1, 20250112211821.469840
233359, 1, 20250112211822.469865
233419, 1, 20250112211823.469896
233479, 1, 20250112211824.469933
233539, 1, 20250112211825.469955
233599, 1, 20250112211826.469842
233659, 1, 20250112211827.470035
233719, 1, 20250112211828.470069
233779, 1, 20250112211829.470066
233839, 1, 20250112211830.470100
233899, 1, 20250112211831.470129
233959, 1, 20250112211832.470021
234019, 1, 20250112211833.470031
234079, 1, 20250112211834.470073
234139, 1, 20250112211835.470105
234199, 1, 20250112211836.470132
234259, 1, 20250112211837.470169
234319, 1, 20250112211838.470190
234379, 1, 20250112211839.470361
234439, 1, 20250112211840.470391
234499, 1, 20250112211841.470424
234559, 1, 20250112211842.470318
234619, 1, 20250112211843.470479
234679, 1, 20250112211844.470500
234739, 1, 20250112211845.470531
234799, 1, 20250112211846.470562
234859, 1, 20250112211847.470596
234919, 1, 20250112211848.470632
234979, 1, 20250112211849.470656
235039, 1, 20250112211850.470684
235099, 1, 20250112211851.470722
235159, 1, 20250112211852.470750
235219, 1, 20250112211853.470771
235279, 1, 20250112211854.470796
235339, 1, 20250112211855.470824
235399, 1, 20250112211856.470882
235459, 1, 20250112211857.470903
235519, 1, 20250112211858.470916
