1031161, 1, 20250110182841.174107
1031221, 1, 20250110182842.174288
1031281, 1, 20250110182843.174312
1031341, 1, 20250110182844.174333
1031401, 1, 20250110182845.174361
1031461, 1, 20250110182846.174405
1031521, 1, 20250110182847.174416
1031581, 1, 20250110182848.174460
1031641, 1, 20250110182849.174484
1031701, 1, 20250110182850.174514
1031761, 1, 20250110182851.174542
1031821, 1, 20250110182852.174557
1031881, 1, 20250110182853.174590
1031941, 1, 20250110182854.174488
1032001, 1, 20250110182855.174525
1032061, 1, 20250110182856.174580
1032121, 1, 20250110182857.174600
1032181, 1, 20250110182858.174748
1032241, 1, 20250110182859.174777
1032301, 1, 20250110182900.174804
1032361, 1, 20250110182901.174827
1032421, 1, 20250110182902.174861
1032481, 1, 20250110182903.174887
1032541, 1, 20250110182904.174912
1032601, 1, 20250110182905.174952
1032661, 1, 20250110182906.175002
1032721, 1, 20250110182907.175044
1032781, 1, 20250110182908.175041
1032841, 1, 20250110182909.175067
1032901, 1, 20250110182910.175096
1032961, 1, 20250110182911.175110
1033021, 1, 20250110182912.175156
1033081, 1, 20250110182913.175190
1033141, 1, 20250110182914.175212
1033201, 1, 20250110182915.175250
1033261, 1, 20250110182916.175277
1033321, 1, 20250110182917.175139
1033381, 1, 20250110182918.175196
1033441, 1, 20250110182919.175371
1033501, 1, 20250110182920.175378
1033561, 1, 20250110182921.175255
1033621, 1, 20250110182922.175319
1033681, 1, 20250110182923.175343
1033741, 1, 20250110182924.175375
1033801, 1, 20250110182925.175416
1033861, 1, 20250110182926.175453
1033921, 1, 20250110182927.175458
1033981, 1, 20250110182928.175497
1034041, 1, 20250110182929.175517
1034101, 1, 20250110182930.175556
1034161, 1, 20250110182931.175587
1034221, 1, 20250110182932.175611
1034281, 1, 20250110182933.175640
1034341, 1, 20250110182934.175680
1034401, 1, 20250110182935.175719
1034461, 1, 20250110182936.175753
1034521, 1, 20250110182937.175764
1034581, 1, 20250110182938.175796
1034641, 1, 20250110182939.175817
1034701, 1, 20250110182940.175849
1034761, 1, 20250110182941.175877
1034821, 1, 20250110182942.175901
1034881, 1, 20250110182943.175920
1034941, 1, 20250110182944.175965
1035001, 1, 20250110182945.175991
1035061, 1, 20250110182946.176023
1035121, 1, 20250110182947.176051
1035181, 1, 20250110182948.176083
1035241, 1, 20250110182949.176111
1035301, 1, 20250110182950.176130
1035361, 1, 20250110182951.176163
1035421, 1, 20250110182952.176203
1035481, 1, 20250110182953.176225
1035541, 1, 20250110182954.176253
1035601, 1, 20250110182955.176300
1035661, 1, 20250110182956.176322
1035721, 1, 20250110182957.176340
1035781, 1, 20250110182958.176377
1035841, 1, 20250110182959.176408
1035901, 1, 20250110183000.176413
1035961, 1, 20250110183001.176457
1036021, 1, 20250110183002.176493
1036081, 1, 20250110183003.176521
1036141, 1, 20250110183004.176572
1036201, 1, 20250110183005.176588
