210405, 1, 20250112211159.888642
210465, 1, 20250112211200.888665
210525, 1, 20250112211201.888694
210585, 1, 20250112211202.888739
210645, 1, 20250112211203.888750
210705, 1, 20250112211204.888786
210765, 1, 20250112211205.888807
210825, 1, 20250112211206.888845
210885, 1, 20250112211207.888871
210945, 1, 20250112211208.888902
211005, 1, 20250112211209.888931
211065, 1, 20250112211210.888971
211125, 1, 20250112211211.889060
211185, 1, 20250112211212.889012
211245, 1, 20250112211213.889111
211305, 1, 20250112211214.889143
211365, 1, 20250112211215.889106
211425, 1, 20250112211216.889137
211485, 1, 20250112211217.889159
211545, 1, 20250112211218.889190
211605, 1, 20250112211219.889221
211665, 1, 20250112211220.889245
211725, 1, 20250112211221.889314
211785, 1, 20250112211222.889362
211845, 1, 20250112211223.889355
211905, 1, 20250112211224.889441
211965, 1, 20250112211225.889398
212025, 1, 20250112211226.889395
212085, 1, 20250112211227.889466
212145, 1, 20250112211228.889486
212205, 1, 20250112211229.889511
212265, 1, 20250112211230.889539
212325, 1, 20250112211231.889561
212385, 1, 20250112211232.889616
212445, 1, 20250112211233.889655
212505, 1, 20250112211234.889661
212565, 1, 20250112211235.889684
212625, 1, 20250112211236.889776
212685, 1, 20250112211237.889827
212745, 1, 20250112211238.889756
212805, 1, 20250112211239.889796
212865, 1, 20250112211240.889903
212925, 1, 20250112211241.889861
212985, 1, 20250112211242.889889
213045, 1, 20250112211243.889921
213105, 1, 20250112211244.890012
213165, 1, 20250112211245.889980
213225, 1, 20250112211246.890002
213285, 1, 20250112211247.890043
213345, 1, 20250112211248.890074
213405, 1, 20250112211249.890039
213465, 1, 20250112211250.889982
213525, 1, 20250112211251.890192
213585, 1, 20250112211252.890204
213645, 1, 20250112211253.890278
213705, 1, 20250112211254.890108
213765, 1, 20250112211255.890208
213825, 1, 20250112211256.890232
213885, 1, 20250112211257.890331
