796053, 1, 20241226153727.087717
796113, 1, 20241226153728.087737
796173, 1, 20241226153729.087771
796233, 1, 20241226153730.087802
796293, 1, 20241226153731.087842
796353, 1, 20241226153732.087888
796413, 1, 20241226153733.087891
796473, 1, 20241226153734.087915
796533, 1, 20241226153735.087954
796593, 1, 20241226153736.087980
796653, 1, 20241226153737.087999
796713, 1, 20241226153738.088023
796773, 1, 20241226153739.088072
796833, 1, 20241226153740.088084
796893, 1, 20241226153741.088141
796953, 1, 20241226153742.088177
797013, 1, 20241226153743.088176
797073, 1, 20241226153744.088216
797133, 1, 20241226153745.088241
797193, 1, 20241226153746.088269
797253, 1, 20241226153747.088301
797313, 1, 20241226153748.088327
