35677, 1, 20250110132536.138678
35737, 1, 20250110132537.138756
35797, 1, 20250110132538.138823
35857, 1, 20250110132539.138789
35917, 1, 20250110132540.138855
35977, 1, 20250110132541.138885
36037, 1, 20250110132542.138909
36097, 1, 20250110132543.138944
36157, 1, 20250110132544.138979
36217, 1, 20250110132545.138961
36277, 1, 20250110132546.139041
36337, 1, 20250110132547.139054
36397, 1, 20250110132548.139036
36457, 1, 20250110132549.139141
36517, 1, 20250110132550.139172
36577, 1, 20250110132551.139164
36637, 1, 20250110132552.139170
36697, 1, 20250110132553.139245
36757, 1, 20250110132554.139305
36817, 1, 20250110132555.139292
36877, 1, 20250110132556.139291
36937, 1, 20250110132557.139307
36997, 1, 20250110132558.139394
37057, 1, 20250110132559.139439
37117, 1, 20250110132600.139374
37177, 1, 20250110132601.139501
37237, 1, 20250110132602.139513
37297, 1, 20250110132603.139539
37357, 1, 20250110132604.139542
37417, 1, 20250110132605.139585
37477, 1, 20250110132606.139632
37537, 1, 20250110132607.139659
37597, 1, 20250110132608.139697
37657, 1, 20250110132609.139736
37717, 1, 20250110132610.139749
37777, 1, 20250110132611.139788
37837, 1, 20250110132612.139742
37897, 1, 20250110132613.139784
37957, 1, 20250110132614.139875
38017, 1, 20250110132615.139897
38077, 1, 20250110132616.139869
38137, 1, 20250110132617.139898
38197, 1, 20250110132618.139923
38257, 1, 20250110132619.140030
38317, 1, 20250110132620.139988
38377, 1, 20250110132621.140020
38437, 1, 20250110132622.140037
38497, 1, 20250110132623.140140
38557, 1, 20250110132624.140097
38617, 1, 20250110132625.140131
38677, 1, 20250110132626.140157
38737, 1, 20250110132627.140283
38797, 1, 20250110132628.140291
38857, 1, 20250110132629.140273
38917, 1, 20250110132630.140271
38977, 1, 20250110132631.140304
39037, 1, 20250110132632.140397
39097, 1, 20250110132633.140392
