721827, 1, 20250112104223.338504
721887, 1, 20250112104224.338525
721947, 1, 20250112104225.338540
722007, 1, 20250112104226.338552
722067, 1, 20250112104227.338586
722127, 1, 20250112104228.338615
722187, 1, 20250112104229.338650
722247, 1, 20250112104230.338688
722307, 1, 20250112104231.338711
722367, 1, 20250112104232.338735
722427, 1, 20250112104233.338788
722487, 1, 20250112104234.338816
722547, 1, 20250112104235.338823
722607, 1, 20250112104236.338846
722667, 1, 20250112104237.338867
722727, 1, 20250112104238.338903
722787, 1, 20250112104239.338927
722847, 1, 20250112104240.338967
722907, 1, 20250112104241.339003
722967, 1, 20250112104242.339011
723027, 1, 20250112104243.339056
723087, 1, 20250112104244.339083
723147, 1, 20250112104245.339111
723207, 1, 20250112104246.339133
723267, 1, 20250112104247.339163
723327, 1, 20250112104248.339198
723387, 1, 20250112104249.339224
723447, 1, 20250112104250.339254
723507, 1, 20250112104251.339281
723567, 1, 20250112104252.339325
723627, 1, 20250112104253.339351
723687, 1, 20250112104254.339361
723747, 1, 20250112104255.339392
723807, 1, 20250112104256.339416
723867, 1, 20250112104257.339449
723927, 1, 20250112104258.339478
723987, 1, 20250112104259.339505
724047, 1, 20250112104300.339534
724107, 1, 20250112104301.339570
724167, 1, 20250112104302.339607
724227, 1, 20250112104303.339642
724287, 1, 20250112104304.339648
724347, 1, 20250112104305.339688
724407, 1, 20250112104306.339708
724467, 1, 20250112104307.339714
724527, 1, 20250112104308.339767
