1215343, 1, 20241227183324.915849
1215403, 1, 20241227183325.915894
1215463, 1, 20241227183326.915887
1215523, 1, 20241227183327.915929
1215583, 1, 20241227183328.915951
1215643, 1, 20241227183329.915968
1215703, 1, 20241227183330.916016
1215763, 1, 20241227183331.916039
1215823, 1, 20241227183332.916071
1215883, 1, 20241227183333.916124
1215943, 1, 20241227183334.916141
1216003, 1, 20241227183335.916158
1216063, 1, 20241227183336.916188
1216123, 1, 20241227183337.916219
1216183, 1, 20241227183338.916239
1216243, 1, 20241227183339.916279
1216303, 1, 20241227183340.916304
1216363, 1, 20241227183341.916332
1216423, 1, 20241227183342.916366
1216483, 1, 20241227183343.916395
1216543, 1, 20241227183344.916427
1216603, 1, 20241227183345.916435
1216663, 1, 20241227183346.916461
1216723, 1, 20241227183347.916510
1216783, 1, 20241227183348.916524
1216843, 1, 20241227183349.916559
1216903, 1, 20241227183350.916593
1216963, 1, 20241227183351.916606
