511905, 1, 20250112094404.511724
511965, 1, 20250112094405.511779
512025, 1, 20250112094406.511798
512085, 1, 20250112094407.511817
512145, 1, 20250112094408.511831
512205, 1, 20250112094409.511921
512265, 1, 20250112094410.511897
512325, 1, 20250112094411.511920
512385, 1, 20250112094412.511947
512445, 1, 20250112094413.511981
512505, 1, 20250112094414.512005
512565, 1, 20250112094415.512055
512625, 1, 20250112094416.512088
512685, 1, 20250112094417.512094
512745, 1, 20250112094418.512101
512805, 1, 20250112094419.512160
512865, 1, 20250112094420.512183
512925, 1, 20250112094421.512214
512985, 1, 20250112094422.512249
513045, 1, 20250112094423.512274
513105, 1, 20250112094424.512322
513165, 1, 20250112094425.512329
513225, 1, 20250112094426.512355
513285, 1, 20250112094427.512387
513345, 1, 20250112094428.512395
513405, 1, 20250112094429.512443
513465, 1, 20250112094430.512465
513525, 1, 20250112094431.512496
513585, 1, 20250112094432.512523
513645, 1, 20250112094433.512564
513705, 1, 20250112094434.512582
513765, 1, 20250112094435.512625
513825, 1, 20250112094436.512644
513885, 1, 20250112094437.512669
513945, 1, 20250112094438.512689
514005, 1, 20250112094439.512738
514065, 1, 20250112094440.512763
514125, 1, 20250112094441.512795
514185, 1, 20250112094442.512805
514245, 1, 20250112094443.512846
514305, 1, 20250112094444.512881
