60029, 1, 20250112153859.202150
60089, 1, 20250112153900.202167
60149, 1, 20250112153901.202213
60209, 1, 20250112153902.202259
60269, 1, 20250112153903.202289
60329, 1, 20250112153904.202286
60389, 1, 20250112153905.202330
60449, 1, 20250112153906.202356
60509, 1, 20250112153907.202393
60569, 1, 20250112153908.202408
60629, 1, 20250112153909.202439
60689, 1, 20250112153910.202423
60749, 1, 20250112153911.202513
60809, 1, 20250112153912.202543
60869, 1, 20250112153913.202567
60929, 1, 20250112153914.202588
60989, 1, 20250112153915.202626
61049, 1, 20250112153916.202658
61109, 1, 20250112153917.202688
61169, 1, 20250112153918.202703
61229, 1, 20250112153919.202744
61289, 1, 20250112153920.202761
61349, 1, 20250112153921.202806
61409, 1, 20250112153922.202843
61469, 1, 20250112153923.202883
61529, 1, 20250112153924.202880
61589, 1, 20250112153925.202923
61649, 1, 20250112153926.202935
61709, 1, 20250112153927.202990
61769, 1, 20250112153928.202994
61829, 1, 20250112153929.203032
61889, 1, 20250112153930.203059
61949, 1, 20250112153931.203098
62009, 1, 20250112153932.203142
62069, 1, 20250112153933.203171
62129, 1, 20250112153934.203172
62189, 1, 20250112153935.203217
62249, 1, 20250112153936.203229
62309, 1, 20250112153937.203259
62369, 1, 20250112153938.203301
