400147, 1, 20250107155237.547708
400207, 1, 20250107155238.547732
400267, 1, 20250107155239.547766
400327, 1, 20250107155240.547795
400387, 1, 20250107155241.547820
400447, 1, 20250107155242.547846
400507, 1, 20250107155243.547885
400567, 1, 20250107155244.547918
400627, 1, 20250107155245.547960
400687, 1, 20250107155246.547964
400747, 1, 20250107155247.547992
400807, 1, 20250107155248.548016
400867, 1, 20250107155249.548055
400927, 1, 20250107155250.548076
400987, 1, 20250107155251.548110
401047, 1, 20250107155252.548132
401107, 1, 20250107155253.548168
401167, 1, 20250107155254.548211
401227, 1, 20250107155255.548226
401287, 1, 20250107155256.548246
401347, 1, 20250107155257.548270
401407, 1, 20250107155258.548312
401467, 1, 20250107155259.548332
401527, 1, 20250107155300.548363
401587, 1, 20250107155301.548397
401647, 1, 20250107155302.548409
401707, 1, 20250107155303.548451
401767, 1, 20250107155304.548471
401827, 1, 20250107155305.548502
401887, 1, 20250107155306.548532
401947, 1, 20250107155307.548555
402007, 1, 20250107155308.548584
402067, 1, 20250107155309.548615
402127, 1, 20250107155310.548643
402187, 1, 20250107155311.548685
402247, 1, 20250107155312.548700
402307, 1, 20250107155313.548748
402367, 1, 20250107155314.548782
402427, 1, 20250107155315.548820
402487, 1, 20250107155316.548804
402547, 1, 20250107155317.548843
402607, 1, 20250107155318.548861
402667, 1, 20250107155319.548901
402727, 1, 20250107155320.548929
402787, 1, 20250107155321.548957
402847, 1, 20250107155322.548980
402907, 1, 20250107155323.549035
402967, 1, 20250107155324.549052
403027, 1, 20250107155325.549072
403087, 1, 20250107155326.549103
403147, 1, 20250107155327.549124
403207, 1, 20250107155328.549148
403267, 1, 20250107155329.549195
403327, 1, 20250107155330.549218
403387, 1, 20250107155331.549249
403447, 1, 20250107155332.549280
403507, 1, 20250107155333.549297
403567, 1, 20250107155334.549298
403627, 1, 20250107155335.549315
403687, 1, 20250107155336.549330
403747, 1, 20250107155337.549370
403807, 1, 20250107155338.549351
403867, 1, 20250107155339.549423
403927, 1, 20250107155340.549457
403987, 1, 20250107155341.549498
404047, 1, 20250107155342.549575
404107, 1, 20250107155343.549561
404167, 1, 20250107155344.549573
404227, 1, 20250107155345.549595
404287, 1, 20250107155346.549620
404347, 1, 20250107155347.549672
404407, 1, 20250107155348.549684
404467, 1, 20250107155349.549690
404527, 1, 20250107155350.549756
404587, 1, 20250107155351.549787
404647, 1, 20250107155352.549827
404707, 1, 20250107155353.549859
404767, 1, 20250107155354.549869
404827, 1, 20250107155355.549902
404887, 1, 20250107155356.549879
404947, 1, 20250107155357.549916
405007, 1, 20250107155358.549940
405067, 1, 20250107155359.549972
405127, 1, 20250107155400.550038
405187, 1, 20250107155401.550068
405247, 1, 20250107155402.550141
405307, 1, 20250107155403.550155
405367, 1, 20250107155404.550183
405427, 1, 20250107155405.550209
405487, 1, 20250107155406.550172
405547, 1, 20250107155407.550190
405607, 1, 20250107155408.550225
405667, 1, 20250107155409.550301
405727, 1, 20250107155410.550276
405787, 1, 20250107155411.550294
405847, 1, 20250107155412.550345
405907, 1, 20250107155413.550360
