342877, 1, 20250107153643.014982
342937, 1, 20250107153644.015014
342997, 1, 20250107153645.015026
343057, 1, 20250107153646.015072
343117, 1, 20250107153647.015106
343177, 1, 20250107153648.015139
343237, 1, 20250107153649.015179
343297, 1, 20250107153650.015216
343357, 1, 20250107153651.015222
343417, 1, 20250107153652.015245
343477, 1, 20250107153653.015271
343537, 1, 20250107153654.015290
343597, 1, 20250107153655.015330
343657, 1, 20250107153656.015358
343717, 1, 20250107153657.015392
343777, 1, 20250107153658.015418
343837, 1, 20250107153659.015474
343897, 1, 20250107153700.015475
343957, 1, 20250107153701.015516
344017, 1, 20250107153702.015536
344077, 1, 20250107153703.015567
344137, 1, 20250107153704.015609
344197, 1, 20250107153705.015620
344257, 1, 20250107153706.015665
344317, 1, 20250107153707.015681
344377, 1, 20250107153708.015710
344437, 1, 20250107153709.015741
344497, 1, 20250107153710.015774
344557, 1, 20250107153711.015808
344617, 1, 20250107153712.015840
344677, 1, 20250107153713.015870
344737, 1, 20250107153714.015899
344797, 1, 20250107153715.015927
344857, 1, 20250107153716.015956
344917, 1, 20250107153717.015988
344977, 1, 20250107153718.016033
345037, 1, 20250107153719.016064
345097, 1, 20250107153720.016069
345157, 1, 20250107153721.016105
345217, 1, 20250107153722.016141
345277, 1, 20250107153723.016156
345337, 1, 20250107153724.016182
345397, 1, 20250107153725.016217
345457, 1, 20250107153726.016244
345517, 1, 20250107153727.016272
345577, 1, 20250107153728.016323
345637, 1, 20250107153729.016370
345697, 1, 20250107153730.016366
345757, 1, 20250107153731.016404
345817, 1, 20250107153732.016421
345877, 1, 20250107153733.016456
345937, 1, 20250107153734.016486
345997, 1, 20250107153735.016510
346057, 1, 20250107153736.016552
346117, 1, 20250107153737.016573
346177, 1, 20250107153738.016609
346237, 1, 20250107153739.016633
346297, 1, 20250107153740.016651
346357, 1, 20250107153741.016694
346417, 1, 20250107153742.016706
346477, 1, 20250107153743.016743
346537, 1, 20250107153744.016771
346597, 1, 20250107153745.016800
346657, 1, 20250107153746.016830
346717, 1, 20250107153747.016879
346777, 1, 20250107153748.016918
346837, 1, 20250107153749.016921
346897, 1, 20250107153750.016943
346957, 1, 20250107153751.016983
347017, 1, 20250107153752.017004
347077, 1, 20250107153753.017036
347137, 1, 20250107153754.017052
347197, 1, 20250107153755.017088
347257, 1, 20250107153756.017120
347317, 1, 20250107153757.017175
347377, 1, 20250107153758.017203
347437, 1, 20250107153759.017210
347497, 1, 20250107153800.017249
347557, 1, 20250107153801.017283
347617, 1, 20250107153802.017297
347677, 1, 20250107153803.017328
347737, 1, 20250107153804.017349
347797, 1, 20250107153805.017387
347857, 1, 20250107153806.017420
347917, 1, 20250107153807.017446
347977, 1, 20250107153808.017445
348037, 1, 20250107153809.017481
348097, 1, 20250107153810.017512
348157, 1, 20250107153811.017550
348217, 1, 20250107153812.017564
348277, 1, 20250107153813.017615
348337, 1, 20250107153814.017627
348397, 1, 20250107153815.017662
348457, 1, 20250107153816.017692
348517, 1, 20250107153817.017719
348577, 1, 20250107153818.017764
348637, 1, 20250107153819.017788
348697, 1, 20250107153820.017810
348757, 1, 20250107153821.017841
348817, 1, 20250107153822.017875
348877, 1, 20250107153823.017906
348937, 1, 20250107153824.017932
348997, 1, 20250107153825.017967
349057, 1, 20250107153826.018004
349117, 1, 20250107153827.018032
349177, 1, 20250107153828.018060
349237, 1, 20250107153829.018064
349297, 1, 20250107153830.018095
349357, 1, 20250107153831.018117
349417, 1, 20250107153832.018161
349477, 1, 20250107153833.018187
349537, 1, 20250107153834.018213
349597, 1, 20250107153835.018238
349657, 1, 20250107153836.018295
349717, 1, 20250107153837.018290
349777, 1, 20250107153838.018328
349837, 1, 20250107153839.018352
349897, 1, 20250107153840.018393
349957, 1, 20250107153841.018409
350017, 1, 20250107153842.018443
350077, 1, 20250107153843.018470
350137, 1, 20250107153844.018505
350197, 1, 20250107153845.018536
350257, 1, 20250107153846.018558
350317, 1, 20250107153847.018594
350377, 1, 20250107153848.018610
350437, 1, 20250107153849.018651
350497, 1, 20250107153850.018667
350557, 1, 20250107153851.018699
350617, 1, 20250107153852.018726
350677, 1, 20250107153853.018758
350737, 1, 20250107153854.018789
350797, 1, 20250107153855.018838
350857, 1, 20250107153856.018867
350917, 1, 20250107153857.018881
350977, 1, 20250107153858.018900
351037, 1, 20250107153859.018940
351097, 1, 20250107153900.018959
351157, 1, 20250107153901.018987
351217, 1, 20250107153902.019010
351277, 1, 20250107153903.019052
351337, 1, 20250107153904.019064
351397, 1, 20250107153905.019121
351457, 1, 20250107153906.019150
351517, 1, 20250107153907.019160
351577, 1, 20250107153908.019188
351637, 1, 20250107153909.019223
351697, 1, 20250107153910.019237
351757, 1, 20250107153911.019272
351817, 1, 20250107153912.019313
351877, 1, 20250107153913.019334
351937, 1, 20250107153914.019362
351997, 1, 20250107153915.019388
352057, 1, 20250107153916.019431
352117, 1, 20250107153917.019444
352177, 1, 20250107153918.019485
352237, 1, 20250107153919.019516
352297, 1, 20250107153920.019537
352357, 1, 20250107153921.019560
352417, 1, 20250107153922.019553
352477, 1, 20250107153923.019598
352537, 1, 20250107153924.019680
352597, 1, 20250107153925.019702
352657, 1, 20250107153926.019699
352717, 1, 20250107153927.019741
352777, 1, 20250107153928.019772
352837, 1, 20250107153929.019802
352897, 1, 20250107153930.019827
352957, 1, 20250107153931.019865
353017, 1, 20250107153932.019887
353077, 1, 20250107153933.019923
353137, 1, 20250107153934.019964
353197, 1, 20250107153935.020003
353257, 1, 20250107153936.020004
353317, 1, 20250107153937.020040
353377, 1, 20250107153938.020060
353437, 1, 20250107153939.020088
353497, 1, 20250107153940.020133
353557, 1, 20250107153941.020171
