208753, 1, 20250111215254.880260
208813, 1, 20250111215255.880283
208873, 1, 20250111215256.880296
208933, 1, 20250111215257.880331
208993, 1, 20250111215258.880350
209053, 1, 20250111215259.880392
209113, 1, 20250111215300.880416
209173, 1, 20250111215301.880448
209233, 1, 20250111215302.880467
209293, 1, 20250111215303.880497
209353, 1, 20250111215304.880532
209413, 1, 20250111215305.880580
209473, 1, 20250111215306.880583
209533, 1, 20250111215307.880630
209593, 1, 20250111215308.880644
209653, 1, 20250111215309.880680
209713, 1, 20250111215310.880707
209773, 1, 20250111215311.880736
209833, 1, 20250111215312.880762
209893, 1, 20250111215313.880794
209953, 1, 20250111215314.880825
210013, 1, 20250111215315.880855
210073, 1, 20250111215316.880891
210133, 1, 20250111215317.880904
210193, 1, 20250111215318.880933
210253, 1, 20250111215319.880968
210313, 1, 20250111215320.880989
210373, 1, 20250111215321.881032
210433, 1, 20250111215322.881055
210493, 1, 20250111215323.881089
210553, 1, 20250111215324.881145
210613, 1, 20250111215325.881148
210673, 1, 20250111215326.881171
210733, 1, 20250111215327.881201
210793, 1, 20250111215328.881232
210853, 1, 20250111215329.881263
210913, 1, 20250111215330.881289
210973, 1, 20250111215331.881321
211033, 1, 20250111215332.881480
211093, 1, 20250111215333.881527
211153, 1, 20250111215334.881563
211213, 1, 20250111215335.881580
211273, 1, 20250111215336.881612
