133665, 1, 20250111213203.364787
133725, 1, 20250111213204.364816
133785, 1, 20250111213205.364845
133845, 1, 20250111213206.364880
133905, 1, 20250111213207.364908
133965, 1, 20250111213208.364931
134025, 1, 20250111213209.364952
134085, 1, 20250111213210.364996
134145, 1, 20250111213211.365047
134205, 1, 20250111213212.365058
134265, 1, 20250111213213.365080
134325, 1, 20250111213214.365117
134385, 1, 20250111213215.365145
134445, 1, 20250111213216.365184
134505, 1, 20250111213217.365204
134565, 1, 20250111213218.365223
134625, 1, 20250111213219.365261
134685, 1, 20250111213220.365297
134745, 1, 20250111213221.365315
134805, 1, 20250111213222.365356
134865, 1, 20250111213223.365384
134925, 1, 20250111213224.365405
134985, 1, 20250111213225.365434
135045, 1, 20250111213226.365467
135105, 1, 20250111213227.365502
135165, 1, 20250111213228.365524
135225, 1, 20250111213229.365551
135285, 1, 20250111213230.365600
135345, 1, 20250111213231.365633
135405, 1, 20250111213232.365644
135465, 1, 20250111213233.365680
135525, 1, 20250111213234.365705
135585, 1, 20250111213235.365725
135645, 1, 20250111213236.365773
135705, 1, 20250111213237.365789
135765, 1, 20250111213238.365821
135825, 1, 20250111213239.365852
135885, 1, 20250111213240.365901
135945, 1, 20250111213241.365933
136005, 1, 20250111213242.365932
136065, 1, 20250111213243.365969
136125, 1, 20250111213244.365997
136185, 1, 20250111213245.366029
