423055, 1, 20250106184130.309756
423115, 1, 20250106184131.309790
423175, 1, 20250106184132.309818
423235, 1, 20250106184133.309856
423295, 1, 20250106184134.309863
423355, 1, 20250106184135.309904
423415, 1, 20250106184136.309933
423475, 1, 20250106184137.309968
423535, 1, 20250106184138.309995
423595, 1, 20250106184139.310017
423655, 1, 20250106184140.310050
423715, 1, 20250106184141.310096
423775, 1, 20250106184142.310106
423835, 1, 20250106184143.310145
423895, 1, 20250106184144.310169
423955, 1, 20250106184145.310214
424015, 1, 20250106184146.310249
424075, 1, 20250106184147.310259
424135, 1, 20250106184148.310283
424195, 1, 20250106184149.310322
424255, 1, 20250106184150.310352
424315, 1, 20250106184151.310380
424375, 1, 20250106184152.310405
424435, 1, 20250106184153.310445
424495, 1, 20250106184154.310473
424555, 1, 20250106184155.310518
424615, 1, 20250106184156.310540
424675, 1, 20250106184157.310560
424735, 1, 20250106184158.310586
424795, 1, 20250106184159.310626
424855, 1, 20250106184200.310644
424915, 1, 20250106184201.310679
424975, 1, 20250106184202.310707
425035, 1, 20250106184203.310739
425095, 1, 20250106184204.310766
425155, 1, 20250106184205.310812
425215, 1, 20250106184206.310860
425275, 1, 20250106184207.310853
425335, 1, 20250106184208.310899
425395, 1, 20250106184209.310919
425455, 1, 20250106184210.310944
425515, 1, 20250106184211.310978
425575, 1, 20250106184212.311005
425635, 1, 20250106184213.311036
425695, 1, 20250106184214.311058
425755, 1, 20250106184215.311096
425815, 1, 20250106184216.311132
425875, 1, 20250106184217.311158
425935, 1, 20250106184218.311192
425995, 1, 20250106184219.311217
426055, 1, 20250106184220.311255
426115, 1, 20250106184221.311283
426175, 1, 20250106184222.311300
426235, 1, 20250106184223.311339
426295, 1, 20250106184224.311384
426355, 1, 20250106184225.311410
426415, 1, 20250106184226.311424
426475, 1, 20250106184227.311441
426535, 1, 20250106184228.311488
426595, 1, 20250106184229.311502
426655, 1, 20250106184230.311548
426715, 1, 20250106184231.311568
426775, 1, 20250106184232.311606
426835, 1, 20250106184233.311634
426895, 1, 20250106184234.311680
426955, 1, 20250106184235.311717
427015, 1, 20250106184236.311714
427075, 1, 20250106184237.311741
427135, 1, 20250106184238.311778
427195, 1, 20250106184239.311809
427255, 1, 20250106184240.311831
427315, 1, 20250106184241.311881
427375, 1, 20250106184242.311901
427435, 1, 20250106184243.311940
427495, 1, 20250106184244.311974
427555, 1, 20250106184245.311991
427615, 1, 20250106184246.312025
427675, 1, 20250106184247.312054
427735, 1, 20250106184248.312073
427795, 1, 20250106184249.312099
427855, 1, 20250106184250.312134
427915, 1, 20250106184251.312165
427975, 1, 20250106184252.312200
428035, 1, 20250106184253.312233
428095, 1, 20250106184254.312256
428155, 1, 20250106184255.312285
428215, 1, 20250106184256.312307
428275, 1, 20250106184257.312347
428335, 1, 20250106184258.312372
428395, 1, 20250106184259.312413
428455, 1, 20250106184300.312432
428515, 1, 20250106184301.312473
428575, 1, 20250106184302.312486
428635, 1, 20250106184303.312539
428695, 1, 20250106184304.312563
428755, 1, 20250106184305.312589
428815, 1, 20250106184306.312617
428875, 1, 20250106184307.312645
428935, 1, 20250106184308.312669
428995, 1, 20250106184309.312716
429055, 1, 20250106184310.312732
429115, 1, 20250106184311.312752
429175, 1, 20250106184312.312793
429235, 1, 20250106184313.312843
429295, 1, 20250106184314.312868
429355, 1, 20250106184315.312880
429415, 1, 20250106184316.312913
429475, 1, 20250106184317.312939
429535, 1, 20250106184318.312979
429595, 1, 20250106184319.313004
429655, 1, 20250106184320.313031
429715, 1, 20250106184321.313067
429775, 1, 20250106184322.313108
429835, 1, 20250106184323.313128
429895, 1, 20250106184324.313154
429955, 1, 20250106184325.313191
430015, 1, 20250106184326.313213
430075, 1, 20250106184327.313245
430135, 1, 20250106184328.313268
430195, 1, 20250106184329.313300
430255, 1, 20250106184330.313325
430315, 1, 20250106184331.313369
430375, 1, 20250106184332.313397
430435, 1, 20250106184333.313427
430495, 1, 20250106184334.313457
430555, 1, 20250106184335.313481
430615, 1, 20250106184336.313519
430675, 1, 20250106184337.313553
430735, 1, 20250106184338.313572
430795, 1, 20250106184339.313606
430855, 1, 20250106184340.313635
430915, 1, 20250106184341.313657
430975, 1, 20250106184342.313714
431035, 1, 20250106184343.313736
431095, 1, 20250106184344.313741
431155, 1, 20250106184345.313782
431215, 1, 20250106184346.313805
431275, 1, 20250106184347.313842
431335, 1, 20250106184348.313880
431395, 1, 20250106184349.313905
431455, 1, 20250106184350.313922
431515, 1, 20250106184351.313967
431575, 1, 20250106184352.314012
431635, 1, 20250106184353.314039
431695, 1, 20250106184354.314055
431755, 1, 20250106184355.314074
431815, 1, 20250106184356.314107
431875, 1, 20250106184357.314144
431935, 1, 20250106184358.314177
431995, 1, 20250106184359.314203
432055, 1, 20250106184400.314220
432115, 1, 20250106184401.314258
432175, 1, 20250106184402.314287
432235, 1, 20250106184403.314322
432295, 1, 20250106184404.314349
432355, 1, 20250106184405.314380
432415, 1, 20250106184406.314413
432475, 1, 20250106184407.314443
432535, 1, 20250106184408.314464
432595, 1, 20250106184409.314498
432655, 1, 20250106184410.314523
432715, 1, 20250106184411.314588
432775, 1, 20250106184412.314618
432835, 1, 20250106184413.314619
432895, 1, 20250106184414.314637
432955, 1, 20250106184415.314678
433015, 1, 20250106184416.314701
433075, 1, 20250106184417.314737
433135, 1, 20250106184418.314772
433195, 1, 20250106184419.314796
433255, 1, 20250106184420.314834
433315, 1, 20250106184421.314876
433375, 1, 20250106184422.314898
433435, 1, 20250106184423.314907
433495, 1, 20250106184424.314960
433555, 1, 20250106184425.314981
433615, 1, 20250106184426.315004
433675, 1, 20250106184427.315032
433735, 1, 20250106184428.315076
