263515, 1, 20250114194939.273752
263575, 1, 20250114194940.273792
263635, 1, 20250114194941.273808
263695, 1, 20250114194942.273857
263755, 1, 20250114194943.273884
263815, 1, 20250114194944.273895
263875, 1, 20250114194945.273922
263935, 1, 20250114194946.273953
263995, 1, 20250114194947.273982
264055, 1, 20250114194948.274009
264115, 1, 20250114194949.274049
264175, 1, 20250114194950.274071
264235, 1, 20250114194951.274102
264295, 1, 20250114194952.274127
264355, 1, 20250114194953.274159
264415, 1, 20250114194954.274187
264475, 1, 20250114194955.274214
264535, 1, 20250114194956.274247
264595, 1, 20250114194957.274279
264655, 1, 20250114194958.274300
264715, 1, 20250114194959.274331
264775, 1, 20250114195000.274363
264835, 1, 20250114195001.274414
264895, 1, 20250114195002.274433
264955, 1, 20250114195003.274458
265015, 1, 20250114195004.274478
265075, 1, 20250114195005.274509
265135, 1, 20250114195006.274542
265195, 1, 20250114195007.274578
265255, 1, 20250114195008.274597
265315, 1, 20250114195009.274625
265375, 1, 20250114195010.274661
265435, 1, 20250114195011.274703
265495, 1, 20250114195012.274742
265555, 1, 20250114195013.274745
265615, 1, 20250114195014.274780
265675, 1, 20250114195015.274807
265735, 1, 20250114195016.274832
265795, 1, 20250114195017.274863
265855, 1, 20250114195018.274874
265915, 1, 20250114195019.274925
265975, 1, 20250114195020.274957
266035, 1, 20250114195021.274995
266095, 1, 20250114195022.275001
266155, 1, 20250114195023.275033
266215, 1, 20250114195024.275055
266275, 1, 20250114195025.275084
266335, 1, 20250114195026.275121
266395, 1, 20250114195027.275158
266455, 1, 20250114195028.275175
266515, 1, 20250114195029.275212
266575, 1, 20250114195030.275247
266635, 1, 20250114195031.275273
266695, 1, 20250114195032.275289
266755, 1, 20250114195033.275325
266815, 1, 20250114195034.275360
266875, 1, 20250114195035.275382
266935, 1, 20250114195036.275418
266995, 1, 20250114195037.275439
267055, 1, 20250114195038.275459
267115, 1, 20250114195039.275505
267175, 1, 20250114195040.275556
267235, 1, 20250114195041.275580
267295, 1, 20250114195042.275580
267355, 1, 20250114195043.275620
267415, 1, 20250114195044.275654
267475, 1, 20250114195045.275687
267535, 1, 20250114195046.275710
267595, 1, 20250114195047.275742
267655, 1, 20250114195048.275772
267715, 1, 20250114195049.275795
267775, 1, 20250114195050.275844
267835, 1, 20250114195051.275873
267895, 1, 20250114195052.275888
267955, 1, 20250114195053.275918
268015, 1, 20250114195054.275954
268075, 1, 20250114195055.275974
268135, 1, 20250114195056.276008
268195, 1, 20250114195057.276037
268255, 1, 20250114195058.276066
268315, 1, 20250114195059.276096
268375, 1, 20250114195100.276123
268435, 1, 20250114195101.276145
268495, 1, 20250114195102.276179
268555, 1, 20250114195103.276205
268615, 1, 20250114195104.276240
268675, 1, 20250114195105.276262
268735, 1, 20250114195106.276286
268795, 1, 20250114195107.276326
268855, 1, 20250114195108.276352
268915, 1, 20250114195109.276398
268975, 1, 20250114195110.276439
269035, 1, 20250114195111.276429
269095, 1, 20250114195112.276470
269155, 1, 20250114195113.276508
269215, 1, 20250114195114.276531
269275, 1, 20250114195115.276557
269335, 1, 20250114195116.276590
269395, 1, 20250114195117.276616
269455, 1, 20250114195118.276652
269515, 1, 20250114195119.276700
269575, 1, 20250114195120.276726
269635, 1, 20250114195121.276741
269695, 1, 20250114195122.276768
269755, 1, 20250114195123.276793
269815, 1, 20250114195124.276817
269875, 1, 20250114195125.276849
269935, 1, 20250114195126.276878
269995, 1, 20250114195127.276916
270055, 1, 20250114195128.276931
270115, 1, 20250114195129.276977
270175, 1, 20250114195130.276995
270235, 1, 20250114195131.277028
270295, 1, 20250114195132.277053
270355, 1, 20250114195133.277081
270415, 1, 20250114195134.277121
270475, 1, 20250114195135.277153
270535, 1, 20250114195136.277175
270595, 1, 20250114195137.277201
270655, 1, 20250114195138.277231
270715, 1, 20250114195139.277255
270775, 1, 20250114195140.277293
270835, 1, 20250114195141.277319
270895, 1, 20250114195142.277363
270955, 1, 20250114195143.277378
271015, 1, 20250114195144.277410
271075, 1, 20250114195145.277431
271135, 1, 20250114195146.277466
271195, 1, 20250114195147.277494
271255, 1, 20250114195148.277539
271315, 1, 20250114195149.277569
271375, 1, 20250114195150.277581
271435, 1, 20250114195151.277602
271495, 1, 20250114195152.277635
271555, 1, 20250114195153.277675
271615, 1, 20250114195154.277719
271675, 1, 20250114195155.277716
271735, 1, 20250114195156.277755
271795, 1, 20250114195157.277782
271855, 1, 20250114195158.277838
271915, 1, 20250114195159.277857
271975, 1, 20250114195200.277870
272035, 1, 20250114195201.277907
272095, 1, 20250114195202.277908
272155, 1, 20250114195203.277966
272215, 1, 20250114195204.277991
272275, 1, 20250114195205.278019
272335, 1, 20250114195206.278032
272395, 1, 20250114195207.278095
272455, 1, 20250114195208.278103
272515, 1, 20250114195209.278127
272575, 1, 20250114195210.278155
272635, 1, 20250114195211.278191
272695, 1, 20250114195212.278222
272755, 1, 20250114195213.278251
272815, 1, 20250114195214.278281
272875, 1, 20250114195215.278299
272935, 1, 20250114195216.278321
272995, 1, 20250114195217.278386
273055, 1, 20250114195218.278275
273115, 1, 20250114195219.278430
273175, 1, 20250114195220.278449
273235, 1, 20250114195221.278475
273295, 1, 20250114195222.278521
273355, 1, 20250114195223.278551
273415, 1, 20250114195224.278571
273475, 1, 20250114195225.278603
273535, 1, 20250114195226.278626
273595, 1, 20250114195227.278681
273655, 1, 20250114195228.278703
273715, 1, 20250114195229.278706
273775, 1, 20250114195230.278737
273835, 1, 20250114195231.278775
273895, 1, 20250114195232.278800
273955, 1, 20250114195233.278822
274015, 1, 20250114195234.278857
274075, 1, 20250114195235.278889
274135, 1, 20250114195236.278914
274195, 1, 20250114195237.278973
