1083671, 1, 20250112122254.290877
1083731, 1, 20250112122255.290957
1083791, 1, 20250112122256.291009
1083851, 1, 20250112122257.291052
1083911, 1, 20250112122258.290972
1083971, 1, 20250112122259.291040
1084031, 1, 20250112122300.291065
1084091, 1, 20250112122301.291079
1084151, 1, 20250112122302.291102
1084211, 1, 20250112122303.291165
1084271, 1, 20250112122304.291137
1084331, 1, 20250112122305.291179
1084391, 1, 20250112122306.291214
1084451, 1, 20250112122307.291260
1084511, 1, 20250112122308.291283
1084571, 1, 20250112122309.291373
1084631, 1, 20250112122310.291337
1084691, 1, 20250112122311.291358
1084751, 1, 20250112122312.291388
1084811, 1, 20250112122313.291426
1084871, 1, 20250112122314.291459
1084931, 1, 20250112122315.291484
1084991, 1, 20250112122316.291500
1085051, 1, 20250112122317.291533
1085111, 1, 20250112122318.291634
1085171, 1, 20250112122319.291595
1085231, 1, 20250112122320.291620
1085291, 1, 20250112122321.291652
1085351, 1, 20250112122322.291683
1085411, 1, 20250112122323.291716
1085471, 1, 20250112122324.291748
1085531, 1, 20250112122325.291845
1085591, 1, 20250112122326.291863
1085651, 1, 20250112122327.291822
1085711, 1, 20250112122328.291845
1085771, 1, 20250112122329.291969
1085831, 1, 20250112122330.291912
1085891, 1, 20250112122331.291945
1085951, 1, 20250112122332.292033
1086011, 1, 20250112122333.292057
1086071, 1, 20250112122334.292030
1086131, 1, 20250112122335.292047
1086191, 1, 20250112122336.292087
1086251, 1, 20250112122337.292120
1086311, 1, 20250112122338.292174
1086371, 1, 20250112122339.292227
1086431, 1, 20250112122340.292176
1086491, 1, 20250112122341.292269
