408305, 1, 20241227144913.770159
408365, 1, 20241227144914.770256
408425, 1, 20241227144915.770267
408485, 1, 20241227144916.770248
408545, 1, 20241227144917.770350
408605, 1, 20241227144918.770301
408665, 1, 20241227144919.770345
408725, 1, 20241227144920.770416
408785, 1, 20241227144921.770375
408845, 1, 20241227144922.770378
408905, 1, 20241227144923.770446
408965, 1, 20241227144924.770466
409025, 1, 20241227144925.770489
409085, 1, 20241227144926.770534
409145, 1, 20241227144927.770576
409205, 1, 20241227144928.770589
409265, 1, 20241227144929.770622
409325, 1, 20241227144930.770643
409385, 1, 20241227144931.770744
409445, 1, 20241227144932.770694
409505, 1, 20241227144933.770792
409565, 1, 20241227144934.770756
409625, 1, 20241227144935.770874
409685, 1, 20241227144936.770892
409745, 1, 20241227144937.770833
409805, 1, 20241227144938.770874
409865, 1, 20241227144939.770895
409925, 1, 20241227144940.770921
409985, 1, 20241227144941.770960
410045, 1, 20241227144942.770982
410105, 1, 20241227144943.771072
410165, 1, 20241227144944.771105
410225, 1, 20241227144945.771040
410285, 1, 20241227144946.771177
410345, 1, 20241227144947.771198
410405, 1, 20241227144948.771161
410465, 1, 20241227144949.771186
410525, 1, 20241227144950.771213
410585, 1, 20241227144951.771239
410645, 1, 20241227144952.771348
410705, 1, 20241227144953.771291
410765, 1, 20241227144954.771330
410825, 1, 20241227144955.771405
410885, 1, 20241227144956.771358
410945, 1, 20241227144957.771409
411005, 1, 20241227144958.771428
411065, 1, 20241227144959.771531
411125, 1, 20241227145000.771567
411185, 1, 20241227145001.771595
411245, 1, 20241227145002.771622
411305, 1, 20241227145003.771585
411365, 1, 20241227145004.771627
411425, 1, 20241227145005.771652
411485, 1, 20241227145006.771689
411545, 1, 20241227145007.771692
411605, 1, 20241227145008.771728
411665, 1, 20241227145009.771759
411725, 1, 20241227145010.771860
411785, 1, 20241227145011.771821
411845, 1, 20241227145012.771845
411905, 1, 20241227145013.771919
411965, 1, 20241227145014.771984
412025, 1, 20241227145015.771923
412085, 1, 20241227145016.771938
412145, 1, 20241227145017.771968
412205, 1, 20241227145018.772008
412265, 1, 20241227145019.772115
412325, 1, 20241227145020.772061
412385, 1, 20241227145021.772079
412445, 1, 20241227145022.772205
412505, 1, 20241227145023.772238
412565, 1, 20241227145024.772165
412625, 1, 20241227145025.772222
412685, 1, 20241227145026.772310
412745, 1, 20241227145027.772259
412805, 1, 20241227145028.772343
412865, 1, 20241227145029.772315
412925, 1, 20241227145030.772408
412985, 1, 20241227145031.772420
413045, 1, 20241227145032.772454
413105, 1, 20241227145033.772480
413165, 1, 20241227145034.772537
413225, 1, 20241227145035.772530
413285, 1, 20241227145036.772574
413345, 1, 20241227145037.772610
413405, 1, 20241227145038.772722
413465, 1, 20241227145039.772674
413525, 1, 20241227145040.772683
413585, 1, 20241227145041.772697
413645, 1, 20241227145042.772829
413705, 1, 20241227145043.772809
413765, 1, 20241227145044.772849
413825, 1, 20241227145045.772897
413885, 1, 20241227145046.772969
413945, 1, 20241227145047.772950
414005, 1, 20241227145048.772847
414065, 1, 20241227145049.772878
414125, 1, 20241227145050.773051
414185, 1, 20241227145051.772932
414245, 1, 20241227145052.773183
414305, 1, 20241227145053.772984
414365, 1, 20241227145054.773021
414425, 1, 20241227145055.773049
414485, 1, 20241227145056.773134
414545, 1, 20241227145057.773111
414605, 1, 20241227145058.773123
414665, 1, 20241227145059.773161
414725, 1, 20241227145100.773186
414785, 1, 20241227145101.773224
414845, 1, 20241227145102.773238
414905, 1, 20241227145103.773325
414965, 1, 20241227145104.773305
415025, 1, 20241227145105.773395
415085, 1, 20241227145106.773356
415145, 1, 20241227145107.773457
415205, 1, 20241227145108.773420
415265, 1, 20241227145109.773480
415325, 1, 20241227145110.773471
415385, 1, 20241227145111.773502
415445, 1, 20241227145112.773585
415505, 1, 20241227145113.773624
415565, 1, 20241227145114.773572
415625, 1, 20241227145115.773680
415685, 1, 20241227145116.773605
415745, 1, 20241227145117.773751
415805, 1, 20241227145118.773689
415865, 1, 20241227145119.773724
415925, 1, 20241227145120.773763
415985, 1, 20241227145121.773797
416045, 1, 20241227145122.773901
416105, 1, 20241227145123.773910
416165, 1, 20241227145124.773861
416225, 1, 20241227145125.773894
416285, 1, 20241227145126.773925
416345, 1, 20241227145127.773917
416405, 1, 20241227145128.773978
416465, 1, 20241227145129.774081
416525, 1, 20241227145130.774027
416585, 1, 20241227145131.774084
416645, 1, 20241227145132.774109
416705, 1, 20241227145133.774124
416765, 1, 20241227145134.774141
416825, 1, 20241227145135.774251
416885, 1, 20241227145136.774200
416945, 1, 20241227145137.774287
417005, 1, 20241227145138.774260
417065, 1, 20241227145139.774355
417125, 1, 20241227145140.774312
417185, 1, 20241227145141.774349
417245, 1, 20241227145142.774380
417305, 1, 20241227145143.774405
417365, 1, 20241227145144.774433
417425, 1, 20241227145145.774452
417485, 1, 20241227145146.774552
417545, 1, 20241227145147.774592
417605, 1, 20241227145148.774565
417665, 1, 20241227145149.774583
417725, 1, 20241227145150.774627
417785, 1, 20241227145151.774648
417845, 1, 20241227145152.774653
417905, 1, 20241227145153.774688
417965, 1, 20241227145154.774717
418025, 1, 20241227145155.774822
418085, 1, 20241227145156.774776
418145, 1, 20241227145157.774812
418205, 1, 20241227145158.774821
418265, 1, 20241227145159.774864
418325, 1, 20241227145200.774892
418385, 1, 20241227145201.774898
418445, 1, 20241227145202.774944
418505, 1, 20241227145203.774972
418565, 1, 20241227145204.774991
418625, 1, 20241227145205.775028
418685, 1, 20241227145206.775044
418745, 1, 20241227145207.775162
418805, 1, 20241227145208.775116
418865, 1, 20241227145209.775158
418925, 1, 20241227145210.775176
418985, 1, 20241227145211.775191
