96939, 1, 20241223153314.248569
96999, 1, 20241223153315.248555
97059, 1, 20241223153316.248593
97119, 1, 20241223153317.248659
97179, 1, 20241223153318.248644
97239, 1, 20241223153319.248684
97299, 1, 20241223153320.248701
97359, 1, 20241223153321.248809
97419, 1, 20241223153322.248805
97479, 1, 20241223153323.248841
97539, 1, 20241223153324.248854
97599, 1, 20241223153325.248854
97659, 1, 20241223153326.248887
97719, 1, 20241223153327.248915
97779, 1, 20241223153328.248960
97839, 1, 20241223153329.248974
97899, 1, 20241223153330.249007
97959, 1, 20241223153331.249025
98019, 1, 20241223153332.249121
98079, 1, 20241223153333.249135
98139, 1, 20241223153334.249131
98199, 1, 20241223153335.249186
98259, 1, 20241223153336.249167
98319, 1, 20241223153337.249198
98379, 1, 20241223153338.249228
98439, 1, 20241223153339.249267
98499, 1, 20241223153340.249371
98559, 1, 20241223153341.249326
98619, 1, 20241223153342.249406
98679, 1, 20241223153343.249473
98739, 1, 20241223153344.249445
98799, 1, 20241223153345.249425
98859, 1, 20241223153346.249513
98919, 1, 20241223153347.249556
98979, 1, 20241223153348.249524
99039, 1, 20241223153349.249553
99099, 1, 20241223153350.249650
99159, 1, 20241223153351.249604
99219, 1, 20241223153352.249645
99279, 1, 20241223153353.249744
99339, 1, 20241223153354.249691
99399, 1, 20241223153355.249732
99459, 1, 20241223153356.249824
99519, 1, 20241223153357.249782
99579, 1, 20241223153358.249831
