501409, 1, 20250121153801.602224
501469, 1, 20250121153802.602230
501529, 1, 20250121153803.602266
501589, 1, 20250121153804.602329
501649, 1, 20250121153805.602338
501709, 1, 20250121153806.602371
501769, 1, 20250121153807.602408
501829, 1, 20250121153808.602432
501889, 1, 20250121153809.602454
501949, 1, 20250121153810.602489
502009, 1, 20250121153811.602503
502069, 1, 20250121153812.602550
502129, 1, 20250121153813.602583
502189, 1, 20250121153814.602606
502249, 1, 20250121153815.602637
502309, 1, 20250121153816.602667
502369, 1, 20250121153817.602686
502429, 1, 20250121153818.602728
502489, 1, 20250121153819.602749
502549, 1, 20250121153820.602788
502609, 1, 20250121153821.602812
502669, 1, 20250121153822.602846
502729, 1, 20250121153823.602896
502789, 1, 20250121153824.602919
502849, 1, 20250121153825.602927
502909, 1, 20250121153826.602961
502969, 1, 20250121153827.602992
503029, 1, 20250121153828.603013
503089, 1, 20250121153829.603044
503149, 1, 20250121153830.603074
503209, 1, 20250121153831.603108
503269, 1, 20250121153832.603137
503329, 1, 20250121153833.603180
503389, 1, 20250121153834.603211
503449, 1, 20250121153835.603218
503509, 1, 20250121153836.603246
503569, 1, 20250121153837.603280
503629, 1, 20250121153838.603308
503689, 1, 20250121153839.603353
503749, 1, 20250121153840.603369
503809, 1, 20250121153841.603400
503869, 1, 20250121153842.603440
503929, 1, 20250121153843.603476
503989, 1, 20250121153844.603486
504049, 1, 20250121153845.603508
504109, 1, 20250121153846.603548
504169, 1, 20250121153847.603570
504229, 1, 20250121153848.603596
504289, 1, 20250121153849.603645
504349, 1, 20250121153850.603635
504409, 1, 20250121153851.603683
504469, 1, 20250121153852.603725
504529, 1, 20250121153853.603749
504589, 1, 20250121153854.603779
504649, 1, 20250121153855.603809
504709, 1, 20250121153856.603832
504769, 1, 20250121153857.603874
504829, 1, 20250121153858.603891
504889, 1, 20250121153859.603920
504949, 1, 20250121153900.603962
505009, 1, 20250121153901.603966
505069, 1, 20250121153902.604037
505129, 1, 20250121153903.604062
505189, 1, 20250121153904.604069
505249, 1, 20250121153905.604089
505309, 1, 20250121153906.604136
505369, 1, 20250121153907.604161
505429, 1, 20250121153908.604187
505489, 1, 20250121153909.604211
505549, 1, 20250121153910.604256
505609, 1, 20250121153911.604284
505669, 1, 20250121153912.604321
505729, 1, 20250121153913.604353
505789, 1, 20250121153914.604366
505849, 1, 20250121153915.604397
505909, 1, 20250121153916.604420
505969, 1, 20250121153917.604460
506029, 1, 20250121153918.604486
506089, 1, 20250121153919.604525
506149, 1, 20250121153920.604542
506209, 1, 20250121153921.604556
506269, 1, 20250121153922.604607
506329, 1, 20250121153923.604640
506389, 1, 20250121153924.604659
506449, 1, 20250121153925.604679
506509, 1, 20250121153926.604705
506569, 1, 20250121153927.604748
506629, 1, 20250121153928.604793
506689, 1, 20250121153929.604803
506749, 1, 20250121153930.604829
506809, 1, 20250121153931.604877
506869, 1, 20250121153932.604903
506929, 1, 20250121153933.604909
506989, 1, 20250121153934.604954
507049, 1, 20250121153935.604974
507109, 1, 20250121153936.605015
507169, 1, 20250121153937.605021
507229, 1, 20250121153938.605067
507289, 1, 20250121153939.605091
507349, 1, 20250121153940.605120
507409, 1, 20250121153941.605179
507469, 1, 20250121153942.605206
507529, 1, 20250121153943.605216
507589, 1, 20250121153944.605248
507649, 1, 20250121153945.605281
507709, 1, 20250121153946.605298
507769, 1, 20250121153947.605318
507829, 1, 20250121153948.605360
