392069, 1, 20250121150739.202586
392129, 1, 20250121150740.202614
392189, 1, 20250121150741.202641
392249, 1, 20250121150742.202703
392309, 1, 20250121150743.202734
392369, 1, 20250121150744.202774
392429, 1, 20250121150745.202764
392489, 1, 20250121150746.202800
392549, 1, 20250121150747.202838
392609, 1, 20250121150748.202868
392669, 1, 20250121150749.202899
392729, 1, 20250121150750.202908
392789, 1, 20250121150751.202969
392849, 1, 20250121150752.202980
392909, 1, 20250121150753.203048
392969, 1, 20250121150754.203062
393029, 1, 20250121150755.203064
393089, 1, 20250121150756.203104
393149, 1, 20250121150757.203123
393209, 1, 20250121150758.203161
393269, 1, 20250121150759.203191
393329, 1, 20250121150800.203206
393389, 1, 20250121150801.203251
393449, 1, 20250121150802.203284
393509, 1, 20250121150803.203335
393569, 1, 20250121150804.203335
393629, 1, 20250121150805.203362
393689, 1, 20250121150806.203404
393749, 1, 20250121150807.203425
393809, 1, 20250121150808.203464
393869, 1, 20250121150809.203491
393929, 1, 20250121150810.203494
393989, 1, 20250121150811.203546
394049, 1, 20250121150812.203572
394109, 1, 20250121150813.203609
394169, 1, 20250121150814.203640
394229, 1, 20250121150815.203675
394289, 1, 20250121150816.203692
394349, 1, 20250121150817.203726
394409, 1, 20250121150818.203746
394469, 1, 20250121150819.203787
394529, 1, 20250121150820.203810
394589, 1, 20250121150821.203835
394649, 1, 20250121150822.203900
394709, 1, 20250121150823.203919
394769, 1, 20250121150824.203937
394829, 1, 20250121150825.203984
394889, 1, 20250121150826.203998
394949, 1, 20250121150827.204026
395009, 1, 20250121150828.204047
395069, 1, 20250121150829.204073
395129, 1, 20250121150830.204109
395189, 1, 20250121150831.204140
395249, 1, 20250121150832.204186
395309, 1, 20250121150833.204216
395369, 1, 20250121150834.204237
395429, 1, 20250121150835.204289
395489, 1, 20250121150836.204289
395549, 1, 20250121150837.204327
395609, 1, 20250121150838.204345
395669, 1, 20250121150839.204380
395729, 1, 20250121150840.204427
395789, 1, 20250121150841.204442
395849, 1, 20250121150842.204493
395909, 1, 20250121150843.204477
395969, 1, 20250121150844.204502
396029, 1, 20250121150845.204547
396089, 1, 20250121150846.204583
396149, 1, 20250121150847.204595
396209, 1, 20250121150848.204616
396269, 1, 20250121150849.204660
396329, 1, 20250121150850.204678
396389, 1, 20250121150851.204710
396449, 1, 20250121150852.204741
396509, 1, 20250121150853.204779
396569, 1, 20250121150854.204796
396629, 1, 20250121150855.204839
396689, 1, 20250121150856.204855
396749, 1, 20250121150857.204886
396809, 1, 20250121150858.204918
396869, 1, 20250121150859.204935
396929, 1, 20250121150900.204994
396989, 1, 20250121150901.205018
397049, 1, 20250121150902.205048
397109, 1, 20250121150903.205065
397169, 1, 20250121150904.205095
397229, 1, 20250121150905.205126
397289, 1, 20250121150906.205138
397349, 1, 20250121150907.205187
397409, 1, 20250121150908.205202
397469, 1, 20250121150909.205235
397529, 1, 20250121150910.205289
397589, 1, 20250121150911.205319
397649, 1, 20250121150912.205345
397709, 1, 20250121150913.205351
397769, 1, 20250121150914.205378
397829, 1, 20250121150915.205421
397889, 1, 20250121150916.205438
397949, 1, 20250121150917.205487
398009, 1, 20250121150918.205501
398069, 1, 20250121150919.205542
398129, 1, 20250121150920.205595
398189, 1, 20250121150921.205590
398249, 1, 20250121150922.205611
398309, 1, 20250121150923.205652
398369, 1, 20250121150924.205671
398429, 1, 20250121150925.205730
398489, 1, 20250121150926.205734
398549, 1, 20250121150927.205777
398609, 1, 20250121150928.205799
398669, 1, 20250121150929.205838
398729, 1, 20250121150930.205879
398789, 1, 20250121150931.205890
398849, 1, 20250121150932.205914
398909, 1, 20250121150933.205945
398969, 1, 20250121150934.205966
399029, 1, 20250121150935.206025
399089, 1, 20250121150936.206031
399149, 1, 20250121150937.206062
399209, 1, 20250121150938.206091
399269, 1, 20250121150939.206119
399329, 1, 20250121150940.206166
399389, 1, 20250121150941.206195
399449, 1, 20250121150942.206204
399509, 1, 20250121150943.206231
399569, 1, 20250121150944.206265
399629, 1, 20250121150945.206292
399689, 1, 20250121150946.206322
399749, 1, 20250121150947.206365
399809, 1, 20250121150948.206379
399869, 1, 20250121150949.206411
399929, 1, 20250121150950.206470
399989, 1, 20250121150951.206509
400049, 1, 20250121150952.206501
400109, 1, 20250121150953.206531
400169, 1, 20250121150954.206556
400229, 1, 20250121150955.206605
