232259, 1, 20241223204557.538990
232319, 1, 20241223204558.539028
232379, 1, 20241223204559.539055
232439, 1, 20241223204600.539079
232499, 1, 20241223204601.539101
232559, 1, 20241223204602.539115
232619, 1, 20241223204603.539163
232679, 1, 20241223204604.539181
232739, 1, 20241223204605.539225
232799, 1, 20241223204606.539252
232859, 1, 20241223204607.539280
232919, 1, 20241223204608.539331
232979, 1, 20241223204609.539344
233039, 1, 20241223204610.539362
233099, 1, 20241223204611.539390
233159, 1, 20241223204612.539418
233219, 1, 20241223204613.539459
233279, 1, 20241223204614.539484
233339, 1, 20241223204615.539518
233399, 1, 20241223204616.539546
233459, 1, 20241223204617.539563
233519, 1, 20241223204618.539623
233579, 1, 20241223204619.539632
233639, 1, 20241223204620.539649
233699, 1, 20241223204621.539680
233759, 1, 20241223204622.539716
233819, 1, 20241223204623.539751
233879, 1, 20241223204624.539766
233939, 1, 20241223204625.539802
233999, 1, 20241223204626.539833
234059, 1, 20241223204627.539848
234119, 1, 20241223204628.539892
234179, 1, 20241223204629.539918
234239, 1, 20241223204630.539961
