121243, 1, 20250114204811.521457
121303, 1, 20250114204812.521495
121363, 1, 20250114204813.521521
121423, 1, 20250114204814.521553
121483, 1, 20250114204815.521611
121543, 1, 20250114204816.521617
121603, 1, 20250114204817.521630
121663, 1, 20250114204818.521665
121723, 1, 20250114204819.521688
121783, 1, 20250114204820.521733
121843, 1, 20250114204821.521757
121903, 1, 20250114204822.521796
121963, 1, 20250114204823.521812
122023, 1, 20250114204824.521873
122083, 1, 20250114204825.521895
122143, 1, 20250114204826.521902
122203, 1, 20250114204827.521931
122263, 1, 20250114204828.521963
122323, 1, 20250114204829.521990
122383, 1, 20250114204830.522021
122443, 1, 20250114204831.522036
122503, 1, 20250114204832.522078
