208939, 1, 20250122123303.708559
208999, 1, 20250122123304.708563
209059, 1, 20250122123305.708627
209119, 1, 20250122123306.708619
209179, 1, 20250122123307.708659
209239, 1, 20250122123308.708683
209299, 1, 20250122123309.708715
209359, 1, 20250122123310.708733
209419, 1, 20250122123311.708770
209479, 1, 20250122123312.708803
209539, 1, 20250122123313.708826
209599, 1, 20250122123314.708861
209659, 1, 20250122123315.708884
209719, 1, 20250122123316.708910
209779, 1, 20250122123317.708955
209839, 1, 20250122123318.708985
209899, 1, 20250122123319.709011
209959, 1, 20250122123320.709032
210019, 1, 20250122123321.709085
210079, 1, 20250122123322.709103
210139, 1, 20250122123323.709126
210199, 1, 20250122123324.709145
210259, 1, 20250122123325.709171
210319, 1, 20250122123326.709220
210379, 1, 20250122123327.709229
210439, 1, 20250122123328.709274
210499, 1, 20250122123329.709304
210559, 1, 20250122123330.709338
210619, 1, 20250122123331.709403
210679, 1, 20250122123332.709412
210739, 1, 20250122123333.709422
210799, 1, 20250122123334.709454
210859, 1, 20250122123335.709477
210919, 1, 20250122123336.709511
210979, 1, 20250122123337.709531
211039, 1, 20250122123338.709570
211099, 1, 20250122123339.709593
211159, 1, 20250122123340.709624
211219, 1, 20250122123341.709670
211279, 1, 20250122123342.709691
211339, 1, 20250122123343.709712
211399, 1, 20250122123344.709743
211459, 1, 20250122123345.709764
211519, 1, 20250122123346.709808
211579, 1, 20250122123347.709840
211639, 1, 20250122123348.709865
211699, 1, 20250122123349.709889
211759, 1, 20250122123350.709924
211819, 1, 20250122123351.709958
211879, 1, 20250122123352.709971
211939, 1, 20250122123353.710007
211999, 1, 20250122123354.710036
212059, 1, 20250122123355.710083
212119, 1, 20250122123356.710089
212179, 1, 20250122123357.710132
212239, 1, 20250122123358.710149
212299, 1, 20250122123359.710194
212359, 1, 20250122123400.710212
212419, 1, 20250122123401.710264
212479, 1, 20250122123402.710263
212539, 1, 20250122123403.710295
212599, 1, 20250122123404.710329
212659, 1, 20250122123405.710359
212719, 1, 20250122123406.710380
212779, 1, 20250122123407.710408
212839, 1, 20250122123408.710454
212899, 1, 20250122123409.710478
212959, 1, 20250122123410.710529
213019, 1, 20250122123411.710541
213079, 1, 20250122123412.710567
213139, 1, 20250122123413.710596
213199, 1, 20250122123414.710621
213259, 1, 20250122123415.710650
213319, 1, 20250122123416.710680
213379, 1, 20250122123417.710712
213439, 1, 20250122123418.710746
213499, 1, 20250122123419.710761
213559, 1, 20250122123420.710818
213619, 1, 20250122123421.710823
213679, 1, 20250122123422.710855
213739, 1, 20250122123423.710892
213799, 1, 20250122123424.710920
213859, 1, 20250122123425.710952
213919, 1, 20250122123426.710987
213979, 1, 20250122123427.711008
214039, 1, 20250122123428.711045
214099, 1, 20250122123429.711077
214159, 1, 20250122123430.711124
214219, 1, 20250122123431.711131
214279, 1, 20250122123432.711164
214339, 1, 20250122123433.711191
214399, 1, 20250122123434.711201
214459, 1, 20250122123435.711251
214519, 1, 20250122123436.711278
214579, 1, 20250122123437.711299
214639, 1, 20250122123438.711325
214699, 1, 20250122123439.711374
214759, 1, 20250122123440.711396
214819, 1, 20250122123441.711406
214879, 1, 20250122123442.711440
214939, 1, 20250122123443.711462
214999, 1, 20250122123444.711503
215059, 1, 20250122123445.711536
215119, 1, 20250122123446.711571
215179, 1, 20250122123447.711604
215239, 1, 20250122123448.711643
215299, 1, 20250122123449.711673
215359, 1, 20250122123450.711680
215419, 1, 20250122123451.711720
215479, 1, 20250122123452.711739
215539, 1, 20250122123453.711770
215599, 1, 20250122123454.711802
215659, 1, 20250122123455.711822
215719, 1, 20250122123456.711858
215779, 1, 20250122123457.711894
215839, 1, 20250122123458.711919
215899, 1, 20250122123459.711932
215959, 1, 20250122123500.711970
216019, 1, 20250122123501.712004
216079, 1, 20250122123502.712034
216139, 1, 20250122123503.712055
216199, 1, 20250122123504.712083
216259, 1, 20250122123505.712114
216319, 1, 20250122123506.712147
216379, 1, 20250122123507.712167
216439, 1, 20250122123508.712227
216499, 1, 20250122123509.712241
216559, 1, 20250122123510.712250
216619, 1, 20250122123511.712279
216679, 1, 20250122123512.712310
216739, 1, 20250122123513.712346
216799, 1, 20250122123514.712368
216859, 1, 20250122123515.712384
216919, 1, 20250122123516.712423
216979, 1, 20250122123517.712455
217039, 1, 20250122123518.712497
217099, 1, 20250122123519.712528
217159, 1, 20250122123520.712546
217219, 1, 20250122123521.712566
217279, 1, 20250122123522.712598
217339, 1, 20250122123523.712632
217399, 1, 20250122123524.712668
217459, 1, 20250122123525.712688
217519, 1, 20250122123526.712718
217579, 1, 20250122123527.712737
217639, 1, 20250122123528.712784
217699, 1, 20250122123529.712811
217759, 1, 20250122123530.712836
217819, 1, 20250122123531.712860
217879, 1, 20250122123532.712886
217939, 1, 20250122123533.712935
217999, 1, 20250122123534.712951
218059, 1, 20250122123535.712976
218119, 1, 20250122123536.713017
218179, 1, 20250122123537.713061
218239, 1, 20250122123538.713085
218299, 1, 20250122123539.713093
218359, 1, 20250122123540.713126
218419, 1, 20250122123541.713156
218479, 1, 20250122123542.713175
218539, 1, 20250122123543.713219
218599, 1, 20250122123544.713241
218659, 1, 20250122123545.713268
218719, 1, 20250122123546.713296
218779, 1, 20250122123547.713347
218839, 1, 20250122123548.713383
218899, 1, 20250122123549.713382
218959, 1, 20250122123550.713406
219019, 1, 20250122123551.713443
219079, 1, 20250122123552.713474
219139, 1, 20250122123553.713507
219199, 1, 20250122123554.713522
219259, 1, 20250122123555.713545
219319, 1, 20250122123556.713584
219379, 1, 20250122123557.713588
219439, 1, 20250122123558.713628
219499, 1, 20250122123559.713652
219559, 1, 20250122123600.713673
219619, 1, 20250122123601.713708
219679, 1, 20250122123602.713740
