246163, 1, 20250107114535.006000
246223, 1, 20250107114536.006014
246283, 1, 20250107114537.006045
246343, 1, 20250107114538.006073
246403, 1, 20250107114539.006105
246463, 1, 20250107114540.006125
246523, 1, 20250107114541.006160
246583, 1, 20250107114542.006192
246643, 1, 20250107114543.006222
246703, 1, 20250107114544.006267
246763, 1, 20250107114545.006298
246823, 1, 20250107114546.006311
246883, 1, 20250107114547.006337
246943, 1, 20250107114548.006359
247003, 1, 20250107114549.006396
247063, 1, 20250107114550.006422
247123, 1, 20250107114551.006448
247183, 1, 20250107114552.006484
247243, 1, 20250107114553.006510
247303, 1, 20250107114554.006531
247363, 1, 20250107114555.006566
247423, 1, 20250107114556.006594
247483, 1, 20250107114557.006627
247543, 1, 20250107114558.006660
247603, 1, 20250107114559.006684
247663, 1, 20250107114600.006715
247723, 1, 20250107114601.006743
247783, 1, 20250107114602.006767
247843, 1, 20250107114603.006812
247903, 1, 20250107114604.006851
247963, 1, 20250107114605.006860
248023, 1, 20250107114606.006880
248083, 1, 20250107114607.006913
248143, 1, 20250107114608.006946
248203, 1, 20250107114609.006982
248263, 1, 20250107114610.007010
248323, 1, 20250107114611.007023
248383, 1, 20250107114612.007062
248443, 1, 20250107114613.007101
248503, 1, 20250107114614.007142
248563, 1, 20250107114615.007148
248623, 1, 20250107114616.007184
248683, 1, 20250107114617.007208
248743, 1, 20250107114618.007246
248803, 1, 20250107114619.007270
248863, 1, 20250107114620.007292
248923, 1, 20250107114621.007328
248983, 1, 20250107114622.007352
249043, 1, 20250107114623.007399
249103, 1, 20250107114624.007406
249163, 1, 20250107114625.007433
249223, 1, 20250107114626.007469
249283, 1, 20250107114627.007503
249343, 1, 20250107114628.007535
249403, 1, 20250107114629.007555
249463, 1, 20250107114630.007581
249523, 1, 20250107114631.007618
249583, 1, 20250107114632.007641
249643, 1, 20250107114633.007671
249703, 1, 20250107114634.007705
249763, 1, 20250107114635.007721
249823, 1, 20250107114636.007759
249883, 1, 20250107114637.007790
249943, 1, 20250107114638.007816
250003, 1, 20250107114639.007847
250063, 1, 20250107114640.007877
250123, 1, 20250107114641.007905
250183, 1, 20250107114642.007941
250243, 1, 20250107114643.007979
250303, 1, 20250107114644.007993
250363, 1, 20250107114645.008017
250423, 1, 20250107114646.008058
250483, 1, 20250107114647.008080
250543, 1, 20250107114648.008112
250603, 1, 20250107114649.008139
250663, 1, 20250107114650.008163
250723, 1, 20250107114651.008200
250783, 1, 20250107114652.008254
250843, 1, 20250107114653.008291
250903, 1, 20250107114654.008295
250963, 1, 20250107114655.008342
251023, 1, 20250107114656.008338
251083, 1, 20250107114657.008389
251143, 1, 20250107114658.008392
251203, 1, 20250107114659.008454
251263, 1, 20250107114700.008465
251323, 1, 20250107114701.008496
251383, 1, 20250107114702.008552
251443, 1, 20250107114703.008559
251503, 1, 20250107114704.008585
251563, 1, 20250107114705.008635
251623, 1, 20250107114706.008663
251683, 1, 20250107114707.008677
251743, 1, 20250107114708.008687
251803, 1, 20250107114709.008738
251863, 1, 20250107114710.008756
251923, 1, 20250107114711.008774
251983, 1, 20250107114712.008823
252043, 1, 20250107114713.008847
252103, 1, 20250107114714.008899
252163, 1, 20250107114715.008923
252223, 1, 20250107114716.008940
252283, 1, 20250107114717.008975
252343, 1, 20250107114718.009000
252403, 1, 20250107114719.009020
252463, 1, 20250107114720.009062
252523, 1, 20250107114721.009108
252583, 1, 20250107114722.009128
252643, 1, 20250107114723.009145
252703, 1, 20250107114724.009177
252763, 1, 20250107114725.009204
252823, 1, 20250107114726.009229
252883, 1, 20250107114727.009262
252943, 1, 20250107114728.009304
253003, 1, 20250107114729.009309
253063, 1, 20250107114730.009336
253123, 1, 20250107114731.009383
253183, 1, 20250107114732.009424
253243, 1, 20250107114733.009430
253303, 1, 20250107114734.009465
253363, 1, 20250107114735.009496
253423, 1, 20250107114736.009520
253483, 1, 20250107114737.009556
253543, 1, 20250107114738.009573
253603, 1, 20250107114739.009605
253663, 1, 20250107114740.009643
253723, 1, 20250107114741.009669
253783, 1, 20250107114742.009690
253843, 1, 20250107114743.009715
253903, 1, 20250107114744.009756
253963, 1, 20250107114745.009783
