173105, 1, 20241224104443.994016
173165, 1, 20241224104444.994061
173225, 1, 20241224104445.994113
173285, 1, 20241224104446.994117
173345, 1, 20241224104447.994158
173405, 1, 20241224104448.994189
173465, 1, 20241224104449.994206
173525, 1, 20241224104450.994245
173585, 1, 20241224104451.994272
173645, 1, 20241224104452.994304
173705, 1, 20241224104453.994317
173765, 1, 20241224104454.994356
173825, 1, 20241224104455.994388
173885, 1, 20241224104456.994409
173945, 1, 20241224104457.994436
174005, 1, 20241224104458.994477
174065, 1, 20241224104459.994523
174125, 1, 20241224104500.994544
174185, 1, 20241224104501.994550
174245, 1, 20241224104502.994592
174305, 1, 20241224104503.994617
