322283, 1, 20241223163550.122119
322343, 1, 20241223163551.122147
322403, 1, 20241223163552.122166
322463, 1, 20241223163553.122191
322523, 1, 20241223163554.122236
322583, 1, 20241223163555.122266
322643, 1, 20241223163556.122287
322703, 1, 20241223163557.122347
322763, 1, 20241223163558.122374
322823, 1, 20241223163559.122380
322883, 1, 20241223163600.122409
322943, 1, 20241223163601.122436
323003, 1, 20241223163602.122475
323063, 1, 20241223163603.122502
323123, 1, 20241223163604.122522
323183, 1, 20241223163605.122555
323243, 1, 20241223163606.122587
323303, 1, 20241223163607.122617
323363, 1, 20241223163608.122643
323423, 1, 20241223163609.122686
