161955, 1, 20250112080651.797393
162015, 1, 20250112080652.797422
162075, 1, 20250112080653.797447
162135, 1, 20250112080654.797477
162195, 1, 20250112080655.797518
162255, 1, 20250112080656.797527
162315, 1, 20250112080657.797563
162375, 1, 20250112080658.797600
162435, 1, 20250112080659.797637
162495, 1, 20250112080700.797678
162555, 1, 20250112080701.797689
162615, 1, 20250112080702.797715
162675, 1, 20250112080703.797740
162735, 1, 20250112080704.797777
162795, 1, 20250112080705.797800
162855, 1, 20250112080706.797831
162915, 1, 20250112080707.797859
162975, 1, 20250112080708.797878
163035, 1, 20250112080709.797935
163095, 1, 20250112080710.797952
163155, 1, 20250112080711.797957
163215, 1, 20250112080712.798004
163275, 1, 20250112080713.798033
163335, 1, 20250112080714.798060
163395, 1, 20250112080715.798094
163455, 1, 20250112080716.798129
163515, 1, 20250112080717.798158
163575, 1, 20250112080718.798182
163635, 1, 20250112080719.798212
163695, 1, 20250112080720.798234
163755, 1, 20250112080721.798254
163815, 1, 20250112080722.798307
163875, 1, 20250112080723.798321
163935, 1, 20250112080724.798351
163995, 1, 20250112080725.798377
164055, 1, 20250112080726.798417
164115, 1, 20250112080727.798448
164175, 1, 20250112080728.798494
164235, 1, 20250112080729.798521
164295, 1, 20250112080730.798531
164355, 1, 20250112080731.798553
164415, 1, 20250112080732.798577
164475, 1, 20250112080733.798598
164535, 1, 20250112080734.798644
164595, 1, 20250112080735.798646
164655, 1, 20250112080736.798688
164715, 1, 20250112080737.798727
164775, 1, 20250112080738.798774
164835, 1, 20250112080739.798789
