23371, 1, 20241226184547.613317
23431, 1, 20241226184548.613324
23491, 1, 20241226184549.613390
23551, 1, 20241226184550.613384
23611, 1, 20241226184551.613406
23671, 1, 20241226184552.613457
23731, 1, 20241226184553.613465
23791, 1, 20241226184554.613508
23851, 1, 20241226184555.613556
23911, 1, 20241226184556.613605
23971, 1, 20241226184557.613605
24031, 1, 20241226184558.613611
24091, 1, 20241226184559.613647
24151, 1, 20241226184600.613671
24211, 1, 20241226184601.613775
24271, 1, 20241226184602.613750
24331, 1, 20241226184603.613740
24391, 1, 20241226184604.613825
24451, 1, 20241226184605.613817
24511, 1, 20241226184606.613837
24571, 1, 20241226184607.613872
24631, 1, 20241226184608.613902
24691, 1, 20241226184609.613940
24751, 1, 20241226184610.613972
24811, 1, 20241226184611.614013
24871, 1, 20241226184612.614062
24931, 1, 20241226184613.614075
24991, 1, 20241226184614.614092
25051, 1, 20241226184615.614123
25111, 1, 20241226184616.614176
25171, 1, 20241226184617.614167
25231, 1, 20241226184618.614219
25291, 1, 20241226184619.614365
25351, 1, 20241226184620.614276
25411, 1, 20241226184621.614299
25471, 1, 20241226184622.614290
25531, 1, 20241226184623.614347
25591, 1, 20241226184624.614387
25651, 1, 20241226184625.614441
25711, 1, 20241226184626.614455
