530125, 1, 20250121154600.220043
530185, 1, 20250121154601.220101
530245, 1, 20250121154602.220135
530305, 1, 20250121154603.220124
530365, 1, 20250121154604.220165
530425, 1, 20250121154605.220205
530485, 1, 20250121154606.220227
530545, 1, 20250121154607.220263
530605, 1, 20250121154608.220286
530665, 1, 20250121154609.220314
530725, 1, 20250121154610.220357
530785, 1, 20250121154611.220401
530845, 1, 20250121154612.220424
530905, 1, 20250121154613.220422
530965, 1, 20250121154614.220470
531025, 1, 20250121154615.220496
531085, 1, 20250121154616.220526
531145, 1, 20250121154617.220556
531205, 1, 20250121154618.220594
531265, 1, 20250121154619.220622
531325, 1, 20250121154620.220675
531385, 1, 20250121154621.220706
531445, 1, 20250121154622.220713
531505, 1, 20250121154623.220727
531565, 1, 20250121154624.220766
531625, 1, 20250121154625.220784
531685, 1, 20250121154626.220824
531745, 1, 20250121154627.220849
531805, 1, 20250121154628.220873
531865, 1, 20250121154629.220918
531925, 1, 20250121154630.220942
531985, 1, 20250121154631.220988
532045, 1, 20250121154632.221003
532105, 1, 20250121154633.221038
532165, 1, 20250121154634.221074
532225, 1, 20250121154635.221086
532285, 1, 20250121154636.221122
532345, 1, 20250121154637.221158
532405, 1, 20250121154638.221185
532465, 1, 20250121154639.221206
532525, 1, 20250121154640.221265
532585, 1, 20250121154641.221292
532645, 1, 20250121154642.221304
532705, 1, 20250121154643.221316
532765, 1, 20250121154644.221362
532825, 1, 20250121154645.221385
532885, 1, 20250121154646.221422
532945, 1, 20250121154647.221442
533005, 1, 20250121154648.221474
533065, 1, 20250121154649.221501
533125, 1, 20250121154650.221547
533185, 1, 20250121154651.221590
533245, 1, 20250121154652.221595
533305, 1, 20250121154653.221625
533365, 1, 20250121154654.221666
533425, 1, 20250121154655.221671
533485, 1, 20250121154656.221710
533545, 1, 20250121154657.221733
533605, 1, 20250121154658.221772
533665, 1, 20250121154659.221801
533725, 1, 20250121154700.221835
533785, 1, 20250121154701.221859
533845, 1, 20250121154702.221890
533905, 1, 20250121154703.221904
533965, 1, 20250121154704.221939
534025, 1, 20250121154705.221967
534085, 1, 20250121154706.222012
534145, 1, 20250121154707.222032
534205, 1, 20250121154708.222067
534265, 1, 20250121154709.222088
534325, 1, 20250121154710.222147
534385, 1, 20250121154711.222144
534445, 1, 20250121154712.222182
534505, 1, 20250121154713.222209
534565, 1, 20250121154714.222230
534625, 1, 20250121154715.222265
534685, 1, 20250121154716.222290
534745, 1, 20250121154717.222317
534805, 1, 20250121154718.222348
534865, 1, 20250121154719.222397
534925, 1, 20250121154720.222429
534985, 1, 20250121154721.222449
535045, 1, 20250121154722.222475
535105, 1, 20250121154723.222519
535165, 1, 20250121154724.222537
535225, 1, 20250121154725.222550
535285, 1, 20250121154726.222595
535345, 1, 20250121154727.222618
535405, 1, 20250121154728.222654
535465, 1, 20250121154729.222702
535525, 1, 20250121154730.222729
535585, 1, 20250121154731.222739
535645, 1, 20250121154732.222779
535705, 1, 20250121154733.222806
535765, 1, 20250121154734.222820
535825, 1, 20250121154735.222845
535885, 1, 20250121154736.222882
535945, 1, 20250121154737.222907
536005, 1, 20250121154738.222946
536065, 1, 20250121154739.222978
536125, 1, 20250121154740.223005
536185, 1, 20250121154741.223028
536245, 1, 20250121154742.223067
536305, 1, 20250121154743.223102
536365, 1, 20250121154744.223124
536425, 1, 20250121154745.223154
536485, 1, 20250121154746.223175
536545, 1, 20250121154747.223202
536605, 1, 20250121154748.223262
536665, 1, 20250121154749.223290
536725, 1, 20250121154750.223299
536785, 1, 20250121154751.223316
536845, 1, 20250121154752.223346
536905, 1, 20250121154753.223390
536965, 1, 20250121154754.223407
537025, 1, 20250121154755.223449
537085, 1, 20250121154756.223473
537145, 1, 20250121154757.223486
537205, 1, 20250121154758.223557
537265, 1, 20250121154759.223575
537325, 1, 20250121154800.223595
537385, 1, 20250121154801.223620
537445, 1, 20250121154802.223644
537505, 1, 20250121154803.223681
537565, 1, 20250121154804.223709
537625, 1, 20250121154805.223740
537685, 1, 20250121154806.223773
537745, 1, 20250121154807.223784
537805, 1, 20250121154808.223851
537865, 1, 20250121154809.223841
537925, 1, 20250121154810.223889
537985, 1, 20250121154811.223917
538045, 1, 20250121154812.223941
538105, 1, 20250121154813.223959
538165, 1, 20250121154814.224008
538225, 1, 20250121154815.224025
538285, 1, 20250121154816.224061
538345, 1, 20250121154817.224084
538405, 1, 20250121154818.224129
538465, 1, 20250121154819.224160
538525, 1, 20250121154820.224179
538585, 1, 20250121154821.224206
538645, 1, 20250121154822.224244
538705, 1, 20250121154823.224271
538765, 1, 20250121154824.224293
538825, 1, 20250121154825.224317
