1036725, 1, 20241227174347.835008
1036785, 1, 20241227174348.835052
1036845, 1, 20241227174349.835078
1036905, 1, 20241227174350.835095
1036965, 1, 20241227174351.835133
1037025, 1, 20241227174352.835150
1037085, 1, 20241227174353.835192
1037145, 1, 20241227174354.835223
1037205, 1, 20241227174355.835247
1037265, 1, 20241227174356.835268
1037325, 1, 20241227174357.835305
1037385, 1, 20241227174358.835346
1037445, 1, 20241227174359.835383
1037505, 1, 20241227174400.835390
1037565, 1, 20241227174401.835419
1037625, 1, 20241227174402.835449
1037685, 1, 20241227174403.835490
1037745, 1, 20241227174404.835516
1037805, 1, 20241227174405.835534
1037865, 1, 20241227174406.835563
1037925, 1, 20241227174407.835606
1037985, 1, 20241227174408.835628
1038045, 1, 20241227174409.835659
1038105, 1, 20241227174410.835685
1038165, 1, 20241227174411.835719
1038225, 1, 20241227174412.835750
1038285, 1, 20241227174413.835776
1038345, 1, 20241227174414.835813
1038405, 1, 20241227174415.835843
1038465, 1, 20241227174416.835869
1038525, 1, 20241227174417.835921
1038585, 1, 20241227174418.835949
1038645, 1, 20241227174419.835968
1038705, 1, 20241227174420.835992
1038765, 1, 20241227174421.836024
1038825, 1, 20241227174422.836060
1038885, 1, 20241227174423.836081
1038945, 1, 20241227174424.836103
1039005, 1, 20241227174425.836141
1039065, 1, 20241227174426.836162
1039125, 1, 20241227174427.836212
1039185, 1, 20241227174428.836236
1039245, 1, 20241227174429.836257
1039305, 1, 20241227174430.836275
1039365, 1, 20241227174431.836313
1039425, 1, 20241227174432.836340
1039485, 1, 20241227174433.836378
1039545, 1, 20241227174434.836395
1039605, 1, 20241227174435.836429
1039665, 1, 20241227174436.836462
1039725, 1, 20241227174437.836500
1039785, 1, 20241227174438.836524
1039845, 1, 20241227174439.836546
1039905, 1, 20241227174440.836582
1039965, 1, 20241227174441.836612
1040025, 1, 20241227174442.836640
1040085, 1, 20241227174443.836649
1040145, 1, 20241227174444.836687
1040205, 1, 20241227174445.836718
1040265, 1, 20241227174446.836759
1040325, 1, 20241227174447.836782
1040385, 1, 20241227174448.836805
1040445, 1, 20241227174449.836838
1040505, 1, 20241227174450.836855
1040565, 1, 20241227174451.836899
1040625, 1, 20241227174452.836928
1040685, 1, 20241227174453.836962
1040745, 1, 20241227174454.836986
1040805, 1, 20241227174455.837016
1040865, 1, 20241227174456.837046
1040925, 1, 20241227174457.837084
1040985, 1, 20241227174458.837101
1041045, 1, 20241227174459.837131
1041105, 1, 20241227174500.837155
1041165, 1, 20241227174501.837181
1041225, 1, 20241227174502.837230
1041285, 1, 20241227174503.837249
1041345, 1, 20241227174504.837271
1041405, 1, 20241227174505.837308
1041465, 1, 20241227174506.837352
1041525, 1, 20241227174507.837388
1041585, 1, 20241227174508.837385
1041645, 1, 20241227174509.837428
1041705, 1, 20241227174510.837466
1041765, 1, 20241227174511.837487
1041825, 1, 20241227174512.837505
1041885, 1, 20241227174513.837539
1041945, 1, 20241227174514.837568
1042005, 1, 20241227174515.837596
1042065, 1, 20241227174516.837646
1042125, 1, 20241227174517.837651
1042185, 1, 20241227174518.837675
1042245, 1, 20241227174519.837723
1042305, 1, 20241227174520.837754
1042365, 1, 20241227174521.837779
1042425, 1, 20241227174522.837804
1042485, 1, 20241227174523.837837
1042545, 1, 20241227174524.837865
1042605, 1, 20241227174525.837902
1042665, 1, 20241227174526.837917
1042725, 1, 20241227174527.837955
1042785, 1, 20241227174528.837979
1042845, 1, 20241227174529.838007
1042905, 1, 20241227174530.838040
1042965, 1, 20241227174531.838056
1043025, 1, 20241227174532.838097
1043085, 1, 20241227174533.838129
1043145, 1, 20241227174534.838155
1043205, 1, 20241227174535.838193
1043265, 1, 20241227174536.838230
1043325, 1, 20241227174537.838246
1043385, 1, 20241227174538.838278
1043445, 1, 20241227174539.838300
1043505, 1, 20241227174540.838331
1043565, 1, 20241227174541.838361
1043625, 1, 20241227174542.838391
1043685, 1, 20241227174543.838412
1043745, 1, 20241227174544.838443
1043805, 1, 20241227174545.838497
1043865, 1, 20241227174546.838531
1043925, 1, 20241227174547.838532
1043985, 1, 20241227174548.838556
1044045, 1, 20241227174549.838592
1044105, 1, 20241227174550.838630
1044165, 1, 20241227174551.838525
1044225, 1, 20241227174552.838555
1044285, 1, 20241227174553.838584
1044345, 1, 20241227174554.838601
1044405, 1, 20241227174555.838656
1044465, 1, 20241227174556.838667
1044525, 1, 20241227174557.838706
1044585, 1, 20241227174558.838729
1044645, 1, 20241227174559.838758
1044705, 1, 20241227174600.838778
1044765, 1, 20241227174601.838820
1044825, 1, 20241227174602.838839
1044885, 1, 20241227174603.839000
1044945, 1, 20241227174604.839031
1045005, 1, 20241227174605.839062
1045065, 1, 20241227174606.839080
1045125, 1, 20241227174607.839117
1045185, 1, 20241227174608.839139
1045245, 1, 20241227174609.839052
1045305, 1, 20241227174610.839073
1045365, 1, 20241227174611.839109
1045425, 1, 20241227174612.839262
1045485, 1, 20241227174613.839288
1045545, 1, 20241227174614.839350
1045605, 1, 20241227174615.839368
1045665, 1, 20241227174616.839382
1045725, 1, 20241227174617.839417
