16825, 1, 20250121084836.734987
16885, 1, 20250121084837.735035
16945, 1, 20250121084838.735044
17005, 1, 20250121084839.735079
17065, 1, 20250121084840.735126
17125, 1, 20250121084841.735156
17185, 1, 20250121084842.735171
17245, 1, 20250121084843.735191
17305, 1, 20250121084844.735217
17365, 1, 20250121084845.735249
17425, 1, 20250121084846.735287
17485, 1, 20250121084847.735384
17545, 1, 20250121084848.735342
17605, 1, 20250121084849.735374
17665, 1, 20250121084850.735410
17725, 1, 20250121084851.735449
17785, 1, 20250121084852.735462
17845, 1, 20250121084853.735492
17905, 1, 20250121084854.735508
17965, 1, 20250121084855.735558
18025, 1, 20250121084856.735572
18085, 1, 20250121084857.735610
18145, 1, 20250121084858.735635
18205, 1, 20250121084859.735683
18265, 1, 20250121084900.735716
18325, 1, 20250121084901.735731
18385, 1, 20250121084902.735744
18445, 1, 20250121084903.735794
18505, 1, 20250121084904.735811
18565, 1, 20250121084905.735846
18625, 1, 20250121084906.735878
18685, 1, 20250121084907.735905
18745, 1, 20250121084908.735929
18805, 1, 20250121084909.735961
18865, 1, 20250121084910.735987
18925, 1, 20250121084911.736023
18985, 1, 20250121084912.736047
19045, 1, 20250121084913.736076
19105, 1, 20250121084914.736103
19165, 1, 20250121084915.736137
19225, 1, 20250121084916.736155
19285, 1, 20250121084917.736192
19345, 1, 20250121084918.736215
19405, 1, 20250121084919.736264
19465, 1, 20250121084920.736304
19525, 1, 20250121084921.736315
19585, 1, 20250121084922.736339
19645, 1, 20250121084923.736380
19705, 1, 20250121084924.736393
19765, 1, 20250121084925.736432
19825, 1, 20250121084926.736454
19885, 1, 20250121084927.736485
19945, 1, 20250121084928.736506
20005, 1, 20250121084929.736562
20065, 1, 20250121084930.736596
20125, 1, 20250121084931.736610
20185, 1, 20250121084932.736633
20245, 1, 20250121084933.736673
20305, 1, 20250121084934.736702
20365, 1, 20250121084935.736730
20425, 1, 20250121084936.736752
20485, 1, 20250121084937.736787
20545, 1, 20250121084938.736820
20605, 1, 20250121084939.736846
20665, 1, 20250121084940.736861
20725, 1, 20250121084941.736912
20785, 1, 20250121084942.736916
20845, 1, 20250121084943.736967
20905, 1, 20250121084944.736994
20965, 1, 20250121084945.737021
21025, 1, 20250121084946.737059
21085, 1, 20250121084947.737072
21145, 1, 20250121084948.737126
21205, 1, 20250121084949.737154
21265, 1, 20250121084950.737164
21325, 1, 20250121084951.737196
21385, 1, 20250121084952.737224
21445, 1, 20250121084953.737255
21505, 1, 20250121084954.737272
21565, 1, 20250121084955.737314
21625, 1, 20250121084956.737330
21685, 1, 20250121084957.737373
21745, 1, 20250121084958.737425
21805, 1, 20250121084959.737451
21865, 1, 20250121085000.737452
21925, 1, 20250121085001.737497
21985, 1, 20250121085002.737515
22045, 1, 20250121085003.737548
22105, 1, 20250121085004.737579
22165, 1, 20250121085005.737626
22225, 1, 20250121085006.737644
22285, 1, 20250121085007.737668
22345, 1, 20250121085008.737726
22405, 1, 20250121085009.737737
22465, 1, 20250121085010.737760
22525, 1, 20250121085011.737786
22585, 1, 20250121085012.737812
22645, 1, 20250121085013.737853
22705, 1, 20250121085014.737868
22765, 1, 20250121085015.737917
22825, 1, 20250121085016.737938
22885, 1, 20250121085017.737966
22945, 1, 20250121085018.738001
23005, 1, 20250121085019.738030
23065, 1, 20250121085020.738053
23125, 1, 20250121085021.738092
23185, 1, 20250121085022.738128
23245, 1, 20250121085023.738141
23305, 1, 20250121085024.738166
23365, 1, 20250121085025.738200
23425, 1, 20250121085026.738233
23485, 1, 20250121085027.738298
23545, 1, 20250121085028.738302
23605, 1, 20250121085029.738328
23665, 1, 20250121085030.738349
23725, 1, 20250121085031.738394
23785, 1, 20250121085032.738396
23845, 1, 20250121085033.738436
23905, 1, 20250121085034.738468
23965, 1, 20250121085035.738496
24025, 1, 20250121085036.738515
24085, 1, 20250121085037.738567
24145, 1, 20250121085038.738606
24205, 1, 20250121085039.738609
24265, 1, 20250121085040.738635
24325, 1, 20250121085041.738682
24385, 1, 20250121085042.738710
24445, 1, 20250121085043.738745
24505, 1, 20250121085044.738766
24565, 1, 20250121085045.738795
24625, 1, 20250121085046.738812
24685, 1, 20250121085047.738856
24745, 1, 20250121085048.738884
24805, 1, 20250121085049.738914
24865, 1, 20250121085050.738940
24925, 1, 20250121085051.738967
24985, 1, 20250121085052.738991
25045, 1, 20250121085053.739040
25105, 1, 20250121085054.739059
25165, 1, 20250121085055.739081
25225, 1, 20250121085056.739129
25285, 1, 20250121085057.739164
25345, 1, 20250121085058.739187
25405, 1, 20250121085059.739202
25465, 1, 20250121085100.739231
25525, 1, 20250121085101.739264
25585, 1, 20250121085102.739293
25645, 1, 20250121085103.739367
25705, 1, 20250121085104.739332
25765, 1, 20250121085105.739380
25825, 1, 20250121085106.739432
25885, 1, 20250121085107.739438
25945, 1, 20250121085108.739474
26005, 1, 20250121085109.739502
26065, 1, 20250121085110.739511
26125, 1, 20250121085111.739543
26185, 1, 20250121085112.739586
26245, 1, 20250121085113.739609
26305, 1, 20250121085114.739643
26365, 1, 20250121085115.739703
26425, 1, 20250121085116.739721
26485, 1, 20250121085117.739716
26545, 1, 20250121085118.739727
26605, 1, 20250121085119.739787
26665, 1, 20250121085120.739801
26725, 1, 20250121085121.739837
26785, 1, 20250121085122.739870
26845, 1, 20250121085123.739894
26905, 1, 20250121085124.739907
26965, 1, 20250121085125.739959
27025, 1, 20250121085126.739981
27085, 1, 20250121085127.740008
27145, 1, 20250121085128.739986
27205, 1, 20250121085129.740035
27265, 1, 20250121085130.740026
27325, 1, 20250121085131.740033
27385, 1, 20250121085132.740130
27445, 1, 20250121085133.740092
27505, 1, 20250121085134.740130
27565, 1, 20250121085135.740215
