230039, 1, 20241221120222.230309
230099, 1, 20241221120223.230336
230159, 1, 20241221120224.230371
230219, 1, 20241221120225.230395
230279, 1, 20241221120226.230423
230339, 1, 20241221120227.230451
230399, 1, 20241221120228.230486
230459, 1, 20241221120229.230521
230519, 1, 20241221120230.230536
230579, 1, 20241221120231.230588
230639, 1, 20241221120232.230618
230699, 1, 20241221120233.230632
230759, 1, 20241221120234.230656
230819, 1, 20241221120235.230690
230879, 1, 20241221120236.230739
230939, 1, 20241221120237.230758
230999, 1, 20241221120238.230782
231059, 1, 20241221120239.230801
231119, 1, 20241221120240.230851
231179, 1, 20241221120241.230895
231239, 1, 20241221120242.230900
231299, 1, 20241221120243.230921
231359, 1, 20241221120244.230957
231419, 1, 20241221120245.230992
231479, 1, 20241221120246.231012
231539, 1, 20241221120247.231044
231599, 1, 20241221120248.231079
231659, 1, 20241221120249.231102
231719, 1, 20241221120250.231131
231779, 1, 20241221120251.231163
231839, 1, 20241221120252.231200
231899, 1, 20241221120253.231223
231959, 1, 20241221120254.231262
232019, 1, 20241221120255.231273
232079, 1, 20241221120256.231303
232139, 1, 20241221120257.231337
232199, 1, 20241221120258.231369
232259, 1, 20241221120259.231385
232319, 1, 20241221120300.231443
232379, 1, 20241221120301.231472
232439, 1, 20241221120302.231479
232499, 1, 20241221120303.231513
232559, 1, 20241221120304.231548
232619, 1, 20241221120305.231566
232679, 1, 20241221120306.231589
232739, 1, 20241221120307.231631
232799, 1, 20241221120308.231662
232859, 1, 20241221120309.231692
232919, 1, 20241221120310.231745
232979, 1, 20241221120311.231764
233039, 1, 20241221120312.231770
233099, 1, 20241221120313.231806
233159, 1, 20241221120314.231840
233219, 1, 20241221120315.231860
233279, 1, 20241221120316.231895
233339, 1, 20241221120317.231919
233399, 1, 20241221120318.231951
233459, 1, 20241221120319.231993
233519, 1, 20241221120320.232006
233579, 1, 20241221120321.232049
233639, 1, 20241221120322.232072
233699, 1, 20241221120323.232084
233759, 1, 20241221120324.232130
233819, 1, 20241221120325.232152
233879, 1, 20241221120326.232183
233939, 1, 20241221120327.232222
233999, 1, 20241221120328.232239
234059, 1, 20241221120329.232271
234119, 1, 20241221120330.232301
234179, 1, 20241221120331.232327
234239, 1, 20241221120332.232355
234299, 1, 20241221120333.232389
234359, 1, 20241221120334.232423
234419, 1, 20241221120335.232443
234479, 1, 20241221120336.232474
234539, 1, 20241221120337.232513
234599, 1, 20241221120338.232530
234659, 1, 20241221120339.232590
234719, 1, 20241221120340.232609
234779, 1, 20241221120341.232630
234839, 1, 20241221120342.232665
234899, 1, 20241221120343.232683
234959, 1, 20241221120344.232721
235019, 1, 20241221120345.232732
235079, 1, 20241221120346.232770
235139, 1, 20241221120347.232801
235199, 1, 20241221120348.232827
235259, 1, 20241221120349.232881
235319, 1, 20241221120350.232909
235379, 1, 20241221120351.232916
235439, 1, 20241221120352.232933
235499, 1, 20241221120353.232969
235559, 1, 20241221120354.232996
235619, 1, 20241221120355.233042
235679, 1, 20241221120356.233056
235739, 1, 20241221120357.233084
235799, 1, 20241221120358.233117
235859, 1, 20241221120359.233144
235919, 1, 20241221120400.233185
235979, 1, 20241221120401.233197
236039, 1, 20241221120402.233230
236099, 1, 20241221120403.233273
236159, 1, 20241221120404.233294
236219, 1, 20241221120405.233319
236279, 1, 20241221120406.233360
236339, 1, 20241221120407.233383
236399, 1, 20241221120408.233432
236459, 1, 20241221120409.233469
236519, 1, 20241221120410.233473
236579, 1, 20241221120411.233491
236639, 1, 20241221120412.233531
236699, 1, 20241221120413.233541
236759, 1, 20241221120414.233577
236819, 1, 20241221120415.233608
236879, 1, 20241221120416.233630
236939, 1, 20241221120417.233664
236999, 1, 20241221120418.233714
237059, 1, 20241221120419.233755
237119, 1, 20241221120420.233750
237179, 1, 20241221120421.233794
237239, 1, 20241221120422.233822
237299, 1, 20241221120423.233839
237359, 1, 20241221120424.233867
237419, 1, 20241221120425.233907
237479, 1, 20241221120426.233936
237539, 1, 20241221120427.233963
237599, 1, 20241221120428.234020
237659, 1, 20241221120429.234021
237719, 1, 20241221120430.234042
237779, 1, 20241221120431.234070
237839, 1, 20241221120432.234110
237899, 1, 20241221120433.234134
237959, 1, 20241221120434.234177
238019, 1, 20241221120435.234200
238079, 1, 20241221120436.234225
238139, 1, 20241221120437.234251
238199, 1, 20241221120438.234280
238259, 1, 20241221120439.234302
238319, 1, 20241221120440.234332
238379, 1, 20241221120441.234366
238439, 1, 20241221120442.234404
238499, 1, 20241221120443.234441
238559, 1, 20241221120444.234457
238619, 1, 20241221120445.234484
238679, 1, 20241221120446.234523
238739, 1, 20241221120447.234565
238799, 1, 20241221120448.234597
238859, 1, 20241221120449.234603
238919, 1, 20241221120450.234621
238979, 1, 20241221120451.234662
239039, 1, 20241221120452.234704
239099, 1, 20241221120453.234721
239159, 1, 20241221120454.234754
239219, 1, 20241221120455.234787
239279, 1, 20241221120456.234813
239339, 1, 20241221120457.234860
239399, 1, 20241221120458.234891
239459, 1, 20241221120459.234904
239519, 1, 20241221120500.234934
239579, 1, 20241221120501.234957
239639, 1, 20241221120502.234988
239699, 1, 20241221120503.235021
239759, 1, 20241221120504.235042
239819, 1, 20241221120505.235075
239879, 1, 20241221120506.235127
239939, 1, 20241221120507.235153
239999, 1, 20241221120508.235169
240059, 1, 20241221120509.235190
240119, 1, 20241221120510.235224
240179, 1, 20241221120511.235256
240239, 1, 20241221120512.235282
240299, 1, 20241221120513.235316
240359, 1, 20241221120514.235351
240419, 1, 20241221120515.235366
240479, 1, 20241221120516.235415
240539, 1, 20241221120517.235429
240599, 1, 20241221120518.235460
240659, 1, 20241221120519.235488
240719, 1, 20241221120520.235517
