729183, 1, 20250112104425.942918
729243, 1, 20250112104426.942967
729303, 1, 20250112104427.942984
729363, 1, 20250112104428.943008
729423, 1, 20250112104429.943067
729483, 1, 20250112104430.943087
729543, 1, 20250112104431.943087
729603, 1, 20250112104432.943131
729663, 1, 20250112104433.943162
729723, 1, 20250112104434.943181
729783, 1, 20250112104435.943216
729843, 1, 20250112104436.943228
729903, 1, 20250112104437.943276
729963, 1, 20250112104438.943299
730023, 1, 20250112104439.943335
730083, 1, 20250112104440.943355
730143, 1, 20250112104441.943394
730203, 1, 20250112104442.943416
730263, 1, 20250112104443.943448
730323, 1, 20250112104444.943481
730383, 1, 20250112104445.943497
730443, 1, 20250112104446.943514
730503, 1, 20250112104447.943559
730563, 1, 20250112104448.943612
730623, 1, 20250112104449.943638
730683, 1, 20250112104450.943623
730743, 1, 20250112104451.943678
730803, 1, 20250112104452.943710
730863, 1, 20250112104453.943742
730923, 1, 20250112104454.943769
730983, 1, 20250112104455.943802
731043, 1, 20250112104456.943808
731103, 1, 20250112104457.943845
731163, 1, 20250112104458.943875
731223, 1, 20250112104459.943911
731283, 1, 20250112104500.943917
731343, 1, 20250112104501.943945
731403, 1, 20250112104502.943981
731463, 1, 20250112104503.944019
731523, 1, 20250112104504.944037
731583, 1, 20250112104505.944066
731643, 1, 20250112104506.944078
731703, 1, 20250112104507.944118
731763, 1, 20250112104508.944145
731823, 1, 20250112104509.944172
731883, 1, 20250112104510.944192
731943, 1, 20250112104511.944203
732003, 1, 20250112104512.944247
732063, 1, 20250112104513.944281
732123, 1, 20250112104514.944359
732183, 1, 20250112104515.944369
732243, 1, 20250112104516.944418
732303, 1, 20250112104517.944462
732363, 1, 20250112104518.944492
732423, 1, 20250112104519.944495
732483, 1, 20250112104520.944529
732543, 1, 20250112104521.944552
732603, 1, 20250112104522.944640
732663, 1, 20250112104523.944644
732723, 1, 20250112104524.944753
732783, 1, 20250112104525.944717
732843, 1, 20250112104526.944685
732903, 1, 20250112104527.944689
732963, 1, 20250112104528.944706
733023, 1, 20250112104529.944745
