909965, 1, 20250112113439.085204
910025, 1, 20250112113440.085266
910085, 1, 20250112113441.085277
910145, 1, 20250112113442.085345
910205, 1, 20250112113443.085353
910265, 1, 20250112113444.085376
910325, 1, 20250112113445.085437
910385, 1, 20250112113446.085459
910445, 1, 20250112113447.085491
910505, 1, 20250112113448.085509
910565, 1, 20250112113449.085552
910625, 1, 20250112113450.085573
910685, 1, 20250112113451.085593
910745, 1, 20250112113452.085641
910805, 1, 20250112113453.085676
910865, 1, 20250112113454.085696
910925, 1, 20250112113455.085714
910985, 1, 20250112113456.085753
911045, 1, 20250112113457.085777
911105, 1, 20250112113458.085792
911165, 1, 20250112113459.085846
911225, 1, 20250112113500.085863
911285, 1, 20250112113501.085892
911345, 1, 20250112113502.085948
911405, 1, 20250112113503.085957
911465, 1, 20250112113504.085975
911525, 1, 20250112113505.086002
911585, 1, 20250112113506.086023
911645, 1, 20250112113507.086062
911705, 1, 20250112113508.086092
911765, 1, 20250112113509.086119
911825, 1, 20250112113510.086138
911885, 1, 20250112113511.086184
911945, 1, 20250112113512.086209
912005, 1, 20250112113513.086238
912065, 1, 20250112113514.086256
912125, 1, 20250112113515.086288
912185, 1, 20250112113516.086315
912245, 1, 20250112113517.086343
912305, 1, 20250112113518.086370
912365, 1, 20250112113519.086395
912425, 1, 20250112113520.086426
912485, 1, 20250112113521.086471
912545, 1, 20250112113522.086510
912605, 1, 20250112113523.086515
912665, 1, 20250112113524.086547
912725, 1, 20250112113525.086582
912785, 1, 20250112113526.086589
912845, 1, 20250112113527.086627
912905, 1, 20250112113528.086642
912965, 1, 20250112113529.086685
913025, 1, 20250112113530.086718
913085, 1, 20250112113531.086749
913145, 1, 20250112113532.086786
913205, 1, 20250112113533.086797
913265, 1, 20250112113534.086822
913325, 1, 20250112113535.086852
913385, 1, 20250112113536.086873
913445, 1, 20250112113537.086902
913505, 1, 20250112113538.086935
913565, 1, 20250112113539.086964
913625, 1, 20250112113540.086994
913685, 1, 20250112113541.087028
913745, 1, 20250112113542.087060
913805, 1, 20250112113543.087075
913865, 1, 20250112113544.087106
