169275, 1, 20241223155319.894066
169335, 1, 20241223155320.894118
169395, 1, 20241223155321.894138
169455, 1, 20241223155322.894150
169515, 1, 20241223155323.894210
169575, 1, 20241223155324.894232
169635, 1, 20241223155325.894258
169695, 1, 20241223155326.894263
169755, 1, 20241223155327.894320
169815, 1, 20241223155328.894360
169875, 1, 20241223155329.894395
169935, 1, 20241223155330.894402
169995, 1, 20241223155331.894427
170055, 1, 20241223155332.894438
170115, 1, 20241223155333.894491
170175, 1, 20241223155334.894516
170235, 1, 20241223155335.894539
170295, 1, 20241223155336.894572
170355, 1, 20241223155337.894598
170415, 1, 20241223155338.894639
170475, 1, 20241223155339.894678
170535, 1, 20241223155340.894692
170595, 1, 20241223155341.894727
170655, 1, 20241223155342.894738
170715, 1, 20241223155343.894733
170775, 1, 20241223155344.894795
170835, 1, 20241223155345.894829
170895, 1, 20241223155346.894857
170955, 1, 20241223155347.894893
171015, 1, 20241223155348.894921
171075, 1, 20241223155349.894941
171135, 1, 20241223155350.894985
171195, 1, 20241223155351.895008
171255, 1, 20241223155352.895041
171315, 1, 20241223155353.895072
171375, 1, 20241223155354.895108
171435, 1, 20241223155355.895122
171495, 1, 20241223155356.895145
171555, 1, 20241223155357.895208
171615, 1, 20241223155358.895232
171675, 1, 20241223155359.895234
171735, 1, 20241223155400.895267
171795, 1, 20241223155401.895282
171855, 1, 20241223155402.895326
171915, 1, 20241223155403.895350
171975, 1, 20241223155404.895389
172035, 1, 20241223155405.895404
172095, 1, 20241223155406.895422
172155, 1, 20241223155407.895481
172215, 1, 20241223155408.895508
172275, 1, 20241223155409.895520
172335, 1, 20241223155410.895549
172395, 1, 20241223155411.895580
172455, 1, 20241223155412.895612
172515, 1, 20241223155413.895649
172575, 1, 20241223155414.895667
172635, 1, 20241223155415.895694
172695, 1, 20241223155416.895736
172755, 1, 20241223155417.895761
172815, 1, 20241223155418.895770
172875, 1, 20241223155419.895827
172935, 1, 20241223155420.895845
172995, 1, 20241223155421.895867
173055, 1, 20241223155422.895886
173115, 1, 20241223155423.895920
173175, 1, 20241223155424.895956
173235, 1, 20241223155425.895991
173295, 1, 20241223155426.895992
173355, 1, 20241223155427.896044
173415, 1, 20241223155428.896076
173475, 1, 20241223155429.896101
173535, 1, 20241223155430.896121
173595, 1, 20241223155431.896166
173655, 1, 20241223155432.896187
173715, 1, 20241223155433.896212
173775, 1, 20241223155434.896254
173835, 1, 20241223155435.896128
173895, 1, 20241223155436.896166
173955, 1, 20241223155437.896208
174015, 1, 20241223155438.896222
174075, 1, 20241223155439.896243
174135, 1, 20241223155440.896270
174195, 1, 20241223155441.896295
174255, 1, 20241223155442.896297
174315, 1, 20241223155443.896368
174375, 1, 20241223155444.896384
174435, 1, 20241223155445.896417
174495, 1, 20241223155446.896462
174555, 1, 20241223155447.896492
174615, 1, 20241223155448.896491
174675, 1, 20241223155449.896531
174735, 1, 20241223155450.896562
174795, 1, 20241223155451.896539
174855, 1, 20241223155452.896615
174915, 1, 20241223155453.896652
174975, 1, 20241223155454.896676
175035, 1, 20241223155455.896697
175095, 1, 20241223155456.896737
175155, 1, 20241223155457.896768
175215, 1, 20241223155458.896783
175275, 1, 20241223155459.896826
175335, 1, 20241223155500.896843
175395, 1, 20241223155501.896883
175455, 1, 20241223155502.896910
175515, 1, 20241223155503.896958
175575, 1, 20241223155504.896961
175635, 1, 20241223155505.897003
175695, 1, 20241223155506.897032
175755, 1, 20241223155507.897049
175815, 1, 20241223155508.897075
175875, 1, 20241223155509.897115
175935, 1, 20241223155510.897128
175995, 1, 20241223155511.897153
176055, 1, 20241223155512.897193
176115, 1, 20241223155513.897223
176175, 1, 20241223155514.897252
176235, 1, 20241223155515.897302
176295, 1, 20241223155516.897319
176355, 1, 20241223155517.897336
176415, 1, 20241223155518.897357
176475, 1, 20241223155519.897393
176535, 1, 20241223155520.897417
176595, 1, 20241223155521.897404
176655, 1, 20241223155522.897472
176715, 1, 20241223155523.897504
176775, 1, 20241223155524.897533
176835, 1, 20241223155525.897581
176895, 1, 20241223155526.897583
176955, 1, 20241223155527.897622
177015, 1, 20241223155528.897641
177075, 1, 20241223155529.897671
177135, 1, 20241223155530.897703
177195, 1, 20241223155531.897747
177255, 1, 20241223155532.897766
177315, 1, 20241223155533.897802
177375, 1, 20241223155534.897829
177435, 1, 20241223155535.897859
177495, 1, 20241223155536.897882
177555, 1, 20241223155537.897906
177615, 1, 20241223155538.897934
177675, 1, 20241223155539.897959
177735, 1, 20241223155540.897996
177795, 1, 20241223155541.898021
177855, 1, 20241223155542.898046
177915, 1, 20241223155543.898078
177975, 1, 20241223155544.898114
178035, 1, 20241223155545.898155
178095, 1, 20241223155546.898169
178155, 1, 20241223155547.898196
178215, 1, 20241223155548.898211
178275, 1, 20241223155549.898249
178335, 1, 20241223155550.898246
178395, 1, 20241223155551.898297
178455, 1, 20241223155552.898343
178515, 1, 20241223155553.898372
178575, 1, 20241223155554.898392
178635, 1, 20241223155555.898434
178695, 1, 20241223155556.898593
178755, 1, 20241223155557.898610
178815, 1, 20241223155558.898626
178875, 1, 20241223155559.898675
178935, 1, 20241223155600.898703
178995, 1, 20241223155601.898725
179055, 1, 20241223155602.898755
179115, 1, 20241223155603.898776
179175, 1, 20241223155604.898808
179235, 1, 20241223155605.898829
179295, 1, 20241223155606.898884
179355, 1, 20241223155607.898905
179415, 1, 20241223155608.898915
179475, 1, 20241223155609.898961
179535, 1, 20241223155610.898982
179595, 1, 20241223155611.899013
179655, 1, 20241223155612.899035
179715, 1, 20241223155613.899070
179775, 1, 20241223155614.899117
179835, 1, 20241223155615.899120
179895, 1, 20241223155616.899166
179955, 1, 20241223155617.899172
