125149, 1, 20250114204916.623891
125209, 1, 20250114204917.623924
125269, 1, 20250114204918.623972
125329, 1, 20250114204919.623995
125389, 1, 20250114204920.624012
125449, 1, 20250114204921.624039
125509, 1, 20250114204922.624065
125569, 1, 20250114204923.624089
125629, 1, 20250114204924.624121
125689, 1, 20250114204925.624154
125749, 1, 20250114204926.624187
125809, 1, 20250114204927.624231
125869, 1, 20250114204928.624259
125929, 1, 20250114204929.624269
125989, 1, 20250114204930.624304
126049, 1, 20250114204931.624318
126109, 1, 20250114204932.624342
126169, 1, 20250114204933.624370
