265813, 1, 20250112212723.390553
265873, 1, 20250112212724.392067
265933, 1, 20250112212725.390752
265993, 1, 20250112212726.390682
266053, 1, 20250112212727.390712
266113, 1, 20250112212728.390695
266173, 1, 20250112212729.390720
266233, 1, 20250112212730.390754
266293, 1, 20250112212731.390775
266353, 1, 20250112212732.390810
266413, 1, 20250112212733.390842
266473, 1, 20250112212734.390917
266533, 1, 20250112212735.390907
266593, 1, 20250112212736.391067
266653, 1, 20250112212737.390981
266713, 1, 20250112212738.391041
266773, 1, 20250112212739.391074
266833, 1, 20250112212740.391067
266893, 1, 20250112212741.391108
266953, 1, 20250112212742.391097
267013, 1, 20250112212743.391140
267073, 1, 20250112212744.391165
267133, 1, 20250112212745.391194
267193, 1, 20250112212746.391105
267253, 1, 20250112212747.391118
267313, 1, 20250112212748.391279
267373, 1, 20250112212749.391314
267433, 1, 20250112212750.391374
267493, 1, 20250112212751.391367
267553, 1, 20250112212752.391398
267613, 1, 20250112212753.391448
267673, 1, 20250112212754.391427
267733, 1, 20250112212755.391489
267793, 1, 20250112212756.391514
267853, 1, 20250112212757.391586
267913, 1, 20250112212758.391648
267973, 1, 20250112212759.391602
268033, 1, 20250112212800.391635
268093, 1, 20250112212801.391779
268153, 1, 20250112212802.391694
268213, 1, 20250112212803.391733
268273, 1, 20250112212804.391776
268333, 1, 20250112212805.391851
268393, 1, 20250112212806.391877
268453, 1, 20250112212807.391932
268513, 1, 20250112212808.391942
268573, 1, 20250112212809.391963
268633, 1, 20250112212810.392022
268693, 1, 20250112212811.391983
268753, 1, 20250112212812.392054
268813, 1, 20250112212813.392102
268873, 1, 20250112212814.392132
268933, 1, 20250112212815.392185
268993, 1, 20250112212816.392226
269053, 1, 20250112212817.392244
269113, 1, 20250112212818.392261
269173, 1, 20250112212819.392282
269233, 1, 20250112212820.392316
269293, 1, 20250112212821.392350
269353, 1, 20250112212822.392386
269413, 1, 20250112212823.392400
269473, 1, 20250112212824.392436
269533, 1, 20250112212825.392467
269593, 1, 20250112212826.392492
269653, 1, 20250112212827.392525
269713, 1, 20250112212828.392546
269773, 1, 20250112212829.392571
269833, 1, 20250112212830.392595
269893, 1, 20250112212831.392625
269953, 1, 20250112212832.392658
