1452493, 1, 20250117192845.588103
1452553, 1, 20250117192846.588131
1452613, 1, 20250117192847.588177
1452673, 1, 20250117192848.588212
1452733, 1, 20250117192849.588231
1452793, 1, 20250117192850.588251
1452853, 1, 20250117192851.588263
1452913, 1, 20250117192852.588301
1452973, 1, 20250117192853.588329
1453033, 1, 20250117192854.588363
1453093, 1, 20250117192855.588398
1453153, 1, 20250117192856.588422
1453213, 1, 20250117192857.588454
1453273, 1, 20250117192858.588478
1453333, 1, 20250117192859.588502
1453393, 1, 20250117192900.588544
1453453, 1, 20250117192901.588568
1453513, 1, 20250117192902.588596
1453573, 1, 20250117192903.588630
1453633, 1, 20250117192904.588648
1453693, 1, 20250117192905.588686
1453753, 1, 20250117192906.588732
1453813, 1, 20250117192907.588764
1453873, 1, 20250117192908.588768
1453933, 1, 20250117192909.588809
