240777, 1, 20241221120521.202198
240837, 1, 20241221120522.202192
240897, 1, 20241221120523.202195
240957, 1, 20241221120524.202230
241017, 1, 20241221120525.202312
241077, 1, 20241221120526.202300
241137, 1, 20241221120527.202321
241197, 1, 20241221120528.202352
241257, 1, 20241221120529.202374
241317, 1, 20241221120530.202478
241377, 1, 20241221120531.202529
241437, 1, 20241221120532.202484
241497, 1, 20241221120533.202494
241557, 1, 20241221120534.202563
241617, 1, 20241221120535.202554
241677, 1, 20241221120536.202592
241737, 1, 20241221120537.202609
241797, 1, 20241221120538.202639
241857, 1, 20241221120539.202636
241917, 1, 20241221120540.202776
241977, 1, 20241221120541.202771
242037, 1, 20241221120542.202765
242097, 1, 20241221120543.202866
242157, 1, 20241221120544.202828
242217, 1, 20241221120545.202851
242277, 1, 20241221120546.202935
242337, 1, 20241221120547.202981
242397, 1, 20241221120548.202946
242457, 1, 20241221120549.203030
242517, 1, 20241221120550.203001
242577, 1, 20241221120551.202989
242637, 1, 20241221120552.203069
242697, 1, 20241221120553.203155
242757, 1, 20241221120554.203151
242817, 1, 20241221120555.203216
242877, 1, 20241221120556.203175
242937, 1, 20241221120557.203198
242997, 1, 20241221120558.203309
243057, 1, 20241221120559.203267
243117, 1, 20241221120600.203344
243177, 1, 20241221120601.203407
243237, 1, 20241221120602.203361
243297, 1, 20241221120603.203446
243357, 1, 20241221120604.203470
243417, 1, 20241221120605.203522
243477, 1, 20241221120606.203476
243537, 1, 20241221120607.203512
243597, 1, 20241221120608.203602
243657, 1, 20241221120609.203553
243717, 1, 20241221120610.203623
243777, 1, 20241221120611.203632
243837, 1, 20241221120612.203646
243897, 1, 20241221120613.203675
243957, 1, 20241221120614.203709
244017, 1, 20241221120615.203746
244077, 1, 20241221120616.203838
244137, 1, 20241221120617.203856
244197, 1, 20241221120618.203814
244257, 1, 20241221120619.203900
244317, 1, 20241221120620.203887
244377, 1, 20241221120621.203913
244437, 1, 20241221120622.203939
