64385, 1, 20250107105505.254957
64445, 1, 20250107105506.255005
64505, 1, 20250107105507.255002
64565, 1, 20250107105508.255043
64625, 1, 20250107105509.255067
64685, 1, 20250107105510.255104
64745, 1, 20250107105511.255134
64805, 1, 20250107105512.255030
64865, 1, 20250107105513.255043
64925, 1, 20250107105514.255084
64985, 1, 20250107105515.255120
65045, 1, 20250107105516.255127
65105, 1, 20250107105517.255165
65165, 1, 20250107105518.255193
65225, 1, 20250107105519.255230
65285, 1, 20250107105520.255258
65345, 1, 20250107105521.255286
65405, 1, 20250107105522.255312
65465, 1, 20250107105523.255481
65525, 1, 20250107105524.255520
65585, 1, 20250107105525.255546
65645, 1, 20250107105526.255571
65705, 1, 20250107105527.255597
