62703, 1, 20250110113027.108656
62763, 1, 20250110113028.108686
62823, 1, 20250110113029.108717
62883, 1, 20250110113030.108736
62943, 1, 20250110113031.108769
63003, 1, 20250110113032.108793
63063, 1, 20250110113033.108814
63123, 1, 20250110113034.108858
63183, 1, 20250110113035.108881
63243, 1, 20250110113036.108898
63303, 1, 20250110113037.108939
63363, 1, 20250110113038.108960
63423, 1, 20250110113039.108984
63483, 1, 20250110113040.109018
63543, 1, 20250110113041.109030
63603, 1, 20250110113042.109086
63663, 1, 20250110113043.109106
63723, 1, 20250110113044.109136
63783, 1, 20250110113045.109158
63843, 1, 20250110113046.109181
63903, 1, 20250110113047.109210
63963, 1, 20250110113048.109241
64023, 1, 20250110113049.109265
64083, 1, 20250110113050.109304
64143, 1, 20250110113051.109325
64203, 1, 20250110113052.109370
64263, 1, 20250110113053.109395
64323, 1, 20250110113054.109410
64383, 1, 20250110113055.109451
64443, 1, 20250110113056.109441
64503, 1, 20250110113057.109470
64563, 1, 20250110113058.109492
64623, 1, 20250110113059.109544
64683, 1, 20250110113100.109575
64743, 1, 20250110113101.109616
64803, 1, 20250110113102.109662
64863, 1, 20250110113103.109680
64923, 1, 20250110113104.109710
64983, 1, 20250110113105.109719
65043, 1, 20250110113106.109755
65103, 1, 20250110113107.109783
65163, 1, 20250110113108.109814
65223, 1, 20250110113109.109838
65283, 1, 20250110113110.109870
65343, 1, 20250110113111.109884
65403, 1, 20250110113112.109944
65463, 1, 20250110113113.109954
65523, 1, 20250110113114.109989
65583, 1, 20250110113115.110009
65643, 1, 20250110113116.110036
65703, 1, 20250110113117.110066
65763, 1, 20250110113118.110093
65823, 1, 20250110113119.110117
65883, 1, 20250110113120.110142
65943, 1, 20250110113121.110202
66003, 1, 20250110113122.110224
66063, 1, 20250110113123.110223
66123, 1, 20250110113124.110254
66183, 1, 20250110113125.110274
66243, 1, 20250110113126.110317
66303, 1, 20250110113127.110345
66363, 1, 20250110113128.110366
66423, 1, 20250110113129.110393
66483, 1, 20250110113130.110418
66543, 1, 20250110113131.110477
66603, 1, 20250110113132.110508
66663, 1, 20250110113133.110502
66723, 1, 20250110113134.110543
66783, 1, 20250110113135.110573
66843, 1, 20250110113136.110595
66903, 1, 20250110113137.110626
66963, 1, 20250110113138.110650
67023, 1, 20250110113139.110678
67083, 1, 20250110113140.110722
67143, 1, 20250110113141.110742
67203, 1, 20250110113142.110769
67263, 1, 20250110113143.110799
67323, 1, 20250110113144.110825
67383, 1, 20250110113145.110863
67443, 1, 20250110113146.110896
67503, 1, 20250110113147.110912
67563, 1, 20250110113148.110938
67623, 1, 20250110113149.110961
67683, 1, 20250110113150.111022
67743, 1, 20250110113151.111046
67803, 1, 20250110113152.111048
67863, 1, 20250110113153.111083
67923, 1, 20250110113154.111108
67983, 1, 20250110113155.111133
68043, 1, 20250110113156.111162
68103, 1, 20250110113157.111187
68163, 1, 20250110113158.111215
68223, 1, 20250110113159.111244
68283, 1, 20250110113200.111289
68343, 1, 20250110113201.111323
68403, 1, 20250110113202.111331
68463, 1, 20250110113203.111354
68523, 1, 20250110113204.111390
68583, 1, 20250110113205.111428
68643, 1, 20250110113206.111443
68703, 1, 20250110113207.111475
68763, 1, 20250110113208.111500
68823, 1, 20250110113209.111521
68883, 1, 20250110113210.111571
68943, 1, 20250110113211.111579
69003, 1, 20250110113212.111608
69063, 1, 20250110113213.111644
69123, 1, 20250110113214.111670
69183, 1, 20250110113215.111695
69243, 1, 20250110113216.111730
69303, 1, 20250110113217.111738
69363, 1, 20250110113218.111774
69423, 1, 20250110113219.111834
69483, 1, 20250110113220.111859
69543, 1, 20250110113221.111862
69603, 1, 20250110113222.111897
69663, 1, 20250110113223.111918
69723, 1, 20250110113224.111945
69783, 1, 20250110113225.111993
69843, 1, 20250110113226.112019
69903, 1, 20250110113227.112039
69963, 1, 20250110113228.112054
