243255, 1, 20250112212107.409662
243315, 1, 20250112212108.409681
243375, 1, 20250112212109.409743
243435, 1, 20250112212110.409751
243495, 1, 20250112212111.409776
243555, 1, 20250112212112.409833
243615, 1, 20250112212113.409861
243675, 1, 20250112212114.409878
243735, 1, 20250112212115.409903
243795, 1, 20250112212116.409931
243855, 1, 20250112212117.409960
243915, 1, 20250112212118.410011
243975, 1, 20250112212119.410008
244035, 1, 20250112212120.410049
244095, 1, 20250112212121.410095
244155, 1, 20250112212122.410121
244215, 1, 20250112212123.410164
244275, 1, 20250112212124.410053
244335, 1, 20250112212125.410068
244395, 1, 20250112212126.410089
244455, 1, 20250112212127.410126
244515, 1, 20250112212128.410160
244575, 1, 20250112212129.410177
244635, 1, 20250112212130.410214
244695, 1, 20250112212131.410233
244755, 1, 20250112212132.410267
244815, 1, 20250112212133.410279
244875, 1, 20250112212134.410301
244935, 1, 20250112212135.410334
244995, 1, 20250112212136.410379
