825349, 1, 20250112111108.767631
825409, 1, 20250112111109.767677
825469, 1, 20250112111110.767704
825529, 1, 20250112111111.767721
825589, 1, 20250112111112.767757
825649, 1, 20250112111113.767787
825709, 1, 20250112111114.767802
825769, 1, 20250112111115.767860
825829, 1, 20250112111116.767857
825889, 1, 20250112111117.767901
825949, 1, 20250112111118.767916
826009, 1, 20250112111119.767951
826069, 1, 20250112111120.767977
826129, 1, 20250112111121.768009
826189, 1, 20250112111122.768039
826249, 1, 20250112111123.768055
826309, 1, 20250112111124.768100
826369, 1, 20250112111125.768121
826429, 1, 20250112111126.768147
826489, 1, 20250112111127.768178
826549, 1, 20250112111128.768208
826609, 1, 20250112111129.768254
826669, 1, 20250112111130.768263
826729, 1, 20250112111131.768295
826789, 1, 20250112111132.768325
826849, 1, 20250112111133.768347
826909, 1, 20250112111134.768402
826969, 1, 20250112111135.768428
827029, 1, 20250112111136.768429
827089, 1, 20250112111137.768462
827149, 1, 20250112111138.768479
827209, 1, 20250112111139.768532
827269, 1, 20250112111140.768546
827329, 1, 20250112111141.768569
827389, 1, 20250112111142.768615
827449, 1, 20250112111143.768630
827509, 1, 20250112111144.768670
827569, 1, 20250112111145.768715
827629, 1, 20250112111146.768731
827689, 1, 20250112111147.768744
827749, 1, 20250112111148.768776
827809, 1, 20250112111149.768808
827869, 1, 20250112111150.768832
