124107, 1, 20241221113256.628779
124167, 1, 20241221113257.628804
124227, 1, 20241221113258.628838
124287, 1, 20241221113259.628920
124347, 1, 20241221113300.628897
124407, 1, 20241221113301.628918
124467, 1, 20241221113302.628962
124527, 1, 20241221113303.628989
124587, 1, 20241221113304.629021
124647, 1, 20241221113305.629106
124707, 1, 20241221113306.629053
124767, 1, 20241221113307.629091
124827, 1, 20241221113308.629138
124887, 1, 20241221113309.629168
124947, 1, 20241221113310.629266
125007, 1, 20241221113311.629227
125067, 1, 20241221113312.629257
125127, 1, 20241221113313.629349
125187, 1, 20241221113314.629324
125247, 1, 20241221113315.629340
125307, 1, 20241221113316.629455
125367, 1, 20241221113317.629388
125427, 1, 20241221113318.629523
125487, 1, 20241221113319.629486
125547, 1, 20241221113320.629496
125607, 1, 20241221113321.629536
125667, 1, 20241221113322.629632
125727, 1, 20241221113323.629661
125787, 1, 20241221113324.629692
125847, 1, 20241221113325.629640
125907, 1, 20241221113326.629669
125967, 1, 20241221113327.629780
126027, 1, 20241221113328.629741
126087, 1, 20241221113329.629851
126147, 1, 20241221113330.629792
126207, 1, 20241221113331.629873
126267, 1, 20241221113332.629826
126327, 1, 20241221113333.629875
126387, 1, 20241221113334.629921
126447, 1, 20241221113335.629937
126507, 1, 20241221113336.629966
126567, 1, 20241221113337.629997
126627, 1, 20241221113338.630088
126687, 1, 20241221113339.630126
126747, 1, 20241221113340.630084
126807, 1, 20241221113341.630116
126867, 1, 20241221113342.630146
126927, 1, 20241221113343.630237
126987, 1, 20241221113344.630210
127047, 1, 20241221113345.630219
127107, 1, 20241221113346.630326
127167, 1, 20241221113347.630284
127227, 1, 20241221113348.630316
127287, 1, 20241221113349.630356
127347, 1, 20241221113350.630388
127407, 1, 20241221113351.630412
127467, 1, 20241221113352.630455
127527, 1, 20241221113353.630482
127587, 1, 20241221113354.630502
127647, 1, 20241221113355.630598
127707, 1, 20241221113356.630568
127767, 1, 20241221113357.630690
127827, 1, 20241221113358.630713
127887, 1, 20241221113359.630712
127947, 1, 20241221113400.630690
128007, 1, 20241221113401.630742
128067, 1, 20241221113402.630812
128127, 1, 20241221113403.630770
128187, 1, 20241221113404.630799
128247, 1, 20241221113405.630900
128307, 1, 20241221113406.630862
128367, 1, 20241221113407.630938
128427, 1, 20241221113408.631015
128487, 1, 20241221113409.630955
128547, 1, 20241221113410.630984
128607, 1, 20241221113411.630970
128667, 1, 20241221113412.631099
128727, 1, 20241221113413.631068
128787, 1, 20241221113414.631094
128847, 1, 20241221113415.631138
128907, 1, 20241221113416.631165
128967, 1, 20241221113417.631272
129027, 1, 20241221113418.631218
129087, 1, 20241221113419.631244
129147, 1, 20241221113420.631268
129207, 1, 20241221113421.631369
129267, 1, 20241221113422.631335
129327, 1, 20241221113423.631419
129387, 1, 20241221113424.631352
129447, 1, 20241221113425.631428
129507, 1, 20241221113426.631453
129567, 1, 20241221113427.631527
129627, 1, 20241221113428.631511
129687, 1, 20241221113429.631606
129747, 1, 20241221113430.631553
129807, 1, 20241221113431.631630
129867, 1, 20241221113432.631706
129927, 1, 20241221113433.631664
129987, 1, 20241221113434.631684
130047, 1, 20241221113435.631734
130107, 1, 20241221113436.631823
130167, 1, 20241221113437.631794
130227, 1, 20241221113438.631809
130287, 1, 20241221113439.631827
130347, 1, 20241221113440.631854
130407, 1, 20241221113441.631901
130467, 1, 20241221113442.632004
130527, 1, 20241221113443.631948
130587, 1, 20241221113444.631983
130647, 1, 20241221113445.632008
130707, 1, 20241221113446.632084
130767, 1, 20241221113447.632087
130827, 1, 20241221113448.632154
130887, 1, 20241221113449.632129
130947, 1, 20241221113450.632119
131007, 1, 20241221113451.632195
131067, 1, 20241221113452.632219
131127, 1, 20241221113453.632316
131187, 1, 20241221113454.632340
131247, 1, 20241221113455.632356
131307, 1, 20241221113456.632403
131367, 1, 20241221113457.632361
131427, 1, 20241221113458.632384
131487, 1, 20241221113459.632432
131547, 1, 20241221113500.632524
131607, 1, 20241221113501.632481
131667, 1, 20241221113502.632510
131727, 1, 20241221113503.632538
131787, 1, 20241221113504.632567
131847, 1, 20241221113505.632594
131907, 1, 20241221113506.632633
131967, 1, 20241221113507.632666
132027, 1, 20241221113508.632689
132087, 1, 20241221113509.632716
132147, 1, 20241221113510.632751
132207, 1, 20241221113511.632844
132267, 1, 20241221113512.632808
132327, 1, 20241221113513.632848
132387, 1, 20241221113514.632903
132447, 1, 20241221113515.632942
132507, 1, 20241221113516.632896
132567, 1, 20241221113517.632951
132627, 1, 20241221113518.632977
132687, 1, 20241221113519.633011
132747, 1, 20241221113520.633122
132807, 1, 20241221113521.633139
132867, 1, 20241221113522.633179
132927, 1, 20241221113523.633133
132987, 1, 20241221113524.633156
133047, 1, 20241221113525.633239
133107, 1, 20241221113526.633240
133167, 1, 20241221113527.633251
133227, 1, 20241221113528.633271
133287, 1, 20241221113529.633378
133347, 1, 20241221113530.633346
133407, 1, 20241221113531.633361
133467, 1, 20241221113532.633393
133527, 1, 20241221113533.633421
133587, 1, 20241221113534.633459
133647, 1, 20241221113535.633564
133707, 1, 20241221113536.633513
133767, 1, 20241221113537.633553
133827, 1, 20241221113538.633660
133887, 1, 20241221113539.633606
133947, 1, 20241221113540.633681
134007, 1, 20241221113541.633660
134067, 1, 20241221113542.633666
134127, 1, 20241221113543.633803
134187, 1, 20241221113544.633761
134247, 1, 20241221113545.633799
134307, 1, 20241221113546.633816
134367, 1, 20241221113547.633917
134427, 1, 20241221113548.633869
134487, 1, 20241221113549.633910
134547, 1, 20241221113550.633936
134607, 1, 20241221113551.634007
134667, 1, 20241221113552.633987
134727, 1, 20241221113553.634018
134787, 1, 20241221113554.634093
