466289, 1, 20241223171550.311599
466349, 1, 20241223171551.311623
466409, 1, 20241223171552.311652
466469, 1, 20241223171553.311675
466529, 1, 20241223171554.311707
466589, 1, 20241223171555.311739
466649, 1, 20241223171556.311753
466709, 1, 20241223171557.311784
466769, 1, 20241223171558.311822
466829, 1, 20241223171559.311872
466889, 1, 20241223171600.311872
466949, 1, 20241223171601.311907
467009, 1, 20241223171602.311945
467069, 1, 20241223171603.311956
467129, 1, 20241223171604.312005
467189, 1, 20241223171605.312019
467249, 1, 20241223171606.312062
467309, 1, 20241223171607.312084
467369, 1, 20241223171608.312116
467429, 1, 20241223171609.312135
467489, 1, 20241223171610.312169
467549, 1, 20241223171611.312203
467609, 1, 20241223171612.312227
