237347, 1, 20250116190812.298414
237407, 1, 20250116190813.298448
237467, 1, 20250116190814.298472
237527, 1, 20250116190815.298528
237587, 1, 20250116190816.298535
237647, 1, 20250116190817.298535
237707, 1, 20250116190818.298566
237767, 1, 20250116190819.298598
237827, 1, 20250116190820.298641
237887, 1, 20250116190821.298651
237947, 1, 20250116190822.298662
238007, 1, 20250116190823.298715
238067, 1, 20250116190824.298726
238127, 1, 20250116190825.298777
238187, 1, 20250116190826.298801
238247, 1, 20250116190827.298838
238307, 1, 20250116190828.298808
238367, 1, 20250116190829.298865
238427, 1, 20250116190830.298900
238487, 1, 20250116190831.298919
238547, 1, 20250116190832.298956
238607, 1, 20250116190833.299005
238667, 1, 20250116190834.299004
238727, 1, 20250116190835.299080
238787, 1, 20250116190836.299080
238847, 1, 20250116190837.299098
238907, 1, 20250116190838.299149
238967, 1, 20250116190839.299192
239027, 1, 20250116190840.299175
239087, 1, 20250116190841.299266
239147, 1, 20250116190842.299252
239207, 1, 20250116190843.299303
239267, 1, 20250116190844.299334
239327, 1, 20250116190845.299404
239387, 1, 20250116190846.299372
239447, 1, 20250116190847.299429
239507, 1, 20250116190848.299432
239567, 1, 20250116190849.299473
239627, 1, 20250116190850.299475
239687, 1, 20250116190851.299496
239747, 1, 20250116190852.299581
239807, 1, 20250116190853.299574
239867, 1, 20250116190854.299640
239927, 1, 20250116190855.299655
239987, 1, 20250116190856.299698
240047, 1, 20250116190857.299696
240107, 1, 20250116190858.299719
240167, 1, 20250116190859.299751
240227, 1, 20250116190900.299748
240287, 1, 20250116190901.299813
240347, 1, 20250116190902.299853
240407, 1, 20250116190903.299820
240467, 1, 20250116190904.299879
240527, 1, 20250116190905.299923
240587, 1, 20250116190906.299966
240647, 1, 20250116190907.300018
240707, 1, 20250116190908.299984
240767, 1, 20250116190909.300050
240827, 1, 20250116190910.300071
240887, 1, 20250116190911.300140
240947, 1, 20250116190912.300132
241007, 1, 20250116190913.300131
241067, 1, 20250116190914.300192
241127, 1, 20250116190915.300195
241187, 1, 20250116190916.300280
241247, 1, 20250116190917.300276
241307, 1, 20250116190918.300281
241367, 1, 20250116190919.300303
241427, 1, 20250116190920.300331
241487, 1, 20250116190921.300427
241547, 1, 20250116190922.300422
241607, 1, 20250116190923.300473
241667, 1, 20250116190924.300457
241727, 1, 20250116190925.300508
241787, 1, 20250116190926.300484
241847, 1, 20250116190927.300566
241907, 1, 20250116190928.300576
241967, 1, 20250116190929.300582
242027, 1, 20250116190930.300625
242087, 1, 20250116190931.300677
242147, 1, 20250116190932.300740
242207, 1, 20250116190933.300785
242267, 1, 20250116190934.300762
242327, 1, 20250116190935.300827
242387, 1, 20250116190936.300823
242447, 1, 20250116190937.300813
242507, 1, 20250116190938.300865
242567, 1, 20250116190939.300882
242627, 1, 20250116190940.300904
242687, 1, 20250116190941.300931
242747, 1, 20250116190942.301004
242807, 1, 20250116190943.300996
242867, 1, 20250116190944.301067
242927, 1, 20250116190945.301056
242987, 1, 20250116190946.301088
243047, 1, 20250116190947.301158
243107, 1, 20250116190948.301188
243167, 1, 20250116190949.301142
243227, 1, 20250116190950.301235
243287, 1, 20250116190951.301234
243347, 1, 20250116190952.301306
243407, 1, 20250116190953.301377
243467, 1, 20250116190954.301316
243527, 1, 20250116190955.301417
243587, 1, 20250116190956.301383
243647, 1, 20250116190957.301472
243707, 1, 20250116190958.301448
243767, 1, 20250116190959.301466
243827, 1, 20250116191000.301528
243887, 1, 20250116191001.301526
243947, 1, 20250116191002.301654
244007, 1, 20250116191003.301639
244067, 1, 20250116191004.301649
244127, 1, 20250116191005.301721
244187, 1, 20250116191006.301745
244247, 1, 20250116191007.301733
244307, 1, 20250116191008.301726
244367, 1, 20250116191009.301755
244427, 1, 20250116191010.301861
244487, 1, 20250116191011.301872
244547, 1, 20250116191012.301891
244607, 1, 20250116191013.301872
244667, 1, 20250116191014.301908
244727, 1, 20250116191015.301945
244787, 1, 20250116191016.301958
244847, 1, 20250116191017.302063
244907, 1, 20250116191018.302023
244967, 1, 20250116191019.302051
245027, 1, 20250116191020.302153
245087, 1, 20250116191021.302166
245147, 1, 20250116191022.302155
245207, 1, 20250116191023.302222
245267, 1, 20250116191024.302254
245327, 1, 20250116191025.302228
245387, 1, 20250116191026.302334
245447, 1, 20250116191027.302290
245507, 1, 20250116191028.302358
245567, 1, 20250116191029.302375
245627, 1, 20250116191030.302403
245687, 1, 20250116191031.302452
245747, 1, 20250116191032.302481
245807, 1, 20250116191033.302490
245867, 1, 20250116191034.302489
245927, 1, 20250116191035.302476
245987, 1, 20250116191036.302552
246047, 1, 20250116191037.302618
246107, 1, 20250116191038.302609
246167, 1, 20250116191039.302670
246227, 1, 20250116191040.302667
246287, 1, 20250116191041.302715
246347, 1, 20250116191042.302737
246407, 1, 20250116191043.302758
246467, 1, 20250116191044.302782
246527, 1, 20250116191045.302823
246587, 1, 20250116191046.302828
246647, 1, 20250116191047.302861
246707, 1, 20250116191048.302897
246767, 1, 20250116191049.302964
246827, 1, 20250116191050.302948
246887, 1, 20250116191051.303037
246947, 1, 20250116191052.303011
247007, 1, 20250116191053.303094
247067, 1, 20250116191054.303097
247127, 1, 20250116191055.303148
247187, 1, 20250116191056.303142
247247, 1, 20250116191057.303174
247307, 1, 20250116191058.303174
247367, 1, 20250116191059.303281
247427, 1, 20250116191100.303320
247487, 1, 20250116191101.303343
247547, 1, 20250116191102.303380
247607, 1, 20250116191103.303410
247667, 1, 20250116191104.303416
247727, 1, 20250116191105.303457
247787, 1, 20250116191106.303503
247847, 1, 20250116191107.303521
247907, 1, 20250116191108.303570
247967, 1, 20250116191109.303590
248027, 1, 20250116191110.303616
248087, 1, 20250116191111.303663
