30939, 1, 20241224122852.260483
30999, 1, 20241224122853.260520
31059, 1, 20241224122854.260544
31119, 1, 20241224122855.260580
31179, 1, 20241224122856.260619
31239, 1, 20241224122857.260664
31299, 1, 20241224122858.260659
31359, 1, 20241224122859.260692
31419, 1, 20241224122900.260718
31479, 1, 20241224122901.260759
31539, 1, 20241224122902.260771
31599, 1, 20241224122903.260803
31659, 1, 20241224122904.260822
31719, 1, 20241224122905.260865
31779, 1, 20241224122906.260914
31839, 1, 20241224122907.260945
31899, 1, 20241224122908.260952
31959, 1, 20241224122909.260984
32019, 1, 20241224122910.261015
