341021, 1, 20241221123312.000293
341081, 1, 20241221123313.000443
341141, 1, 20241221123314.000516
341201, 1, 20241221123315.000338
341261, 1, 20241221123316.000754
341321, 1, 20241221123317.000427
341381, 1, 20241221123318.000456
341441, 1, 20241221123319.000480
341501, 1, 20241221123320.000559
341561, 1, 20241221123321.000582
341621, 1, 20241221123322.000673
341681, 1, 20241221123323.000580
341741, 1, 20241221123324.000636
341801, 1, 20241221123325.000668
341861, 1, 20241221123326.000685
341921, 1, 20241221123327.000953
341981, 1, 20241221123328.000780
342041, 1, 20241221123329.000782
342101, 1, 20241221123330.000940
342161, 1, 20241221123331.000838
342221, 1, 20241221123332.000994
342281, 1, 20241221123333.000768
342341, 1, 20241221123334.000783
342401, 1, 20241221123335.000834
342461, 1, 20241221123336.000848
342521, 1, 20241221123337.000883
342581, 1, 20241221123338.000894
342641, 1, 20241221123339.001092
342701, 1, 20241221123340.000962
342761, 1, 20241221123341.001007
342821, 1, 20241221123342.001039
342881, 1, 20241221123343.001111
342941, 1, 20241221123344.001078
343001, 1, 20241221123345.001071
343061, 1, 20241221123346.001150
343121, 1, 20241221123347.001192
343181, 1, 20241221123348.001202
343241, 1, 20241221123349.001238
343301, 1, 20241221123350.001244
343361, 1, 20241221123351.001255
343421, 1, 20241221123352.001331
343481, 1, 20241221123353.001358
343541, 1, 20241221123354.001523
343601, 1, 20241221123355.001515
343661, 1, 20241221123356.001533
343721, 1, 20241221123357.001602
343781, 1, 20241221123358.001633
343841, 1, 20241221123359.001648
343901, 1, 20241221123400.001687
343961, 1, 20241221123401.001733
344021, 1, 20241221123402.001761
344081, 1, 20241221123403.001761
344141, 1, 20241221123404.001765
344201, 1, 20241221123405.001841
344261, 1, 20241221123406.001831
344321, 1, 20241221123407.001885
344381, 1, 20241221123408.001912
344441, 1, 20241221123409.001923
344501, 1, 20241221123410.001952
344561, 1, 20241221123411.001980
344621, 1, 20241221123412.002065
344681, 1, 20241221123413.002088
344741, 1, 20241221123414.002070
344801, 1, 20241221123415.002078
344861, 1, 20241221123416.002161
344921, 1, 20241221123417.002150
344981, 1, 20241221123418.002077
345041, 1, 20241221123419.002105
345101, 1, 20241221123420.002140
345161, 1, 20241221123421.002190
345221, 1, 20241221123422.002216
345281, 1, 20241221123423.002223
345341, 1, 20241221123424.002247
345401, 1, 20241221123425.002283
345461, 1, 20241221123426.002449
345521, 1, 20241221123427.002344
345581, 1, 20241221123428.002486
345641, 1, 20241221123429.002508
345701, 1, 20241221123430.002428
345761, 1, 20241221123431.002594
345821, 1, 20241221123432.002489
345881, 1, 20241221123433.002522
345941, 1, 20241221123434.002556
346001, 1, 20241221123435.002574
346061, 1, 20241221123436.002608
346121, 1, 20241221123437.002625
346181, 1, 20241221123438.002662
346241, 1, 20241221123439.002675
346301, 1, 20241221123440.002723
346361, 1, 20241221123441.002767
346421, 1, 20241221123442.002931
346481, 1, 20241221123443.002814
346541, 1, 20241221123444.002827
346601, 1, 20241221123445.002867
346661, 1, 20241221123446.002887
346721, 1, 20241221123447.002928
346781, 1, 20241221123448.002937
346841, 1, 20241221123449.002962
346901, 1, 20241221123450.003001
346961, 1, 20241221123451.003058
347021, 1, 20241221123452.003078
347081, 1, 20241221123453.003096
347141, 1, 20241221123454.003127
347201, 1, 20241221123455.003155
347261, 1, 20241221123456.003185
347321, 1, 20241221123457.003215
347381, 1, 20241221123458.003240
347441, 1, 20241221123459.003267
347501, 1, 20241221123500.003302
347561, 1, 20241221123501.003420
347621, 1, 20241221123502.003488
347681, 1, 20241221123503.003518
347741, 1, 20241221123504.003534
347801, 1, 20241221123505.003536
347861, 1, 20241221123506.003603
347921, 1, 20241221123507.003622
347981, 1, 20241221123508.003654
348041, 1, 20241221123509.003674
348101, 1, 20241221123510.003732
348161, 1, 20241221123511.003753
348221, 1, 20241221123512.003766
348281, 1, 20241221123513.003801
348341, 1, 20241221123514.003828
348401, 1, 20241221123515.003869
348461, 1, 20241221123516.003900
348521, 1, 20241221123517.003924
348581, 1, 20241221123518.003941
348641, 1, 20241221123519.003979
348701, 1, 20241221123520.004028
348761, 1, 20241221123521.004061
348821, 1, 20241221123522.004067
348881, 1, 20241221123523.004102
348941, 1, 20241221123524.004115
349001, 1, 20241221123525.004152
349061, 1, 20241221123526.004172
349121, 1, 20241221123527.004209
349181, 1, 20241221123528.004247
349241, 1, 20241221123529.004285
349301, 1, 20241221123530.004328
349361, 1, 20241221123531.004337
349421, 1, 20241221123532.004230
349481, 1, 20241221123533.004257
349541, 1, 20241221123534.004282
349601, 1, 20241221123535.004322
349661, 1, 20241221123536.004491
349721, 1, 20241221123537.004497
349781, 1, 20241221123538.004537
349841, 1, 20241221123539.004568
349901, 1, 20241221123540.004590
349961, 1, 20241221123541.004615
350021, 1, 20241221123542.004643
350081, 1, 20241221123543.004681
350141, 1, 20241221123544.004712
350201, 1, 20241221123545.004743
350261, 1, 20241221123546.004768
350321, 1, 20241221123547.004791
350381, 1, 20241221123548.004832
350441, 1, 20241221123549.004872
350501, 1, 20241221123550.004900
350561, 1, 20241221123551.004920
350621, 1, 20241221123552.004955
350681, 1, 20241221123553.004847
350741, 1, 20241221123554.004868
350801, 1, 20241221123555.004900
350861, 1, 20241221123556.005073
350921, 1, 20241221123557.005084
350981, 1, 20241221123558.005122
351041, 1, 20241221123559.005160
351101, 1, 20241221123600.005209
351161, 1, 20241221123601.005209
351221, 1, 20241221123602.005247
351281, 1, 20241221123603.005276
351341, 1, 20241221123604.005295
351401, 1, 20241221123605.005316
351461, 1, 20241221123606.005361
351521, 1, 20241221123607.005396
