251643, 1, 20241224110633.011634
251703, 1, 20241224110634.011655
251763, 1, 20241224110635.011692
251823, 1, 20241224110636.011721
251883, 1, 20241224110637.011753
251943, 1, 20241224110638.011777
252003, 1, 20241224110639.011812
252063, 1, 20241224110640.011828
252123, 1, 20241224110641.011867
252183, 1, 20241224110642.011895
252243, 1, 20241224110643.011919
252303, 1, 20241224110644.011950
252363, 1, 20241224110645.011974
252423, 1, 20241224110646.012008
252483, 1, 20241224110647.012034
252543, 1, 20241224110648.012089
252603, 1, 20241224110649.012125
252663, 1, 20241224110650.012125
252723, 1, 20241224110651.012150
252783, 1, 20241224110652.012171
252843, 1, 20241224110653.012214
252903, 1, 20241224110654.012232
252963, 1, 20241224110655.012250
253023, 1, 20241224110656.012281
253083, 1, 20241224110657.012308
253143, 1, 20241224110658.012357
253203, 1, 20241224110659.012398
253263, 1, 20241224110700.012391
253323, 1, 20241224110701.012420
253383, 1, 20241224110702.012451
253443, 1, 20241224110703.012471
253503, 1, 20241224110704.012514
253563, 1, 20241224110705.012537
253623, 1, 20241224110706.012594
253683, 1, 20241224110707.012604
253743, 1, 20241224110708.012645
253803, 1, 20241224110709.012689
253863, 1, 20241224110710.012728
253923, 1, 20241224110711.012763
253983, 1, 20241224110712.012801
254043, 1, 20241224110713.012825
254103, 1, 20241224110714.012845
254163, 1, 20241224110715.012890
254223, 1, 20241224110716.012891
254283, 1, 20241224110717.012944
254343, 1, 20241224110718.012975
254403, 1, 20241224110719.013005
254463, 1, 20241224110720.013027
254523, 1, 20241224110721.013041
254583, 1, 20241224110722.013086
254643, 1, 20241224110723.013112
254703, 1, 20241224110724.013134
254763, 1, 20241224110725.013168
254823, 1, 20241224110726.013214
254883, 1, 20241224110727.013251
254943, 1, 20241224110728.013273
255003, 1, 20241224110729.013314
255063, 1, 20241224110730.013344
255123, 1, 20241224110731.013351
255183, 1, 20241224110732.013374
255243, 1, 20241224110733.014808
255303, 1, 20241224110734.013467
255363, 1, 20241224110735.013457
255423, 1, 20241224110736.013554
255483, 1, 20241224110737.013531
255543, 1, 20241224110738.013587
255603, 1, 20241224110739.013581
255663, 1, 20241224110740.013660
255723, 1, 20241224110741.014969
255783, 1, 20241224110742.013609
255843, 1, 20241224110743.015062
255903, 1, 20241224110744.013735
255963, 1, 20241224110745.013690
256023, 1, 20241224110746.013892
256083, 1, 20241224110747.013849
256143, 1, 20241224110748.013776
256203, 1, 20241224110749.013963
256263, 1, 20241224110750.013835
256323, 1, 20241224110751.013869
256383, 1, 20241224110752.013889
256443, 1, 20241224110753.013922
256503, 1, 20241224110754.013959
256563, 1, 20241224110755.013986
256623, 1, 20241224110756.014006
256683, 1, 20241224110757.014038
256743, 1, 20241224110758.014061
256803, 1, 20241224110759.014096
256863, 1, 20241224110800.014121
256923, 1, 20241224110801.014151
