1188937, 1, 20241227182604.798676
1188997, 1, 20241227182605.798712
1189057, 1, 20241227182606.798742
1189117, 1, 20241227182607.798764
1189177, 1, 20241227182608.798790
1189237, 1, 20241227182609.798824
1189297, 1, 20241227182610.798850
1189357, 1, 20241227182611.798899
1189417, 1, 20241227182612.798924
1189477, 1, 20241227182613.798945
1189537, 1, 20241227182614.798970
1189597, 1, 20241227182615.799005
1189657, 1, 20241227182616.799041
1189717, 1, 20241227182617.799068
1189777, 1, 20241227182618.799084
1189837, 1, 20241227182619.799113
1189897, 1, 20241227182620.799174
1189957, 1, 20241227182621.799205
1190017, 1, 20241227182622.799212
1190077, 1, 20241227182623.799241
1190137, 1, 20241227182624.799282
1190197, 1, 20241227182625.799299
1190257, 1, 20241227182626.799325
1190317, 1, 20241227182627.799346
1190377, 1, 20241227182628.799385
1190437, 1, 20241227182629.799414
1190497, 1, 20241227182630.799465
1190557, 1, 20241227182631.799500
1190617, 1, 20241227182632.799501
1190677, 1, 20241227182633.799537
1190737, 1, 20241227182634.799563
1190797, 1, 20241227182635.799588
1190857, 1, 20241227182636.799625
1190917, 1, 20241227182637.799662
1190977, 1, 20241227182638.799678
1191037, 1, 20241227182639.799715
1191097, 1, 20241227182640.799766
1191157, 1, 20241227182641.799768
1191217, 1, 20241227182642.799792
1191277, 1, 20241227182643.799837
1191337, 1, 20241227182644.799862
1191397, 1, 20241227182645.799892
1191457, 1, 20241227182646.799926
1191517, 1, 20241227182647.799949
1191577, 1, 20241227182648.799984
1191637, 1, 20241227182649.800004
1191697, 1, 20241227182650.800046
1191757, 1, 20241227182651.800070
1191817, 1, 20241227182652.800101
1191877, 1, 20241227182653.800129
1191937, 1, 20241227182654.800148
1191997, 1, 20241227182655.800178
1192057, 1, 20241227182656.800219
1192117, 1, 20241227182657.800231
1192177, 1, 20241227182658.800278
1192237, 1, 20241227182659.800314
1192297, 1, 20241227182700.800353
1192357, 1, 20241227182701.800360
1192417, 1, 20241227182702.800379
1192477, 1, 20241227182703.800422
1192537, 1, 20241227182704.800452
1192597, 1, 20241227182705.800473
1192657, 1, 20241227182706.800508
1192717, 1, 20241227182707.800540
1192777, 1, 20241227182708.800573
1192837, 1, 20241227182709.800611
1192897, 1, 20241227182710.800636
1192957, 1, 20241227182711.800653
1193017, 1, 20241227182712.800690
1193077, 1, 20241227182713.800713
1193137, 1, 20241227182714.800749
1193197, 1, 20241227182715.800764
1193257, 1, 20241227182716.800801
1193317, 1, 20241227182717.800834
1193377, 1, 20241227182718.800884
1193437, 1, 20241227182719.800760
