4361, 1, 20250110114815.521640
4421, 1, 20250110114816.521667
4481, 1, 20250110114817.521733
4541, 1, 20250110114818.521755
4601, 1, 20250110114819.521760
4661, 1, 20250110114820.521779
4721, 1, 20250110114821.521815
4781, 1, 20250110114822.521836
4841, 1, 20250110114823.521872
4901, 1, 20250110114824.521899
4961, 1, 20250110114825.521945
5021, 1, 20250110114826.521958
5081, 1, 20250110114827.522003
5141, 1, 20250110114828.522028
5201, 1, 20250110114829.522051
5261, 1, 20250110114830.522083
5321, 1, 20250110114831.522119
5381, 1, 20250110114832.522144
5441, 1, 20250110114833.522164
5501, 1, 20250110114834.522195
5561, 1, 20250110114835.522221
5621, 1, 20250110114836.522269
5681, 1, 20250110114837.522301
5741, 1, 20250110114838.522299
5801, 1, 20250110114839.522344
5861, 1, 20250110114840.522363
5921, 1, 20250110114841.522388
5981, 1, 20250110114842.522418
6041, 1, 20250110114843.522454
6101, 1, 20250110114844.522483
6161, 1, 20250110114845.522511
6221, 1, 20250110114846.522548
6281, 1, 20250110114847.522591
6341, 1, 20250110114848.522609
6401, 1, 20250110114849.522633
6461, 1, 20250110114850.522650
6521, 1, 20250110114851.522682
6581, 1, 20250110114852.522715
6641, 1, 20250110114853.522737
6701, 1, 20250110114854.522761
6761, 1, 20250110114855.522803
6821, 1, 20250110114856.522852
6881, 1, 20250110114857.522842
6941, 1, 20250110114858.522882
7001, 1, 20250110114859.522914
7061, 1, 20250110114900.522950
7121, 1, 20250110114901.522969
7181, 1, 20250110114902.522999
7241, 1, 20250110114903.523027
7301, 1, 20250110114904.523055
7361, 1, 20250110114905.523086
7421, 1, 20250110114906.523102
7481, 1, 20250110114907.523144
7541, 1, 20250110114908.523169
7601, 1, 20250110114909.523204
7661, 1, 20250110114910.523216
7721, 1, 20250110114911.523267
7781, 1, 20250110114912.523292
7841, 1, 20250110114913.523319
7901, 1, 20250110114914.523343
7961, 1, 20250110114915.523392
8021, 1, 20250110114916.523417
8081, 1, 20250110114917.523427
8141, 1, 20250110114918.523453
8201, 1, 20250110114919.523492
8261, 1, 20250110114920.523515
8321, 1, 20250110114921.523547
8381, 1, 20250110114922.523570
8441, 1, 20250110114923.523602
8501, 1, 20250110114924.523628
8561, 1, 20250110114925.523673
8621, 1, 20250110114926.523695
8681, 1, 20250110114927.523704
8741, 1, 20250110114928.523746
8801, 1, 20250110114929.523767
8861, 1, 20250110114930.523792
8921, 1, 20250110114931.523832
8981, 1, 20250110114932.523865
9041, 1, 20250110114933.523889
9101, 1, 20250110114934.523929
9161, 1, 20250110114935.523952
9221, 1, 20250110114936.523965
9281, 1, 20250110114937.524000
9341, 1, 20250110114938.524018
9401, 1, 20250110114939.524066
9461, 1, 20250110114940.524087
9521, 1, 20250110114941.524122
9581, 1, 20250110114942.524161
9641, 1, 20250110114943.524175
9701, 1, 20250110114944.524226
9761, 1, 20250110114945.524257
9821, 1, 20250110114946.524264
9881, 1, 20250110114947.524297
9941, 1, 20250110114948.524327
10001, 1, 20250110114949.524354
10061, 1, 20250110114950.524385
10121, 1, 20250110114951.524403
10181, 1, 20250110114952.524422
10241, 1, 20250110114953.524461
10301, 1, 20250110114954.524510
10361, 1, 20250110114955.524539
10421, 1, 20250110114956.524547
10481, 1, 20250110114957.524573
10541, 1, 20250110114958.524602
10601, 1, 20250110114959.524635
10661, 1, 20250110115000.524660
10721, 1, 20250110115001.524691
10781, 1, 20250110115002.524724
10841, 1, 20250110115003.524747
10901, 1, 20250110115004.524802
10961, 1, 20250110115005.524807
11021, 1, 20250110115006.524856
11081, 1, 20250110115007.524851
11141, 1, 20250110115008.524904
11201, 1, 20250110115009.524933
11261, 1, 20250110115010.524955
11321, 1, 20250110115011.524992
11381, 1, 20250110115012.525019
11441, 1, 20250110115013.525049
11501, 1, 20250110115014.525074
11561, 1, 20250110115015.525089
11621, 1, 20250110115016.525126
11681, 1, 20250110115017.525160
11741, 1, 20250110115018.525174
11801, 1, 20250110115019.525212
11861, 1, 20250110115020.525257
11921, 1, 20250110115021.525263
11981, 1, 20250110115022.525294
12041, 1, 20250110115023.525344
12101, 1, 20250110115024.525382
12161, 1, 20250110115025.525382
12221, 1, 20250110115026.525424
12281, 1, 20250110115027.525435
12341, 1, 20250110115028.525463
12401, 1, 20250110115029.525496
12461, 1, 20250110115030.525520
12521, 1, 20250110115031.525563
12581, 1, 20250110115032.525604
12641, 1, 20250110115033.525624
12701, 1, 20250110115034.525659
12761, 1, 20250110115035.525679
12821, 1, 20250110115036.525698
12881, 1, 20250110115037.525712
12941, 1, 20250110115038.525757
13001, 1, 20250110115039.525785
13061, 1, 20250110115040.525814
13121, 1, 20250110115041.525837
13181, 1, 20250110115042.525863
13241, 1, 20250110115043.525906
13301, 1, 20250110115044.525916
13361, 1, 20250110115045.525953
13421, 1, 20250110115046.525986
13481, 1, 20250110115047.526009
13541, 1, 20250110115048.526050
13601, 1, 20250110115049.526056
13661, 1, 20250110115050.526097
13721, 1, 20250110115051.526135
13781, 1, 20250110115052.526169
13841, 1, 20250110115053.526212
13901, 1, 20250110115054.526219
13961, 1, 20250110115055.526253
14021, 1, 20250110115056.526273
14081, 1, 20250110115057.526316
14141, 1, 20250110115058.526331
14201, 1, 20250110115059.526356
14261, 1, 20250110115100.526385
14321, 1, 20250110115101.526427
14381, 1, 20250110115102.526462
14441, 1, 20250110115103.526501
14501, 1, 20250110115104.526500
14561, 1, 20250110115105.526529
14621, 1, 20250110115106.526566
14681, 1, 20250110115107.526588
14741, 1, 20250110115108.526618
14801, 1, 20250110115109.526650
14861, 1, 20250110115110.526674
14921, 1, 20250110115111.526702
14981, 1, 20250110115112.526742
15041, 1, 20250110115113.526757
