212573, 1, 20250117212307.120777
212633, 1, 20250117212308.120817
212693, 1, 20250117212309.120860
212753, 1, 20250117212310.120882
212813, 1, 20250117212311.120907
212873, 1, 20250117212312.120932
212933, 1, 20250117212313.120956
212993, 1, 20250117212314.120982
213053, 1, 20250117212315.121020
213113, 1, 20250117212316.121052
213173, 1, 20250117212317.121085
213233, 1, 20250117212318.121104
213293, 1, 20250117212319.121143
213353, 1, 20250117212320.121156
213413, 1, 20250117212321.121203
213473, 1, 20250117212322.121246
213533, 1, 20250117212323.121280
213593, 1, 20250117212324.121287
213653, 1, 20250117212325.121305
213713, 1, 20250117212326.121347
213773, 1, 20250117212327.121377
