549135, 1, 20250111232728.132956
549195, 1, 20250111232729.132985
549255, 1, 20250111232730.133024
549315, 1, 20250111232731.133191
549375, 1, 20250111232732.133239
549435, 1, 20250111232733.133261
549495, 1, 20250111232734.133278
549555, 1, 20250111232735.133303
549615, 1, 20250111232736.133321
549675, 1, 20250111232737.133359
549735, 1, 20250111232738.133400
549795, 1, 20250111232739.133415
549855, 1, 20250111232740.133455
549915, 1, 20250111232741.133337
549975, 1, 20250111232742.133373
550035, 1, 20250111232743.133393
550095, 1, 20250111232744.133431
550155, 1, 20250111232745.133459
550215, 1, 20250111232746.133476
550275, 1, 20250111232747.133510
550335, 1, 20250111232748.133667
550395, 1, 20250111232749.133691
550455, 1, 20250111232750.133736
550515, 1, 20250111232751.133784
550575, 1, 20250111232752.133806
550635, 1, 20250111232753.133830
550695, 1, 20250111232754.133861
550755, 1, 20250111232755.133747
550815, 1, 20250111232756.133910
550875, 1, 20250111232757.133935
550935, 1, 20250111232758.133960
550995, 1, 20250111232759.133992
551055, 1, 20250111232800.134023
551115, 1, 20250111232801.134071
551175, 1, 20250111232802.134089
551235, 1, 20250111232803.134098
551295, 1, 20250111232804.134151
551355, 1, 20250111232805.134170
551415, 1, 20250111232806.134191
551475, 1, 20250111232807.134224
