204133, 1, 20241221115510.445543
204193, 1, 20241221115511.445566
204253, 1, 20241221115512.445597
204313, 1, 20241221115513.445630
204373, 1, 20241221115514.445660
204433, 1, 20241221115515.445691
204493, 1, 20241221115516.445723
204553, 1, 20241221115517.445751
204613, 1, 20241221115518.445800
204673, 1, 20241221115519.445831
204733, 1, 20241221115520.445842
204793, 1, 20241221115521.445867
204853, 1, 20241221115522.445897
204913, 1, 20241221115523.445925
204973, 1, 20241221115524.445955
205033, 1, 20241221115525.445976
205093, 1, 20241221115526.446010
205153, 1, 20241221115527.446036
205213, 1, 20241221115528.446070
205273, 1, 20241221115529.446100
205333, 1, 20241221115530.446126
205393, 1, 20241221115531.446147
205453, 1, 20241221115532.446187
205513, 1, 20241221115533.446206
205573, 1, 20241221115534.446244
205633, 1, 20241221115535.446270
205693, 1, 20241221115536.446311
205753, 1, 20241221115537.446351
205813, 1, 20241221115538.446376
205873, 1, 20241221115539.446386
205933, 1, 20241221115540.446420
205993, 1, 20241221115541.446445
206053, 1, 20241221115542.446490
206113, 1, 20241221115543.446511
206173, 1, 20241221115544.446533
206233, 1, 20241221115545.446563
206293, 1, 20241221115546.446598
206353, 1, 20241221115547.446643
206413, 1, 20241221115548.446680
206473, 1, 20241221115549.446678
206533, 1, 20241221115550.446724
206593, 1, 20241221115551.446739
206653, 1, 20241221115552.446777
206713, 1, 20241221115553.446809
206773, 1, 20241221115554.446825
206833, 1, 20241221115555.446865
206893, 1, 20241221115556.446877
206953, 1, 20241221115557.446918
207013, 1, 20241221115558.446949
207073, 1, 20241221115559.446984
207133, 1, 20241221115600.447004
207193, 1, 20241221115601.447036
207253, 1, 20241221115602.447070
207313, 1, 20241221115603.447098
207373, 1, 20241221115604.447123
207433, 1, 20241221115605.447155
207493, 1, 20241221115606.447166
207553, 1, 20241221115607.447196
207613, 1, 20241221115608.447237
207673, 1, 20241221115609.447267
207733, 1, 20241221115610.447280
207793, 1, 20241221115611.447318
207853, 1, 20241221115612.447356
207913, 1, 20241221115613.447384
207973, 1, 20241221115614.447395
208033, 1, 20241221115615.447442
208093, 1, 20241221115616.447485
208153, 1, 20241221115617.447511
208213, 1, 20241221115618.447524
208273, 1, 20241221115619.447544
208333, 1, 20241221115620.447593
208393, 1, 20241221115621.447602
208453, 1, 20241221115622.447632
208513, 1, 20241221115623.447674
208573, 1, 20241221115624.447691
208633, 1, 20241221115625.447731
208693, 1, 20241221115626.447772
208753, 1, 20241221115627.447796
208813, 1, 20241221115628.447813
208873, 1, 20241221115629.447849
208933, 1, 20241221115630.447884
208993, 1, 20241221115631.447900
209053, 1, 20241221115632.447948
209113, 1, 20241221115633.447966
209173, 1, 20241221115634.448000
209233, 1, 20241221115635.448040
209293, 1, 20241221115636.448057
209353, 1, 20241221115637.448086
209413, 1, 20241221115638.448110
209473, 1, 20241221115639.448136
209533, 1, 20241221115640.448163
209593, 1, 20241221115641.448183
209653, 1, 20241221115642.448242
209713, 1, 20241221115643.448261
209773, 1, 20241221115644.448283
209833, 1, 20241221115645.448313
209893, 1, 20241221115646.448343
209953, 1, 20241221115647.448358
210013, 1, 20241221115648.448407
210073, 1, 20241221115649.448424
210133, 1, 20241221115650.448463
210193, 1, 20241221115651.448487
210253, 1, 20241221115652.448518
210313, 1, 20241221115653.448538
210373, 1, 20241221115654.448573
210433, 1, 20241221115655.448615
210493, 1, 20241221115656.448654
210553, 1, 20241221115657.448662
210613, 1, 20241221115658.448695
210673, 1, 20241221115659.448716
210733, 1, 20241221115700.448751
210793, 1, 20241221115701.448779
210853, 1, 20241221115702.448812
210913, 1, 20241221115703.448841
210973, 1, 20241221115704.448864
211033, 1, 20241221115705.448909
211093, 1, 20241221115706.448944
211153, 1, 20241221115707.448948
211213, 1, 20241221115708.448985
211273, 1, 20241221115709.449007
211333, 1, 20241221115710.449047
211393, 1, 20241221115711.449068
211453, 1, 20241221115712.449096
211513, 1, 20241221115713.449136
211573, 1, 20241221115714.449155
211633, 1, 20241221115715.449189
211693, 1, 20241221115716.449217
211753, 1, 20241221115717.449239
211813, 1, 20241221115718.449264
211873, 1, 20241221115719.449307
211933, 1, 20241221115720.449346
211993, 1, 20241221115721.449373
212053, 1, 20241221115722.449389
212113, 1, 20241221115723.449419
212173, 1, 20241221115724.449476
212233, 1, 20241221115725.449500
212293, 1, 20241221115726.449508
212353, 1, 20241221115727.449549
212413, 1, 20241221115728.449580
212473, 1, 20241221115729.449595
212533, 1, 20241221115730.449626
212593, 1, 20241221115731.449651
212653, 1, 20241221115732.449681
212713, 1, 20241221115733.449724
212773, 1, 20241221115734.449774
212833, 1, 20241221115735.449793
212893, 1, 20241221115736.449809
212953, 1, 20241221115737.449847
213013, 1, 20241221115738.449871
213073, 1, 20241221115739.449896
213133, 1, 20241221115740.449915
213193, 1, 20241221115741.449960
213253, 1, 20241221115742.449981
213313, 1, 20241221115743.450007
213373, 1, 20241221115744.450064
213433, 1, 20241221115745.450061
213493, 1, 20241221115746.450102
213553, 1, 20241221115747.450124
213613, 1, 20241221115748.450167
213673, 1, 20241221115749.450190
213733, 1, 20241221115750.450213
213793, 1, 20241221115751.450248
213853, 1, 20241221115752.450290
213913, 1, 20241221115753.450300
213973, 1, 20241221115754.450342
214033, 1, 20241221115755.450362
214093, 1, 20241221115756.450393
214153, 1, 20241221115757.450420
214213, 1, 20241221115758.450462
214273, 1, 20241221115759.450486
214333, 1, 20241221115800.450515
214393, 1, 20241221115801.450545
214453, 1, 20241221115802.450573
214513, 1, 20241221115803.450620
214573, 1, 20241221115804.450650
214633, 1, 20241221115805.450670
214693, 1, 20241221115806.450697
214753, 1, 20241221115807.450720
214813, 1, 20241221115808.450742
214873, 1, 20241221115809.450779
