5299, 1, 20241031212345.384246
5301, 1, 20241031212345.417530
5303, 1, 20241031212345.450877
5305, 1, 20241031212345.484249
5307, 1, 20241031212345.517554
5309, 1, 20241031212345.550893
5311, 1, 20241031212345.584259
5313, 1, 20241031212345.617549
5315, 1, 20241031212345.650888
5317, 1, 20241031212345.684279
5319, 1, 20241031212345.717539
5321, 1, 20241031212345.750899
5323, 1, 20241031212345.784276
5325, 1, 20241031212345.817554
5327, 1, 20241031212345.850887
5329, 1, 20241031212345.884280
5331, 1, 20241031212345.917510
5333, 1, 20241031212345.950889
5335, 1, 20241031212345.984282
5337, 1, 20241031212346.017560
5339, 1, 20241031212346.050891
5341, 1, 20241031212346.084289
5343, 1, 20241031212346.117564
5345, 1, 20241031212346.150931
5347, 1, 20241031212346.184290
5349, 1, 20241031212346.217596
5351, 1, 20241031212346.250931
5353, 1, 20241031212346.284305
5355, 1, 20241031212346.317570
5357, 1, 20241031212346.350908
5359, 1, 20241031212346.384295
5361, 1, 20241031212346.417600
5363, 1, 20241031212346.450905
5365, 1, 20241031212346.484282
5367, 1, 20241031212346.517558
5369, 1, 20241031212346.550932
5371, 1, 20241031212346.584296
5373, 1, 20241031212346.617583
5375, 1, 20241031212346.650919
5377, 1, 20241031212346.684307
5379, 1, 20241031212346.717582
5381, 1, 20241031212346.750917
5383, 1, 20241031212346.784310
5385, 1, 20241031212346.817591
5387, 1, 20241031212346.850925
5389, 1, 20241031212346.884320
5391, 1, 20241031212346.917553
5393, 1, 20241031212346.950944
5395, 1, 20241031212346.984282
5397, 1, 20241031212347.017585
5399, 1, 20241031212347.050953
5401, 1, 20241031212347.084315
5403, 1, 20241031212347.117583
5405, 1, 20241031212347.150921
5407, 1, 20241031212347.184331
5409, 1, 20241031212347.217597
5411, 1, 20241031212347.250945
5413, 1, 20241031212347.284331
5415, 1, 20241031212347.317617
5417, 1, 20241031212347.350931
5419, 1, 20241031212347.384344
5421, 1, 20241031212347.417608
5423, 1, 20241031212347.450983
5425, 1, 20241031212347.484347
5427, 1, 20241031212347.517623
5429, 1, 20241031212347.550939
5431, 1, 20241031212347.584343
5433, 1, 20241031212347.617618
5435, 1, 20241031212347.651000
5437, 1, 20241031212347.684355
5439, 1, 20241031212347.717623
5441, 1, 20241031212347.750947
5443, 1, 20241031212347.784346
5445, 1, 20241031212347.817619
5447, 1, 20241031212347.850980
5449, 1, 20241031212347.884339
5451, 1, 20241031212347.917586
5453, 1, 20241031212347.950953
5455, 1, 20241031212347.984368
5457, 1, 20241031212348.017625
5459, 1, 20241031212348.050924
5461, 1, 20241031212348.084332
5463, 1, 20241031212348.117620
5465, 1, 20241031212348.150924
5467, 1, 20241031212348.184348
5469, 1, 20241031212348.217622
5471, 1, 20241031212348.250962
5473, 1, 20241031212348.284368
5475, 1, 20241031212348.317581
5477, 1, 20241031212348.350970
5479, 1, 20241031212348.384380
5481, 1, 20241031212348.417597
5483, 1, 20241031212348.450947
5485, 1, 20241031212348.484359
5487, 1, 20241031212348.517654
5489, 1, 20241031212348.550932
5491, 1, 20241031212348.584382
5493, 1, 20241031212348.617628
5495, 1, 20241031212348.650964
5497, 1, 20241031212348.684366
5499, 1, 20241031212348.717624
5501, 1, 20241031212348.750947
5503, 1, 20241031212348.784384
5505, 1, 20241031212348.817639
5507, 1, 20241031212348.850981
5509, 1, 20241031212348.884380
5511, 1, 20241031212348.917611
5513, 1, 20241031212348.950994
5515, 1, 20241031212348.984388
5517, 1, 20241031212349.017633
5519, 1, 20241031212349.051000
5521, 1, 20241031212349.084388
5523, 1, 20241031212349.117641
5525, 1, 20241031212349.150987
5527, 1, 20241031212349.184369
5529, 1, 20241031212349.217645
5531, 1, 20241031212349.250994
5533, 1, 20241031212349.284368
5535, 1, 20241031212349.317715
5537, 1, 20241031212349.351046
5539, 1, 20241031212349.384381
5541, 1, 20241031212349.417659
5543, 1, 20241031212349.451003
5545, 1, 20241031212349.484388
5547, 1, 20241031212349.517658
5549, 1, 20241031212349.551003
5551, 1, 20241031212349.584399
5553, 1, 20241031212349.617677
5555, 1, 20241031212349.651002
5557, 1, 20241031212349.684384
5559, 1, 20241031212349.717658
5561, 1, 20241031212349.751004
5563, 1, 20241031212349.784384
5565, 1, 20241031212349.817667
5567, 1, 20241031212349.851008
5569, 1, 20241031212349.884412
5571, 1, 20241031212349.917607
5573, 1, 20241031212349.951051
5575, 1, 20241031212349.984414
5577, 1, 20241031212350.017725
5579, 1, 20241031212350.051063
5581, 1, 20241031212350.084419
5583, 1, 20241031212350.117667
5585, 1, 20241031212350.151017
5587, 1, 20241031212350.184395
5589, 1, 20241031212350.217708
5591, 1, 20241031212350.251024
5593, 1, 20241031212350.284431
5595, 1, 20241031212350.317667
5597, 1, 20241031212350.351021
5599, 1, 20241031212350.384393
5601, 1, 20241031212350.417694
5603, 1, 20241031212350.451031
5605, 1, 20241031212350.484424
5607, 1, 20241031212350.517682
5609, 1, 20241031212350.551033
5611, 1, 20241031212350.584416
5613, 1, 20241031212350.617680
5615, 1, 20241031212350.651028
5617, 1, 20241031212350.684431
5619, 1, 20241031212350.717690
5621, 1, 20241031212350.751031
5623, 1, 20241031212350.784421
5625, 1, 20241031212350.817691
5627, 1, 20241031212350.851085
5629, 1, 20241031212350.884427
5631, 1, 20241031212350.917648
5633, 1, 20241031212350.951055
5635, 1, 20241031212350.984427
5637, 1, 20241031212351.017710
5639, 1, 20241031212351.051047
5641, 1, 20241031212351.084423
5643, 1, 20241031212351.117700
5645, 1, 20241031212351.151046
5647, 1, 20241031212351.184453
5649, 1, 20241031212351.217757
5651, 1, 20241031212351.251045
5653, 1, 20241031212351.284457
5655, 1, 20241031212351.317701
5657, 1, 20241031212351.351084
5659, 1, 20241031212351.384448
5661, 1, 20241031212351.417705
5663, 1, 20241031212351.451056
5665, 1, 20241031212351.484422
5667, 1, 20241031212351.517705
5669, 1, 20241031212351.551065
5671, 1, 20241031212351.584444
5673, 1, 20241031212351.617736
5675, 1, 20241031212351.651057
5677, 1, 20241031212351.684470
5679, 1, 20241031212351.717717
5681, 1, 20241031212351.751110
5683, 1, 20241031212351.784456
5685, 1, 20241031212351.817739
5687, 1, 20241031212351.851109
5689, 1, 20241031212351.884495
5691, 1, 20241031212351.917683
5693, 1, 20241031212351.951116
5695, 1, 20241031212351.984467
5697, 1, 20241031212352.017736
5699, 1, 20241031212352.051075
5701, 1, 20241031212352.084472
5703, 1, 20241031212352.117712
5705, 1, 20241031212352.151081
5707, 1, 20241031212352.184467
5709, 1, 20241031212352.217734
5711, 1, 20241031212352.251089
5713, 1, 20241031212352.284493
5715, 1, 20241031212352.317730
5717, 1, 20241031212352.351109
5719, 1, 20241031212352.384484
5721, 1, 20241031212352.417756
5723, 1, 20241031212352.451080
5725, 1, 20241031212352.484496
5727, 1, 20241031212352.517740
5729, 1, 20241031212352.551144
5731, 1, 20241031212352.584472
5733, 1, 20241031212352.617767
5735, 1, 20241031212352.651096
5737, 1, 20241031212352.684505
5739, 1, 20241031212352.717732
5741, 1, 20241031212352.751124
5743, 1, 20241031212352.784500
5745, 1, 20241031212352.817786
5747, 1, 20241031212352.851099
5749, 1, 20241031212352.884530
5751, 1, 20241031212352.917756
5753, 1, 20241031212352.951118
5755, 1, 20241031212352.984499
5757, 1, 20241031212353.017767
5759, 1, 20241031212353.051107
5761, 1, 20241031212353.084506
5763, 1, 20241031212353.117778
5765, 1, 20241031212353.151115
5767, 1, 20241031212353.184510
5769, 1, 20241031212353.217804
5771, 1, 20241031212353.251107
5773, 1, 20241031212353.284529
5775, 1, 20241031212353.317779
5777, 1, 20241031212353.351116
5779, 1, 20241031212353.384486
5781, 1, 20241031212353.417773
5783, 1, 20241031212353.451109
5785, 1, 20241031212353.484535
5787, 1, 20241031212353.517776
5789, 1, 20241031212353.551131
5791, 1, 20241031212353.584510
5793, 1, 20241031212353.617810
5795, 1, 20241031212353.651119
5797, 1, 20241031212353.684515
5799, 1, 20241031212353.717786
5801, 1, 20241031212353.751135
5803, 1, 20241031212353.784514
5805, 1, 20241031212353.817804
5807, 1, 20241031212353.851110
5809, 1, 20241031212353.884524
5811, 1, 20241031212353.917787
5813, 1, 20241031212353.951170
5815, 1, 20241031212353.984534
5817, 1, 20241031212354.017795
5819, 1, 20241031212354.051141
5821, 1, 20241031212354.084524
5823, 1, 20241031212354.117790
5825, 1, 20241031212354.151176
5827, 1, 20241031212354.184521
5829, 1, 20241031212354.217788
5831, 1, 20241031212354.251188
5833, 1, 20241031212354.284549
5835, 1, 20241031212354.317787
5837, 1, 20241031212354.351145
5839, 1, 20241031212354.384553
5841, 1, 20241031212354.417812
5843, 1, 20241031212354.451147
5845, 1, 20241031212354.484541
5847, 1, 20241031212354.517821
5849, 1, 20241031212354.551156
5851, 1, 20241031212354.584541
5853, 1, 20241031212354.617819
5855, 1, 20241031212354.651153
5857, 1, 20241031212354.684556
5859, 1, 20241031212354.717824
5861, 1, 20241031212354.751152
5863, 1, 20241031212354.784545
5865, 1, 20241031212354.817820
5867, 1, 20241031212354.851156
5869, 1, 20241031212354.884544
5871, 1, 20241031212354.917857
5873, 1, 20241031212354.951153
5875, 1, 20241031212354.984549
5877, 1, 20241031212355.017818
5879, 1, 20241031212355.051168
5881, 1, 20241031212355.084545
5883, 1, 20241031212355.117808
5885, 1, 20241031212355.151217
5887, 1, 20241031212355.184570
5889, 1, 20241031212355.217863
5891, 1, 20241031212355.251176
5893, 1, 20241031212355.284583
5895, 1, 20241031212355.317831
5897, 1, 20241031212355.351172
5899, 1, 20241031212355.384567
5901, 1, 20241031212355.417850
5903, 1, 20241031212355.451183
5905, 1, 20241031212355.484576
5907, 1, 20241031212355.517846
5909, 1, 20241031212355.551219
5911, 1, 20241031212355.584541
5913, 1, 20241031212355.617832
5915, 1, 20241031212355.651216
5917, 1, 20241031212355.684570
5919, 1, 20241031212355.717839
5921, 1, 20241031212355.751193
5923, 1, 20241031212355.784571
5925, 1, 20241031212355.817850
5927, 1, 20241031212355.851224
5929, 1, 20241031212355.884587
5931, 1, 20241031212355.917847
5933, 1, 20241031212355.951241
5935, 1, 20241031212355.984589
5937, 1, 20241031212356.017842
5939, 1, 20241031212356.051194
5941, 1, 20241031212356.084577
5943, 1, 20241031212356.117881
5945, 1, 20241031212356.151192
5947, 1, 20241031212356.184602
5949, 1, 20241031212356.217881
5951, 1, 20241031212356.251247
5953, 1, 20241031212356.284606
5955, 1, 20241031212356.317862
5957, 1, 20241031212356.351192
5959, 1, 20241031212356.384594
5961, 1, 20241031212356.417867
5963, 1, 20241031212356.451212
5965, 1, 20241031212356.484601
5967, 1, 20241031212356.517903
5969, 1, 20241031212356.551212
5971, 1, 20241031212356.584590
5973, 1, 20241031212356.617914
5975, 1, 20241031212356.651212
5977, 1, 20241031212356.684595
5979, 1, 20241031212356.717867
5981, 1, 20241031212356.751245
5983, 1, 20241031212356.784632
5985, 1, 20241031212356.817878
5987, 1, 20241031212356.851248
5989, 1, 20241031212356.884617
5991, 1, 20241031212356.917831
5993, 1, 20241031212356.951215
5995, 1, 20241031212356.984615
5997, 1, 20241031212357.017897
5999, 1, 20241031212357.051228
6001, 1, 20241031212357.084625
6003, 1, 20241031212357.117858
6005, 1, 20241031212357.151219
6007, 1, 20241031212357.184613
6009, 1, 20241031212357.217895
6011, 1, 20241031212357.251246
6013, 1, 20241031212357.284626
6015, 1, 20241031212357.317893
6017, 1, 20241031212357.351247
6019, 1, 20241031212357.384624
6021, 1, 20241031212357.417895
6023, 1, 20241031212357.451262
6025, 1, 20241031212357.484633
6027, 1, 20241031212357.517911
6029, 1, 20241031212357.551228
6031, 1, 20241031212357.584648
6033, 1, 20241031212357.617891
6035, 1, 20241031212357.651293
6037, 1, 20241031212357.684636
6039, 1, 20241031212357.717966
6041, 1, 20241031212357.751260
6043, 1, 20241031212357.784634
6045, 1, 20241031212357.817921
6047, 1, 20241031212357.851257
6049, 1, 20241031212357.884622
6051, 1, 20241031212357.917905
6053, 1, 20241031212357.951250
6055, 1, 20241031212357.984649
6057, 1, 20241031212358.017932
6059, 1, 20241031212358.051249
6061, 1, 20241031212358.084646
6063, 1, 20241031212358.117917
6065, 1, 20241031212358.151283
6067, 1, 20241031212358.184655
6069, 1, 20241031212358.217977
6071, 1, 20241031212358.251271
6073, 1, 20241031212358.284658
6075, 1, 20241031212358.317945
6077, 1, 20241031212358.351251
6079, 1, 20241031212358.384680
6081, 1, 20241031212358.417915
6083, 1, 20241031212358.451320
6085, 1, 20241031212358.484654
6087, 1, 20241031212358.518001
6089, 1, 20241031212358.551260
6091, 1, 20241031212358.584681
6093, 1, 20241031212358.617933
6095, 1, 20241031212358.651331
6097, 1, 20241031212358.684678
6099, 1, 20241031212358.717935
6101, 1, 20241031212358.751279
6103, 1, 20241031212358.784681
6105, 1, 20241031212358.817940
6107, 1, 20241031212358.851258
6109, 1, 20241031212358.884666
6111, 1, 20241031212358.917916
6113, 1, 20241031212358.951294
6115, 1, 20241031212358.984678
6117, 1, 20241031212359.017946
6119, 1, 20241031212359.051281
6121, 1, 20241031212359.084676
6123, 1, 20241031212359.117932
6125, 1, 20241031212359.151292
6127, 1, 20241031212359.184670
6129, 1, 20241031212359.218002
6131, 1, 20241031212359.251297
6133, 1, 20241031212359.284691
6135, 1, 20241031212359.317943
6137, 1, 20241031212359.351352
6139, 1, 20241031212359.384686
6141, 1, 20241031212359.417972
6143, 1, 20241031212359.451289
6145, 1, 20241031212359.484684
6147, 1, 20241031212359.517965
6149, 1, 20241031212359.551302
6151, 1, 20241031212359.584683
6153, 1, 20241031212359.617958
6155, 1, 20241031212359.651303
6157, 1, 20241031212359.684690
6159, 1, 20241031212359.717959
6161, 1, 20241031212359.751298
6163, 1, 20241031212359.784691
6165, 1, 20241031212359.817976
6167, 1, 20241031212359.851299
6169, 1, 20241031212359.884706
6171, 1, 20241031212359.917982
6173, 1, 20241031212359.951316
6175, 1, 20241031212359.984702
6177, 1, 20241031212400.017978
6179, 1, 20241031212400.051308
6181, 1, 20241031212400.084700
6183, 1, 20241031212400.117963
6185, 1, 20241031212400.151335
6187, 1, 20241031212400.184698
6189, 1, 20241031212400.217992
6191, 1, 20241031212400.251324
6193, 1, 20241031212400.284719
6195, 1, 20241031212400.317982
6197, 1, 20241031212400.351325
6199, 1, 20241031212400.384702
6201, 1, 20241031212400.418006
6203, 1, 20241031212400.451357
6205, 1, 20241031212400.484709
6207, 1, 20241031212400.517978
6209, 1, 20241031212400.551331
6211, 1, 20241031212400.584697
6213, 1, 20241031212400.617981
6215, 1, 20241031212400.651351
6217, 1, 20241031212400.684720
6219, 1, 20241031212400.717986
6221, 1, 20241031212400.751342
6223, 1, 20241031212400.784724
6225, 1, 20241031212400.818014
6227, 1, 20241031212400.851358
6229, 1, 20241031212400.884716
6231, 1, 20241031212400.917960
6233, 1, 20241031212400.951373
6235, 1, 20241031212400.984737
6237, 1, 20241031212401.018004
6239, 1, 20241031212401.051374
6241, 1, 20241031212401.084729
6243, 1, 20241031212401.117997
6245, 1, 20241031212401.151340
6247, 1, 20241031212401.184740
6249, 1, 20241031212401.218044
6251, 1, 20241031212401.251383
6253, 1, 20241031212401.284742
6255, 1, 20241031212401.318007
6257, 1, 20241031212401.351340
6259, 1, 20241031212401.384749
6261, 1, 20241031212401.418036
6263, 1, 20241031212401.451328
6265, 1, 20241031212401.484737
6267, 1, 20241031212401.517997
6269, 1, 20241031212401.551392
6271, 1, 20241031212401.584736
6273, 1, 20241031212401.618057
6275, 1, 20241031212401.651355
6277, 1, 20241031212401.684755
6279, 1, 20241031212401.717993
6281, 1, 20241031212401.751322
6283, 1, 20241031212401.784744
6285, 1, 20241031212401.817995
6287, 1, 20241031212401.851326
6289, 1, 20241031212401.884742
6291, 1, 20241031212401.917984
6293, 1, 20241031212401.951369
6295, 1, 20241031212401.984747
6297, 1, 20241031212402.018029
6299, 1, 20241031212402.051345
6301, 1, 20241031212402.084772
6303, 1, 20241031212402.117993
6305, 1, 20241031212402.151348
6307, 1, 20241031212402.184766
6309, 1, 20241031212402.218016
6311, 1, 20241031212402.251357
6313, 1, 20241031212402.284797
6315, 1, 20241031212402.318028
6317, 1, 20241031212402.351361
6319, 1, 20241031212402.384783
6321, 1, 20241031212402.418093
6323, 1, 20241031212402.451419
6325, 1, 20241031212402.484779
6327, 1, 20241031212402.518030
6329, 1, 20241031212402.551404
6331, 1, 20241031212402.584753
6333, 1, 20241031212402.618061
6335, 1, 20241031212402.651385
6337, 1, 20241031212402.684787
6339, 1, 20241031212402.718043
6341, 1, 20241031212402.751390
6343, 1, 20241031212402.784787
6345, 1, 20241031212402.818094
6347, 1, 20241031212402.851383
6349, 1, 20241031212402.884784
6351, 1, 20241031212402.918014
6353, 1, 20241031212402.951430
6355, 1, 20241031212402.984781
6357, 1, 20241031212403.018071
6359, 1, 20241031212403.051403
6361, 1, 20241031212403.084811
6363, 1, 20241031212403.118109
6365, 1, 20241031212403.151463
6367, 1, 20241031212403.184792
6369, 1, 20241031212403.218072
6371, 1, 20241031212403.251414
6373, 1, 20241031212403.284825
6375, 1, 20241031212403.318051
6377, 1, 20241031212403.351483
6379, 1, 20241031212403.384814
6381, 1, 20241031212403.418109
6383, 1, 20241031212403.451427
6385, 1, 20241031212403.484818
6387, 1, 20241031212403.518126
6389, 1, 20241031212403.551449
6391, 1, 20241031212403.584825
6393, 1, 20241031212403.618087
6395, 1, 20241031212403.651408
6397, 1, 20241031212403.684817
6399, 1, 20241031212403.718065
6401, 1, 20241031212403.751420
6403, 1, 20241031212403.784822
6405, 1, 20241031212403.818070
6407, 1, 20241031212403.851468
6409, 1, 20241031212403.884819
6411, 1, 20241031212403.918048
6413, 1, 20241031212403.951428
6415, 1, 20241031212403.984823
6417, 1, 20241031212404.018095
6419, 1, 20241031212404.051438
6421, 1, 20241031212404.084827
6423, 1, 20241031212404.118078
6425, 1, 20241031212404.151437
6427, 1, 20241031212404.184827
6429, 1, 20241031212404.218102
6431, 1, 20241031212404.251447
6433, 1, 20241031212404.284845
6435, 1, 20241031212404.318097
6437, 1, 20241031212404.351480
6439, 1, 20241031212404.384826
6441, 1, 20241031212404.418103
6443, 1, 20241031212404.451444
6445, 1, 20241031212404.484841
6447, 1, 20241031212404.518095
6449, 1, 20241031212404.551444
6451, 1, 20241031212404.584825
6453, 1, 20241031212404.618115
6455, 1, 20241031212404.651451
6457, 1, 20241031212404.684849
6459, 1, 20241031212404.718106
6461, 1, 20241031212404.751449
6463, 1, 20241031212404.784840
6465, 1, 20241031212404.818129
6467, 1, 20241031212404.851443
6469, 1, 20241031212404.884849
6471, 1, 20241031212404.918062
6473, 1, 20241031212404.951474
6475, 1, 20241031212404.984850
6477, 1, 20241031212405.018132
