282019, 1, 20250106114056.264559
282079, 1, 20250106114057.264564
282139, 1, 20250106114058.264594
282199, 1, 20250106114059.264632
282259, 1, 20250106114100.264653
282319, 1, 20250106114101.264729
282379, 1, 20250106114102.264794
282439, 1, 20250106114103.264830
282499, 1, 20250106114104.264775
282559, 1, 20250106114105.264802
282619, 1, 20250106114106.264861
282679, 1, 20250106114107.264859
282739, 1, 20250106114108.264868
282799, 1, 20250106114109.264918
282859, 1, 20250106114110.264950
282919, 1, 20250106114111.264983
282979, 1, 20250106114112.265059
283039, 1, 20250106114113.265039
283099, 1, 20250106114114.265115
283159, 1, 20250106114115.265198
283219, 1, 20250106114116.265177
283279, 1, 20250106114117.265156
283339, 1, 20250106114118.265222
283399, 1, 20250106114119.265254
283459, 1, 20250106114120.265201
283519, 1, 20250106114121.265312
283579, 1, 20250106114122.265347
283639, 1, 20250106114123.265419
283699, 1, 20250106114124.265379
283759, 1, 20250106114125.265405
283819, 1, 20250106114126.265420
