37639, 1, 20250110115730.175531
37699, 1, 20250110115731.175568
37759, 1, 20250110115732.175601
37819, 1, 20250110115733.175609
37879, 1, 20250110115734.175710
37939, 1, 20250110115735.175677
37999, 1, 20250110115736.175761
38059, 1, 20250110115737.175739
38119, 1, 20250110115738.175829
38179, 1, 20250110115739.175791
38239, 1, 20250110115740.175826
38299, 1, 20250110115741.175811
38359, 1, 20250110115742.175885
38419, 1, 20250110115743.175973
38479, 1, 20250110115744.175936
38539, 1, 20250110115745.175976
38599, 1, 20250110115746.176007
38659, 1, 20250110115747.176024
38719, 1, 20250110115748.176064
38779, 1, 20250110115749.176079
38839, 1, 20250110115750.176111
38899, 1, 20250110115751.176163
38959, 1, 20250110115752.176172
39019, 1, 20250110115753.176163
39079, 1, 20250110115754.176238
39139, 1, 20250110115755.176322
39199, 1, 20250110115756.176290
39259, 1, 20250110115757.176302
39319, 1, 20250110115758.176336
39379, 1, 20250110115759.176369
39439, 1, 20250110115800.176491
39499, 1, 20250110115801.176433
39559, 1, 20250110115802.176547
39619, 1, 20250110115803.176502
39679, 1, 20250110115804.176517
39739, 1, 20250110115805.176542
39799, 1, 20250110115806.176673
39859, 1, 20250110115807.176587
39919, 1, 20250110115808.176708
39979, 1, 20250110115809.176654
40039, 1, 20250110115810.176683
40099, 1, 20250110115811.176706
40159, 1, 20250110115812.176743
40219, 1, 20250110115813.176781
40279, 1, 20250110115814.176876
40339, 1, 20250110115815.176826
40399, 1, 20250110115816.176841
40459, 1, 20250110115817.176887
40519, 1, 20250110115818.176919
40579, 1, 20250110115819.176950
40639, 1, 20250110115820.176974
40699, 1, 20250110115821.176997
40759, 1, 20250110115822.177032
40819, 1, 20250110115823.177069
40879, 1, 20250110115824.177107
40939, 1, 20250110115825.177149
40999, 1, 20250110115826.177213
41059, 1, 20250110115827.177186
41119, 1, 20250110115828.177216
41179, 1, 20250110115829.177239
41239, 1, 20250110115830.177256
41299, 1, 20250110115831.177295
41359, 1, 20250110115832.177406
41419, 1, 20250110115833.177350
41479, 1, 20250110115834.177506
41539, 1, 20250110115835.177432
41599, 1, 20250110115836.177430
41659, 1, 20250110115837.177475
41719, 1, 20250110115838.177485
41779, 1, 20250110115839.177530
41839, 1, 20250110115840.177529
41899, 1, 20250110115841.177645
41959, 1, 20250110115842.177606
42019, 1, 20250110115843.177707
42079, 1, 20250110115844.177794
42139, 1, 20250110115845.177778
42199, 1, 20250110115846.177721
42259, 1, 20250110115847.177750
42319, 1, 20250110115848.177859
42379, 1, 20250110115849.177809
42439, 1, 20250110115850.177839
42499, 1, 20250110115851.177870
42559, 1, 20250110115852.177894
42619, 1, 20250110115853.177985
42679, 1, 20250110115854.177957
42739, 1, 20250110115855.177987
42799, 1, 20250110115856.178023
42859, 1, 20250110115857.178124
42919, 1, 20250110115858.178075
42979, 1, 20250110115859.178097
43039, 1, 20250110115900.178159
43099, 1, 20250110115901.178195
43159, 1, 20250110115902.178242
43219, 1, 20250110115903.178203
43279, 1, 20250110115904.178336
43339, 1, 20250110115905.178257
43399, 1, 20250110115906.178306
43459, 1, 20250110115907.178338
43519, 1, 20250110115908.178361
43579, 1, 20250110115909.178391
43639, 1, 20250110115910.178503
43699, 1, 20250110115911.178446
43759, 1, 20250110115912.178466
43819, 1, 20250110115913.178540
43879, 1, 20250110115914.178615
43939, 1, 20250110115915.178566
43999, 1, 20250110115916.178596
44059, 1, 20250110115917.178625
44119, 1, 20250110115918.178641
44179, 1, 20250110115919.178750
44239, 1, 20250110115920.178711
44299, 1, 20250110115921.178729
44359, 1, 20250110115922.178804
44419, 1, 20250110115923.178808
44479, 1, 20250110115924.178822
44539, 1, 20250110115925.178877
44599, 1, 20250110115926.178884
44659, 1, 20250110115927.178923
44719, 1, 20250110115928.178939
44779, 1, 20250110115929.179003
44839, 1, 20250110115930.179030
44899, 1, 20250110115931.179069
44959, 1, 20250110115932.179063
45019, 1, 20250110115933.179131
45079, 1, 20250110115934.179186
45139, 1, 20250110115935.179180
45199, 1, 20250110115936.179282
45259, 1, 20250110115937.179198
45319, 1, 20250110115938.179228
45379, 1, 20250110115939.179332
45439, 1, 20250110115940.179325
45499, 1, 20250110115941.179342
45559, 1, 20250110115942.179411
45619, 1, 20250110115943.179446
45679, 1, 20250110115944.179447
45739, 1, 20250110115945.179516
45799, 1, 20250110115946.179534
45859, 1, 20250110115947.179539
45919, 1, 20250110115948.179524
45979, 1, 20250110115949.179601
46039, 1, 20250110115950.179564
46099, 1, 20250110115951.179652
46159, 1, 20250110115952.179697
46219, 1, 20250110115953.179757
46279, 1, 20250110115954.179780
46339, 1, 20250110115955.179783
46399, 1, 20250110115956.179837
46459, 1, 20250110115957.179878
46519, 1, 20250110115958.179896
46579, 1, 20250110115959.179913
46639, 1, 20250110120000.179948
46699, 1, 20250110120001.179970
46759, 1, 20250110120002.180016
46819, 1, 20250110120003.180065
46879, 1, 20250110120004.180089
46939, 1, 20250110120005.180125
46999, 1, 20250110120006.180145
47059, 1, 20250110120007.180179
47119, 1, 20250110120008.180195
47179, 1, 20250110120009.180246
47239, 1, 20250110120010.180273
47299, 1, 20250110120011.180318
47359, 1, 20250110120012.180347
47419, 1, 20250110120013.180356
47479, 1, 20250110120014.180378
47539, 1, 20250110120015.180408
47599, 1, 20250110120016.180440
47659, 1, 20250110120017.180457
47719, 1, 20250110120018.180493
47779, 1, 20250110120019.180526
47839, 1, 20250110120020.180546
47899, 1, 20250110120021.180613
