200559, 1, 20250112081735.221563
200619, 1, 20250112081736.221573
200679, 1, 20250112081737.221609
200739, 1, 20250112081738.221635
200799, 1, 20250112081739.221667
200859, 1, 20250112081740.221710
200919, 1, 20250112081741.221751
200979, 1, 20250112081742.221756
201039, 1, 20250112081743.221779
201099, 1, 20250112081744.221824
201159, 1, 20250112081745.221828
201219, 1, 20250112081746.221873
201279, 1, 20250112081747.221904
201339, 1, 20250112081748.221926
201399, 1, 20250112081749.221956
201459, 1, 20250112081750.222001
201519, 1, 20250112081751.222013
201579, 1, 20250112081752.222048
201639, 1, 20250112081753.222054
201699, 1, 20250112081754.222117
201759, 1, 20250112081755.222140
201819, 1, 20250112081756.222157
201879, 1, 20250112081757.222185
201939, 1, 20250112081758.222235
201999, 1, 20250112081759.222255
202059, 1, 20250112081800.222278
202119, 1, 20250112081801.222316
202179, 1, 20250112081802.222194
202239, 1, 20250112081803.222212
202299, 1, 20250112081804.222264
202359, 1, 20250112081805.222296
202419, 1, 20250112081806.222317
202479, 1, 20250112081807.222354
202539, 1, 20250112081808.222377
202599, 1, 20250112081809.222423
202659, 1, 20250112081810.222449
202719, 1, 20250112081811.222460
202779, 1, 20250112081812.222493
202839, 1, 20250112081813.222515
202899, 1, 20250112081814.222541
202959, 1, 20250112081815.222578
203019, 1, 20250112081816.222603
203079, 1, 20250112081817.222765
203139, 1, 20250112081818.222807
203199, 1, 20250112081819.222852
