155839, 1, 20250112160536.095294
155899, 1, 20250112160537.095304
155959, 1, 20250112160538.095326
156019, 1, 20250112160539.095372
156079, 1, 20250112160540.095380
156139, 1, 20250112160541.095453
156199, 1, 20250112160542.095453
156259, 1, 20250112160543.095484
156319, 1, 20250112160544.095510
156379, 1, 20250112160545.095554
156439, 1, 20250112160546.095572
156499, 1, 20250112160547.095601
156559, 1, 20250112160548.095630
156619, 1, 20250112160549.095668
156679, 1, 20250112160550.095702
156739, 1, 20250112160551.095730
156799, 1, 20250112160552.095730
156859, 1, 20250112160553.095768
156919, 1, 20250112160554.095814
156979, 1, 20250112160555.095819
157039, 1, 20250112160556.095859
157099, 1, 20250112160557.095889
157159, 1, 20250112160558.095910
157219, 1, 20250112160559.095956
157279, 1, 20250112160600.096009
157339, 1, 20250112160601.096015
157399, 1, 20250112160602.096034
157459, 1, 20250112160603.096080
157519, 1, 20250112160604.096094
157579, 1, 20250112160605.096128
157639, 1, 20250112160606.096151
157699, 1, 20250112160607.096193
157759, 1, 20250112160608.096215
157819, 1, 20250112160609.096250
157879, 1, 20250112160610.096267
157939, 1, 20250112160611.096316
157999, 1, 20250112160612.096329
158059, 1, 20250112160613.096348
158119, 1, 20250112160614.096374
158179, 1, 20250112160615.096424
158239, 1, 20250112160616.096432
158299, 1, 20250112160617.096477
158359, 1, 20250112160618.096499
158419, 1, 20250112160619.096558
158479, 1, 20250112160620.096579
158539, 1, 20250112160621.096595
158599, 1, 20250112160622.096625
158659, 1, 20250112160623.096730
158719, 1, 20250112160624.096657
158779, 1, 20250112160625.096708
158839, 1, 20250112160626.096730
