183033, 1, 20241223155709.202477
183093, 1, 20241223155710.202526
183153, 1, 20241223155711.202539
183213, 1, 20241223155712.202567
183273, 1, 20241223155713.202601
183333, 1, 20241223155714.202639
183393, 1, 20241223155715.202658
183453, 1, 20241223155716.202688
183513, 1, 20241223155717.202739
183573, 1, 20241223155718.202776
183633, 1, 20241223155719.202789
183693, 1, 20241223155720.202806
183753, 1, 20241223155721.202832
183813, 1, 20241223155722.202857
183873, 1, 20241223155723.202888
183933, 1, 20241223155724.202925
183993, 1, 20241223155725.202958
184053, 1, 20241223155726.202979
184113, 1, 20241223155727.203033
184173, 1, 20241223155728.203053
184233, 1, 20241223155729.203080
184293, 1, 20241223155730.203098
184353, 1, 20241223155731.203129
184413, 1, 20241223155732.203159
184473, 1, 20241223155733.203186
184533, 1, 20241223155734.203213
184593, 1, 20241223155735.203264
184653, 1, 20241223155736.203297
184713, 1, 20241223155737.203324
184773, 1, 20241223155738.203331
184833, 1, 20241223155739.203373
184893, 1, 20241223155740.203397
184953, 1, 20241223155741.203430
185013, 1, 20241223155742.203458
185073, 1, 20241223155743.203490
185133, 1, 20241223155744.203512
185193, 1, 20241223155745.203552
185253, 1, 20241223155746.203574
185313, 1, 20241223155747.203609
185373, 1, 20241223155748.203636
185433, 1, 20241223155749.203672
185493, 1, 20241223155750.203697
185553, 1, 20241223155751.203727
185613, 1, 20241223155752.203763
185673, 1, 20241223155753.203795
185733, 1, 20241223155754.203794
185793, 1, 20241223155755.203845
185853, 1, 20241223155756.203887
185913, 1, 20241223155757.203921
185973, 1, 20241223155758.203913
186033, 1, 20241223155759.203953
186093, 1, 20241223155800.203974
186153, 1, 20241223155801.204029
186213, 1, 20241223155802.204035
186273, 1, 20241223155803.204052
186333, 1, 20241223155804.204090
186393, 1, 20241223155805.204119
186453, 1, 20241223155806.204161
186513, 1, 20241223155807.204188
186573, 1, 20241223155808.204203
186633, 1, 20241223155809.204230
186693, 1, 20241223155810.204258
186753, 1, 20241223155811.204294
186813, 1, 20241223155812.204318
186873, 1, 20241223155813.204340
186933, 1, 20241223155814.204369
186993, 1, 20241223155815.204390
187053, 1, 20241223155816.204422
187113, 1, 20241223155817.204466
187173, 1, 20241223155818.204488
187233, 1, 20241223155819.204509
187293, 1, 20241223155820.204547
187353, 1, 20241223155821.204572
187413, 1, 20241223155822.204601
187473, 1, 20241223155823.204633
187533, 1, 20241223155824.204657
187593, 1, 20241223155825.204705
187653, 1, 20241223155826.204734
187713, 1, 20241223155827.204734
187773, 1, 20241223155828.204779
187833, 1, 20241223155829.204804
187893, 1, 20241223155830.204832
187953, 1, 20241223155831.204862
188013, 1, 20241223155832.204899
188073, 1, 20241223155833.204896
188133, 1, 20241223155834.204943
188193, 1, 20241223155835.205004
188253, 1, 20241223155836.205033
188313, 1, 20241223155837.205077
188373, 1, 20241223155838.205056
188433, 1, 20241223155839.205085
188493, 1, 20241223155840.205116
188553, 1, 20241223155841.205140
188613, 1, 20241223155842.205168
188673, 1, 20241223155843.205185
188733, 1, 20241223155844.205216
188793, 1, 20241223155845.205272
188853, 1, 20241223155846.205285
188913, 1, 20241223155847.205303
188973, 1, 20241223155848.205338
189033, 1, 20241223155849.205359
189093, 1, 20241223155850.205388
189153, 1, 20241223155851.205419
189213, 1, 20241223155852.205437
189273, 1, 20241223155853.205467
189333, 1, 20241223155854.205568
189393, 1, 20241223155855.205529
189453, 1, 20241223155856.205560
189513, 1, 20241223155857.205588
189573, 1, 20241223155858.205614
189633, 1, 20241223155859.205645
189693, 1, 20241223155900.205678
189753, 1, 20241223155901.205743
189813, 1, 20241223155902.205756
189873, 1, 20241223155903.205797
189933, 1, 20241223155904.205816
189993, 1, 20241223155905.205859
190053, 1, 20241223155906.205861
190113, 1, 20241223155907.205945
190173, 1, 20241223155908.205945
190233, 1, 20241223155909.205969
190293, 1, 20241223155910.206001
190353, 1, 20241223155911.206059
190413, 1, 20241223155912.206080
190473, 1, 20241223155913.206067
190533, 1, 20241223155914.206160
190593, 1, 20241223155915.206170
190653, 1, 20241223155916.206164
190713, 1, 20241223155917.206202
190773, 1, 20241223155918.206228
190833, 1, 20241223155919.206244
190893, 1, 20241223155920.206306
190953, 1, 20241223155921.206320
191013, 1, 20241223155922.206358
191073, 1, 20241223155923.206382
191133, 1, 20241223155924.206445
191193, 1, 20241223155925.206473
191253, 1, 20241223155926.206497
191313, 1, 20241223155927.206510
191373, 1, 20241223155928.206543
191433, 1, 20241223155929.206619
191493, 1, 20241223155930.206612
191553, 1, 20241223155931.206638
191613, 1, 20241223155932.206702
191673, 1, 20241223155933.206705
191733, 1, 20241223155934.206729
191793, 1, 20241223155935.206747
191853, 1, 20241223155936.206795
191913, 1, 20241223155937.206808
191973, 1, 20241223155938.206889
192033, 1, 20241223155939.206676
192093, 1, 20241223155940.206695
192153, 1, 20241223155941.206743
192213, 1, 20241223155942.206758
192273, 1, 20241223155943.206796
192333, 1, 20241223155944.206834
192393, 1, 20241223155945.206849
192453, 1, 20241223155946.206887
192513, 1, 20241223155947.206912
192573, 1, 20241223155948.206928
192633, 1, 20241223155949.206953
192693, 1, 20241223155950.206999
192753, 1, 20241223155951.207026
192813, 1, 20241223155952.207045
192873, 1, 20241223155953.207102
192933, 1, 20241223155954.207117
192993, 1, 20241223155955.207140
193053, 1, 20241223155956.207179
193113, 1, 20241223155957.207204
193173, 1, 20241223155958.207216
193233, 1, 20241223155959.207376
193293, 1, 20241223160000.207428
193353, 1, 20241223160001.207441
193413, 1, 20241223160002.207464
193473, 1, 20241223160003.207494
193533, 1, 20241223160004.207528
193593, 1, 20241223160005.207550
193653, 1, 20241223160006.207595
193713, 1, 20241223160007.207617
