34167, 1, 20241226184847.553099
34227, 1, 20241226184848.553123
34287, 1, 20241226184849.553138
34347, 1, 20241226184850.553199
34407, 1, 20241226184851.553359
34467, 1, 20241226184852.553380
34527, 1, 20241226184853.553409
34587, 1, 20241226184854.553436
34647, 1, 20241226184855.553472
34707, 1, 20241226184856.553497
34767, 1, 20241226184857.553528
34827, 1, 20241226184858.553554
34887, 1, 20241226184859.553587
34947, 1, 20241226184900.553617
35007, 1, 20241226184901.553657
35067, 1, 20241226184902.553675
35127, 1, 20241226184903.553698
35187, 1, 20241226184904.553740
35247, 1, 20241226184905.553738
35307, 1, 20241226184906.553796
