250185, 1, 20250112212302.914052
250245, 1, 20250112212303.914082
250305, 1, 20250112212304.914104
250365, 1, 20250112212305.914149
250425, 1, 20250112212306.914166
250485, 1, 20250112212307.914206
250545, 1, 20250112212308.914222
250605, 1, 20250112212309.914259
250665, 1, 20250112212310.914290
250725, 1, 20250112212311.914326
250785, 1, 20250112212312.914341
250845, 1, 20250112212313.914403
250905, 1, 20250112212314.914416
250965, 1, 20250112212315.914437
251025, 1, 20250112212316.914455
251085, 1, 20250112212317.914493
251145, 1, 20250112212318.914510
251205, 1, 20250112212319.914424
251265, 1, 20250112212320.914572
251325, 1, 20250112212321.914618
251385, 1, 20250112212322.914632
251445, 1, 20250112212323.914686
251505, 1, 20250112212324.914715
251565, 1, 20250112212325.914726
251625, 1, 20250112212326.914748
251685, 1, 20250112212327.914788
251745, 1, 20250112212328.914816
251805, 1, 20250112212329.914843
251865, 1, 20250112212330.914881
251925, 1, 20250112212331.914904
251985, 1, 20250112212332.914930
252045, 1, 20250112212333.914977
252105, 1, 20250112212334.914993
252165, 1, 20250112212335.915028
252225, 1, 20250112212336.915034
252285, 1, 20250112212337.915077
252345, 1, 20250112212338.915102
252405, 1, 20250112212339.915137
252465, 1, 20250112212340.915168
252525, 1, 20250112212341.915196
252585, 1, 20250112212342.915234
252645, 1, 20250112212343.915271
252705, 1, 20250112212344.915271
