899741, 1, 20250116115413.435507
899801, 1, 20250116115414.435534
899861, 1, 20250116115415.435558
899921, 1, 20250116115416.435597
899981, 1, 20250116115417.435628
900041, 1, 20250116115418.435652
900101, 1, 20250116115419.435556
900161, 1, 20250116115420.435580
900221, 1, 20250116115421.435607
900281, 1, 20250116115422.435642
900341, 1, 20250116115423.435662
900401, 1, 20250116115424.435708
900461, 1, 20250116115425.435756
900521, 1, 20250116115426.435756
900581, 1, 20250116115427.435777
900641, 1, 20250116115428.435816
900701, 1, 20250116115429.435848
900761, 1, 20250116115430.435883
900821, 1, 20250116115431.435909
900881, 1, 20250116115432.435939
900941, 1, 20250116115433.435968
901001, 1, 20250116115434.436007
901061, 1, 20250116115435.436034
901121, 1, 20250116115436.436058
901181, 1, 20250116115437.436086
901241, 1, 20250116115438.436111
901301, 1, 20250116115439.436147
901361, 1, 20250116115440.436169
901421, 1, 20250116115441.436211
901481, 1, 20250116115442.436225
901541, 1, 20250116115443.436261
901601, 1, 20250116115444.436291
901661, 1, 20250116115445.436319
901721, 1, 20250116115446.436339
901781, 1, 20250116115447.436381
901841, 1, 20250116115448.436409
901901, 1, 20250116115449.436435
901961, 1, 20250116115450.436461
902021, 1, 20250116115451.436492
902081, 1, 20250116115452.436523
902141, 1, 20250116115453.436569
902201, 1, 20250116115454.436600
902261, 1, 20250116115455.436615
902321, 1, 20250116115456.436644
902381, 1, 20250116115457.436673
902441, 1, 20250116115458.436702
902501, 1, 20250116115459.436732
902561, 1, 20250116115500.436754
902621, 1, 20250116115501.436779
902681, 1, 20250116115502.436808
902741, 1, 20250116115503.436850
902801, 1, 20250116115504.436882
902861, 1, 20250116115505.436901
902921, 1, 20250116115506.436924
902981, 1, 20250116115507.436961
903041, 1, 20250116115508.436990
903101, 1, 20250116115509.437012
903161, 1, 20250116115510.437037
903221, 1, 20250116115511.437075
903281, 1, 20250116115512.437108
903341, 1, 20250116115513.437165
903401, 1, 20250116115514.437164
903461, 1, 20250116115515.437193
903521, 1, 20250116115516.437225
903581, 1, 20250116115517.437249
903641, 1, 20250116115518.437280
903701, 1, 20250116115519.437319
903761, 1, 20250116115520.437340
903821, 1, 20250116115521.437366
903881, 1, 20250116115522.437393
903941, 1, 20250116115523.437427
904001, 1, 20250116115524.437453
904061, 1, 20250116115525.437469
904121, 1, 20250116115526.437508
904181, 1, 20250116115527.437544
904241, 1, 20250116115528.437572
904301, 1, 20250116115529.437603
904361, 1, 20250116115530.437624
904421, 1, 20250116115531.437648
904481, 1, 20250116115532.437693
904541, 1, 20250116115533.437745
904601, 1, 20250116115534.437748
904661, 1, 20250116115535.437769
904721, 1, 20250116115536.437818
904781, 1, 20250116115537.437832
904841, 1, 20250116115538.437851
904901, 1, 20250116115539.437896
904961, 1, 20250116115540.437926
905021, 1, 20250116115541.437940
905081, 1, 20250116115542.437985
905141, 1, 20250116115543.438030
905201, 1, 20250116115544.438027
905261, 1, 20250116115545.438067
905321, 1, 20250116115546.438093
905381, 1, 20250116115547.438116
905441, 1, 20250116115548.438155
905501, 1, 20250116115549.438183
905561, 1, 20250116115550.438196
905621, 1, 20250116115551.438244
905681, 1, 20250116115552.438272
905741, 1, 20250116115553.438297
905801, 1, 20250116115554.438324
905861, 1, 20250116115555.438361
905921, 1, 20250116115556.438377
905981, 1, 20250116115557.438415
906041, 1, 20250116115558.438437
906101, 1, 20250116115559.438473
906161, 1, 20250116115600.438507
906221, 1, 20250116115601.438541
906281, 1, 20250116115602.438575
906341, 1, 20250116115603.438589
906401, 1, 20250116115604.438605
906461, 1, 20250116115605.438659
906521, 1, 20250116115606.438656
906581, 1, 20250116115607.438692
906641, 1, 20250116115608.438725
906701, 1, 20250116115609.438756
906761, 1, 20250116115610.438774
906821, 1, 20250116115611.438817
906881, 1, 20250116115612.438846
906941, 1, 20250116115613.438865
907001, 1, 20250116115614.438888
907061, 1, 20250116115615.438910
907121, 1, 20250116115616.438960
907181, 1, 20250116115617.439117
907241, 1, 20250116115618.439131
907301, 1, 20250116115619.439152
