400643, 1, 20250106183516.761893
400703, 1, 20250106183517.761931
400763, 1, 20250106183518.761957
400823, 1, 20250106183519.761976
400883, 1, 20250106183520.762022
400943, 1, 20250106183521.762032
401003, 1, 20250106183522.762077
401063, 1, 20250106183523.762099
401123, 1, 20250106183524.762136
401183, 1, 20250106183525.762168
401243, 1, 20250106183526.762201
401303, 1, 20250106183527.762216
401363, 1, 20250106183528.762257
401423, 1, 20250106183529.762281
401483, 1, 20250106183530.762326
401543, 1, 20250106183531.762343
401603, 1, 20250106183532.762386
401663, 1, 20250106183533.762393
401723, 1, 20250106183534.762432
401783, 1, 20250106183535.762492
401843, 1, 20250106183536.762504
401903, 1, 20250106183537.762502
401963, 1, 20250106183538.762547
402023, 1, 20250106183539.762567
402083, 1, 20250106183540.762614
402143, 1, 20250106183541.762646
402203, 1, 20250106183542.762674
402263, 1, 20250106183543.762699
402323, 1, 20250106183544.762726
402383, 1, 20250106183545.762775
402443, 1, 20250106183546.762803
402503, 1, 20250106183547.762825
402563, 1, 20250106183548.762851
402623, 1, 20250106183549.762886
402683, 1, 20250106183550.762913
402743, 1, 20250106183551.762934
402803, 1, 20250106183552.762964
402863, 1, 20250106183553.763001
402923, 1, 20250106183554.763031
402983, 1, 20250106183555.763056
403043, 1, 20250106183556.763096
403103, 1, 20250106183557.763126
403163, 1, 20250106183558.763144
403223, 1, 20250106183559.763181
403283, 1, 20250106183600.763212
403343, 1, 20250106183601.763250
403403, 1, 20250106183602.763278
403463, 1, 20250106183603.763296
403523, 1, 20250106183604.763341
403583, 1, 20250106183605.763372
403643, 1, 20250106183606.763382
403703, 1, 20250106183607.763420
403763, 1, 20250106183608.763448
403823, 1, 20250106183609.763476
403883, 1, 20250106183610.763510
403943, 1, 20250106183611.763525
404003, 1, 20250106183612.763569
404063, 1, 20250106183613.763598
404123, 1, 20250106183614.763645
404183, 1, 20250106183615.763677
404243, 1, 20250106183616.763683
404303, 1, 20250106183617.763716
404363, 1, 20250106183618.763751
404423, 1, 20250106183619.763778
404483, 1, 20250106183620.763806
404543, 1, 20250106183621.763838
404603, 1, 20250106183622.763865
404663, 1, 20250106183623.763895
404723, 1, 20250106183624.763947
404783, 1, 20250106183625.763945
404843, 1, 20250106183626.763981
404903, 1, 20250106183627.764004
404963, 1, 20250106183628.764044
405023, 1, 20250106183629.764073
405083, 1, 20250106183630.764098
405143, 1, 20250106183631.764122
405203, 1, 20250106183632.764158
405263, 1, 20250106183633.764188
405323, 1, 20250106183634.764225
405383, 1, 20250106183635.764251
405443, 1, 20250106183636.764278
405503, 1, 20250106183637.764320
405563, 1, 20250106183638.764338
405623, 1, 20250106183639.764377
405683, 1, 20250106183640.764393
405743, 1, 20250106183641.764432
405803, 1, 20250106183642.764456
405863, 1, 20250106183643.764511
405923, 1, 20250106183644.764540
405983, 1, 20250106183645.764545
406043, 1, 20250106183646.764573
406103, 1, 20250106183647.764608
406163, 1, 20250106183648.764643
406223, 1, 20250106183649.764678
406283, 1, 20250106183650.764698
406343, 1, 20250106183651.764709
406403, 1, 20250106183652.764754
406463, 1, 20250106183653.764812
406523, 1, 20250106183654.764841
406583, 1, 20250106183655.764830
406643, 1, 20250106183656.764879
406703, 1, 20250106183657.764903
406763, 1, 20250106183658.764930
406823, 1, 20250106183659.764954
406883, 1, 20250106183700.764992
406943, 1, 20250106183701.765022
407003, 1, 20250106183702.765063
407063, 1, 20250106183703.765096
407123, 1, 20250106183704.765108
407183, 1, 20250106183705.765139
407243, 1, 20250106183706.765172
407303, 1, 20250106183707.765188
407363, 1, 20250106183708.765227
407423, 1, 20250106183709.765257
407483, 1, 20250106183710.765281
407543, 1, 20250106183711.765316
407603, 1, 20250106183712.765342
407663, 1, 20250106183713.765379
407723, 1, 20250106183714.765389
407783, 1, 20250106183715.765434
407843, 1, 20250106183716.765462
407903, 1, 20250106183717.765486
407963, 1, 20250106183718.765524
408023, 1, 20250106183719.765554
408083, 1, 20250106183720.765577
408143, 1, 20250106183721.765598
408203, 1, 20250106183722.765651
408263, 1, 20250106183723.765691
408323, 1, 20250106183724.765698
408383, 1, 20250106183725.765733
408443, 1, 20250106183726.765757
408503, 1, 20250106183727.765800
408563, 1, 20250106183728.765821
408623, 1, 20250106183729.765847
408683, 1, 20250106183730.765873
408743, 1, 20250106183731.765899
408803, 1, 20250106183732.765954
408863, 1, 20250106183733.765984
408923, 1, 20250106183734.765990
408983, 1, 20250106183735.766022
409043, 1, 20250106183736.766042
409103, 1, 20250106183737.766086
409163, 1, 20250106183738.766105
409223, 1, 20250106183739.766144
409283, 1, 20250106183740.766174
409343, 1, 20250106183741.766200
409403, 1, 20250106183742.766235
409463, 1, 20250106183743.766257
409523, 1, 20250106183744.766289
409583, 1, 20250106183745.766316
409643, 1, 20250106183746.766344
409703, 1, 20250106183747.766391
409763, 1, 20250106183748.766390
409823, 1, 20250106183749.766429
409883, 1, 20250106183750.766458
409943, 1, 20250106183751.766514
410003, 1, 20250106183752.766544
410063, 1, 20250106183753.766556
410123, 1, 20250106183754.766583
410183, 1, 20250106183755.766609
410243, 1, 20250106183756.766635
410303, 1, 20250106183757.766657
410363, 1, 20250106183758.766708
410423, 1, 20250106183759.766717
410483, 1, 20250106183800.766755
410543, 1, 20250106183801.766804
410603, 1, 20250106183802.766823
410663, 1, 20250106183803.766839
410723, 1, 20250106183804.766885
410783, 1, 20250106183805.766912
410843, 1, 20250106183806.766935
410903, 1, 20250106183807.766955
410963, 1, 20250106183808.767007
411023, 1, 20250106183809.767014
411083, 1, 20250106183810.767052
411143, 1, 20250106183811.767104
411203, 1, 20250106183812.767113
411263, 1, 20250106183813.767141
411323, 1, 20250106183814.767177
