213151, 1, 20250112082105.096091
213211, 1, 20250112082106.096014
213271, 1, 20250112082107.096119
213331, 1, 20250112082108.096144
213391, 1, 20250112082109.096184
213451, 1, 20250112082110.096212
213511, 1, 20250112082111.096267
213571, 1, 20250112082112.096285
213631, 1, 20250112082113.096310
213691, 1, 20250112082114.096345
213751, 1, 20250112082115.096382
213811, 1, 20250112082116.096403
213871, 1, 20250112082117.096438
213931, 1, 20250112082118.096466
213991, 1, 20250112082119.096487
214051, 1, 20250112082120.096515
214111, 1, 20250112082121.096544
214171, 1, 20250112082122.096580
214231, 1, 20250112082123.096637
214291, 1, 20250112082124.096651
214351, 1, 20250112082125.096656
214411, 1, 20250112082126.096698
214471, 1, 20250112082127.096712
214531, 1, 20250112082128.096739
214591, 1, 20250112082129.096781
214651, 1, 20250112082130.096801
214711, 1, 20250112082131.096827
214771, 1, 20250112082132.096869
214831, 1, 20250112082133.096920
214891, 1, 20250112082134.096934
214951, 1, 20250112082135.096952
215011, 1, 20250112082136.096977
215071, 1, 20250112082137.097016
215131, 1, 20250112082138.097039
215191, 1, 20250112082139.097065
215251, 1, 20250112082140.097105
215311, 1, 20250112082141.097131
215371, 1, 20250112082142.097153
215431, 1, 20250112082143.097198
215491, 1, 20250112082144.097210
215551, 1, 20250112082145.097229
