376393, 1, 20241220172254.905427
376453, 1, 20241220172255.905438
376513, 1, 20241220172256.905474
376573, 1, 20241220172257.905510
376633, 1, 20241220172258.905540
376693, 1, 20241220172259.905561
376753, 1, 20241220172300.905615
376813, 1, 20241220172301.905626
376873, 1, 20241220172302.905664
376933, 1, 20241220172303.905670
376993, 1, 20241220172304.905705
377053, 1, 20241220172305.905738
377113, 1, 20241220172306.905769
377173, 1, 20241220172307.905787
377233, 1, 20241220172308.905842
377293, 1, 20241220172309.905993
377353, 1, 20241220172310.906033
377413, 1, 20241220172311.905918
377473, 1, 20241220172312.905946
377533, 1, 20241220172313.905975
377593, 1, 20241220172314.906007
377653, 1, 20241220172315.906024
377713, 1, 20241220172316.906056
377773, 1, 20241220172317.906095
377833, 1, 20241220172318.906141
377893, 1, 20241220172319.906142
377953, 1, 20241220172320.906203
378013, 1, 20241220172321.906217
378073, 1, 20241220172322.906245
378133, 1, 20241220172323.906269
378193, 1, 20241220172324.906304
378253, 1, 20241220172325.906331
378313, 1, 20241220172326.906351
378373, 1, 20241220172327.906383
378433, 1, 20241220172328.906411
378493, 1, 20241220172329.906429
378553, 1, 20241220172330.906488
378613, 1, 20241220172331.906521
378673, 1, 20241220172332.906526
378733, 1, 20241220172333.906536
378793, 1, 20241220172334.906599
378853, 1, 20241220172335.906616
378913, 1, 20241220172336.906635
378973, 1, 20241220172337.906672
379033, 1, 20241220172338.906701
379093, 1, 20241220172339.906729
379153, 1, 20241220172340.906758
379213, 1, 20241220172341.906793
379273, 1, 20241220172342.906814
379333, 1, 20241220172343.906838
379393, 1, 20241220172344.906871
379453, 1, 20241220172345.906903
379513, 1, 20241220172346.906941
379573, 1, 20241220172347.906956
379633, 1, 20241220172348.906995
379693, 1, 20241220172349.907036
379753, 1, 20241220172350.907071
379813, 1, 20241220172351.907081
379873, 1, 20241220172352.907109
379933, 1, 20241220172353.907138
379993, 1, 20241220172354.907162
380053, 1, 20241220172355.907196
380113, 1, 20241220172356.907222
380173, 1, 20241220172357.907255
380233, 1, 20241220172358.907279
380293, 1, 20241220172359.907325
380353, 1, 20241220172400.907363
380413, 1, 20241220172401.907360
380473, 1, 20241220172402.907396
380533, 1, 20241220172403.907430
380593, 1, 20241220172404.907453
380653, 1, 20241220172405.907488
380713, 1, 20241220172406.907510
380773, 1, 20241220172407.907536
380833, 1, 20241220172408.907710
380893, 1, 20241220172409.907751
380953, 1, 20241220172410.907628
381013, 1, 20241220172411.907656
381073, 1, 20241220172412.907684
381133, 1, 20241220172413.907825
381193, 1, 20241220172414.907742
381253, 1, 20241220172415.907776
381313, 1, 20241220172416.907790
381373, 1, 20241220172417.907819
381433, 1, 20241220172418.907852
381493, 1, 20241220172419.907890
381553, 1, 20241220172420.907921
381613, 1, 20241220172421.907948
381673, 1, 20241220172422.907970
381733, 1, 20241220172423.907995
381793, 1, 20241220172424.908043
381853, 1, 20241220172425.908060
381913, 1, 20241220172426.908092
381973, 1, 20241220172427.908116
382033, 1, 20241220172428.908168
382093, 1, 20241220172429.908199
382153, 1, 20241220172430.908209
382213, 1, 20241220172431.908227
382273, 1, 20241220172432.908260
382333, 1, 20241220172433.908303
382393, 1, 20241220172434.908322
382453, 1, 20241220172435.908344
382513, 1, 20241220172436.908369
382573, 1, 20241220172437.908404
382633, 1, 20241220172438.908442
382693, 1, 20241220172439.908488
382753, 1, 20241220172440.908502
382813, 1, 20241220172441.908518
382873, 1, 20241220172442.908546
382933, 1, 20241220172443.908591
382993, 1, 20241220172444.908615
383053, 1, 20241220172445.908634
383113, 1, 20241220172446.908668
383173, 1, 20241220172447.908704
383233, 1, 20241220172448.908744
383293, 1, 20241220172449.908749
383353, 1, 20241220172450.908793
383413, 1, 20241220172451.908817
383473, 1, 20241220172452.908838
383533, 1, 20241220172453.908860
383593, 1, 20241220172454.908900
383653, 1, 20241220172455.908929
383713, 1, 20241220172456.908960
383773, 1, 20241220172457.908990
383833, 1, 20241220172458.909015
383893, 1, 20241220172459.909048
383953, 1, 20241220172500.909175
384013, 1, 20241220172501.909099
384073, 1, 20241220172502.909143
384133, 1, 20241220172503.909154
384193, 1, 20241220172504.909181
384253, 1, 20241220172505.909214
384313, 1, 20241220172506.909259
384373, 1, 20241220172507.909296
384433, 1, 20241220172508.909339
384493, 1, 20241220172509.909342
384553, 1, 20241220172510.909369
384613, 1, 20241220172511.909399
