9937, 1, 20250115111143.162960
9997, 1, 20250115111144.162985
10057, 1, 20250115111145.163033
10117, 1, 20250115111146.163062
10177, 1, 20250115111147.163070
10237, 1, 20250115111148.163092
10297, 1, 20250115111149.163142
10357, 1, 20250115111150.163161
10417, 1, 20250115111151.163190
10477, 1, 20250115111152.163224
10537, 1, 20250115111153.163255
10597, 1, 20250115111154.163278
10657, 1, 20250115111155.163328
10717, 1, 20250115111156.163348
10777, 1, 20250115111157.163367
10837, 1, 20250115111158.163394
10897, 1, 20250115111159.163422
10957, 1, 20250115111200.163463
11017, 1, 20250115111201.163484
11077, 1, 20250115111202.163510
11137, 1, 20250115111203.163526
11197, 1, 20250115111204.163570
11257, 1, 20250115111205.163614
11317, 1, 20250115111206.163634
11377, 1, 20250115111207.163662
11437, 1, 20250115111208.163693
11497, 1, 20250115111209.163721
11557, 1, 20250115111210.163744
11617, 1, 20250115111211.163785
11677, 1, 20250115111212.163815
11737, 1, 20250115111213.163836
11797, 1, 20250115111214.163858
11857, 1, 20250115111215.163894
11917, 1, 20250115111216.163919
11977, 1, 20250115111217.163948
