258369, 1, 20241224110825.115943
258429, 1, 20241224110826.115982
258489, 1, 20241224110827.116009
258549, 1, 20241224110828.116045
258609, 1, 20241224110829.116075
258669, 1, 20241224110830.116116
258729, 1, 20241224110831.116152
258789, 1, 20241224110832.116166
258849, 1, 20241224110833.116183
258909, 1, 20241224110834.116218
258969, 1, 20241224110835.116251
259029, 1, 20241224110836.116281
259089, 1, 20241224110837.116305
259149, 1, 20241224110838.116332
259209, 1, 20241224110839.116355
259269, 1, 20241224110840.116406
259329, 1, 20241224110841.116440
259389, 1, 20241224110842.116455
259449, 1, 20241224110843.116483
259509, 1, 20241224110844.116514
259569, 1, 20241224110845.116537
259629, 1, 20241224110846.116564
259689, 1, 20241224110847.116594
259749, 1, 20241224110848.116633
259809, 1, 20241224110849.116666
259869, 1, 20241224110850.116701
259929, 1, 20241224110851.116700
259989, 1, 20241224110852.116743
260049, 1, 20241224110853.116759
260109, 1, 20241224110854.116803
260169, 1, 20241224110855.116820
260229, 1, 20241224110856.116854
260289, 1, 20241224110857.116882
260349, 1, 20241224110858.116913
260409, 1, 20241224110859.116934
260469, 1, 20241224110900.116988
260529, 1, 20241224110901.116996
260589, 1, 20241224110902.117017
260649, 1, 20241224110903.117047
260709, 1, 20241224110904.117076
260769, 1, 20241224110905.117115
260829, 1, 20241224110906.117139
260889, 1, 20241224110907.117170
260949, 1, 20241224110908.117198
261009, 1, 20241224110909.117252
261069, 1, 20241224110910.117273
261129, 1, 20241224110911.117292
261189, 1, 20241224110912.117317
261249, 1, 20241224110913.117340
261309, 1, 20241224110914.117368
261369, 1, 20241224110915.117403
261429, 1, 20241224110916.117431
261489, 1, 20241224110917.117474
261549, 1, 20241224110918.117486
261609, 1, 20241224110919.117530
261669, 1, 20241224110920.117568
261729, 1, 20241224110921.117569
261789, 1, 20241224110922.117595
261849, 1, 20241224110923.117633
261909, 1, 20241224110924.117670
261969, 1, 20241224110925.117694
262029, 1, 20241224110926.117728
262089, 1, 20241224110927.117750
262149, 1, 20241224110928.117800
262209, 1, 20241224110929.117803
262269, 1, 20241224110930.117839
262329, 1, 20241224110931.117867
262389, 1, 20241224110932.117880
262449, 1, 20241224110933.117913
262509, 1, 20241224110934.117944
262569, 1, 20241224110935.117976
262629, 1, 20241224110936.118014
262689, 1, 20241224110937.118032
262749, 1, 20241224110938.118066
262809, 1, 20241224110939.118096
262869, 1, 20241224110940.118128
262929, 1, 20241224110941.118156
262989, 1, 20241224110942.118185
263049, 1, 20241224110943.118205
263109, 1, 20241224110944.118232
263169, 1, 20241224110945.118266
263229, 1, 20241224110946.118291
