438273, 1, 20250121104541.128665
438333, 1, 20250121104542.128752
438393, 1, 20250121104543.128684
438453, 1, 20250121104544.128748
438513, 1, 20250121104545.128738
438573, 1, 20250121104546.128771
438633, 1, 20250121104547.128848
438693, 1, 20250121104548.128915
438753, 1, 20250121104549.128870
438813, 1, 20250121104550.128887
438873, 1, 20250121104551.128914
438933, 1, 20250121104552.129004
438993, 1, 20250121104553.128939
439053, 1, 20250121104554.129080
439113, 1, 20250121104555.129033
439173, 1, 20250121104556.129127
439233, 1, 20250121104557.129137
439293, 1, 20250121104558.129154
439353, 1, 20250121104559.129154
439413, 1, 20250121104600.129177
439473, 1, 20250121104601.129200
439533, 1, 20250121104602.129289
439593, 1, 20250121104603.129324
439653, 1, 20250121104604.129262
439713, 1, 20250121104605.129389
439773, 1, 20250121104606.129353
439833, 1, 20250121104607.129456
439893, 1, 20250121104608.129400
439953, 1, 20250121104609.129509
440013, 1, 20250121104610.129539
440073, 1, 20250121104611.129519
440133, 1, 20250121104612.129576
440193, 1, 20250121104613.129529
440253, 1, 20250121104614.129571
440313, 1, 20250121104615.129574
440373, 1, 20250121104616.129636
440433, 1, 20250121104617.129705
440493, 1, 20250121104618.129714
440553, 1, 20250121104619.129786
440613, 1, 20250121104620.129724
440673, 1, 20250121104621.129767
440733, 1, 20250121104622.129814
440793, 1, 20250121104623.129906
440853, 1, 20250121104624.129901
440913, 1, 20250121104625.129899
440973, 1, 20250121104626.129914
441033, 1, 20250121104627.130022
441093, 1, 20250121104628.130071
441153, 1, 20250121104629.130003
441213, 1, 20250121104630.130039
441273, 1, 20250121104631.130057
