154783, 1, 20250110200647.245227
154843, 1, 20250110200648.245250
154903, 1, 20250110200649.245259
154963, 1, 20250110200650.245282
155023, 1, 20250110200651.245323
155083, 1, 20250110200652.245337
155143, 1, 20250110200653.245359
155203, 1, 20250110200654.245389
155263, 1, 20250110200655.245435
155323, 1, 20250110200656.245454
155383, 1, 20250110200657.245516
155443, 1, 20250110200658.245528
155503, 1, 20250110200659.245543
155563, 1, 20250110200700.245562
155623, 1, 20250110200701.245609
155683, 1, 20250110200702.245636
155743, 1, 20250110200703.245667
155803, 1, 20250110200704.245704
155863, 1, 20250110200705.245712
155923, 1, 20250110200706.245775
155983, 1, 20250110200707.245795
156043, 1, 20250110200708.245803
156103, 1, 20250110200709.245850
156163, 1, 20250110200710.245867
156223, 1, 20250110200711.245884
156283, 1, 20250110200712.245907
