171521, 1, 20250122122240.052784
171581, 1, 20250122122241.052809
171641, 1, 20250122122242.052849
171701, 1, 20250122122243.052866
171761, 1, 20250122122244.052897
171821, 1, 20250122122245.052932
171881, 1, 20250122122246.052984
171941, 1, 20250122122247.053002
172001, 1, 20250122122248.053019
172061, 1, 20250122122249.053039
172121, 1, 20250122122250.053080
172181, 1, 20250122122251.053106
172241, 1, 20250122122252.053137
172301, 1, 20250122122253.053159
172361, 1, 20250122122254.053196
172421, 1, 20250122122255.053241
172481, 1, 20250122122256.053266
172541, 1, 20250122122257.053273
172601, 1, 20250122122258.053307
172661, 1, 20250122122259.053348
172721, 1, 20250122122300.053366
172781, 1, 20250122122301.053396
172841, 1, 20250122122302.053422
172901, 1, 20250122122303.053455
172961, 1, 20250122122304.053481
173021, 1, 20250122122305.053509
173081, 1, 20250122122306.053533
173141, 1, 20250122122307.053564
173201, 1, 20250122122308.053597
173261, 1, 20250122122309.053616
173321, 1, 20250122122310.053658
173381, 1, 20250122122311.053688
173441, 1, 20250122122312.053720
173501, 1, 20250122122313.053745
173561, 1, 20250122122314.053777
173621, 1, 20250122122315.053821
173681, 1, 20250122122316.053858
173741, 1, 20250122122317.053869
173801, 1, 20250122122318.053883
173861, 1, 20250122122319.053925
173921, 1, 20250122122320.053945
173981, 1, 20250122122321.053968
174041, 1, 20250122122322.053999
174101, 1, 20250122122323.054032
174161, 1, 20250122122324.054063
174221, 1, 20250122122325.054092
174281, 1, 20250122122326.054140
174341, 1, 20250122122327.054134
174401, 1, 20250122122328.054174
174461, 1, 20250122122329.054187
174521, 1, 20250122122330.054217
174581, 1, 20250122122331.054238
174641, 1, 20250122122332.054276
174701, 1, 20250122122333.054307
174761, 1, 20250122122334.054335
174821, 1, 20250122122335.054376
174881, 1, 20250122122336.054400
174941, 1, 20250122122337.054413
175001, 1, 20250122122338.054452
175061, 1, 20250122122339.054492
175121, 1, 20250122122340.054503
175181, 1, 20250122122341.054546
175241, 1, 20250122122342.054569
175301, 1, 20250122122343.054612
175361, 1, 20250122122344.054632
175421, 1, 20250122122345.054675
175481, 1, 20250122122346.054676
175541, 1, 20250122122347.054710
175601, 1, 20250122122348.054745
175661, 1, 20250122122349.054766
175721, 1, 20250122122350.054804
175781, 1, 20250122122351.054820
175841, 1, 20250122122352.054848
175901, 1, 20250122122353.054887
175961, 1, 20250122122354.054930
176021, 1, 20250122122355.054961
176081, 1, 20250122122356.054963
176141, 1, 20250122122357.054999
176201, 1, 20250122122358.055027
176261, 1, 20250122122359.055042
176321, 1, 20250122122400.055085
176381, 1, 20250122122401.055112
176441, 1, 20250122122402.055134
176501, 1, 20250122122403.055166
176561, 1, 20250122122404.055190
176621, 1, 20250122122405.055224
176681, 1, 20250122122406.055247
176741, 1, 20250122122407.055276
176801, 1, 20250122122408.055304
176861, 1, 20250122122409.055340
176921, 1, 20250122122410.055360
176981, 1, 20250122122411.055388
177041, 1, 20250122122412.055424
177101, 1, 20250122122413.055443
177161, 1, 20250122122414.055491
177221, 1, 20250122122415.055489
177281, 1, 20250122122416.055516
177341, 1, 20250122122417.055557
177401, 1, 20250122122418.055592
177461, 1, 20250122122419.055609
177521, 1, 20250122122420.055640
177581, 1, 20250122122421.055668
177641, 1, 20250122122422.055702
177701, 1, 20250122122423.055742
177761, 1, 20250122122424.055779
177821, 1, 20250122122425.055843
177881, 1, 20250122122426.055891
177941, 1, 20250122122427.055917
178001, 1, 20250122122428.055904
178061, 1, 20250122122429.055945
178121, 1, 20250122122430.055984
178181, 1, 20250122122431.056022
178241, 1, 20250122122432.056047
178301, 1, 20250122122433.056111
178361, 1, 20250122122434.056126
178421, 1, 20250122122435.056140
178481, 1, 20250122122436.056162
178541, 1, 20250122122437.057116
178601, 1, 20250122122438.056257
178661, 1, 20250122122439.057583
178721, 1, 20250122122440.057598
178781, 1, 20250122122441.056232
178841, 1, 20250122122442.056279
178901, 1, 20250122122443.056304
178961, 1, 20250122122444.056338
179021, 1, 20250122122445.056363
179081, 1, 20250122122446.056399
179141, 1, 20250122122447.056420
179201, 1, 20250122122448.056457
179261, 1, 20250122122449.056484
179321, 1, 20250122122450.056513
179381, 1, 20250122122451.056532
179441, 1, 20250122122452.056588
179501, 1, 20250122122453.056615
179561, 1, 20250122122454.056622
179621, 1, 20250122122455.056651
179681, 1, 20250122122456.056679
179741, 1, 20250122122457.056694
179801, 1, 20250122122458.056744
179861, 1, 20250122122459.056771
179921, 1, 20250122122500.056793
179981, 1, 20250122122501.056826
180041, 1, 20250122122502.056879
180101, 1, 20250122122503.056904
180161, 1, 20250122122504.056914
180221, 1, 20250122122505.056936
180281, 1, 20250122122506.056973
180341, 1, 20250122122507.057001
180401, 1, 20250122122508.057036
180461, 1, 20250122122509.057046
180521, 1, 20250122122510.057090
180581, 1, 20250122122511.057118
180641, 1, 20250122122512.057140
180701, 1, 20250122122513.057161
180761, 1, 20250122122514.057198
180821, 1, 20250122122515.057233
180881, 1, 20250122122516.057255
180941, 1, 20250122122517.057293
181001, 1, 20250122122518.057317
181061, 1, 20250122122519.057348
181121, 1, 20250122122520.057376
181181, 1, 20250122122521.057416
181241, 1, 20250122122522.057447
181301, 1, 20250122122523.057463
181361, 1, 20250122122524.057481
181421, 1, 20250122122525.057508
181481, 1, 20250122122526.057554
181541, 1, 20250122122527.057581
181601, 1, 20250122122528.057609
181661, 1, 20250122122529.057650
181721, 1, 20250122122530.057671
181781, 1, 20250122122531.057709
181841, 1, 20250122122532.057765
181901, 1, 20250122122533.057782
181961, 1, 20250122122534.057797
182021, 1, 20250122122535.057820
182081, 1, 20250122122536.057861
182141, 1, 20250122122537.057889
182201, 1, 20250122122538.057903
