187983, 1, 20250112161431.848356
188043, 1, 20250112161432.848387
188103, 1, 20250112161433.848419
188163, 1, 20250112161434.848460
188223, 1, 20250112161435.848457
188283, 1, 20250112161436.848496
188343, 1, 20250112161437.848520
188403, 1, 20250112161438.848561
188463, 1, 20250112161439.848582
188523, 1, 20250112161440.848611
188583, 1, 20250112161441.848649
188643, 1, 20250112161442.848668
188703, 1, 20250112161443.848706
188763, 1, 20250112161444.848734
188823, 1, 20250112161445.848763
188883, 1, 20250112161446.848797
188943, 1, 20250112161447.848814
189003, 1, 20250112161448.848845
189063, 1, 20250112161449.848881
189123, 1, 20250112161450.848890
189183, 1, 20250112161451.848933
189243, 1, 20250112161452.848964
189303, 1, 20250112161453.849003
189363, 1, 20250112161454.849035
189423, 1, 20250112161455.849056
189483, 1, 20250112161456.849083
189543, 1, 20250112161457.849100
189603, 1, 20250112161458.849126
189663, 1, 20250112161459.849163
189723, 1, 20250112161500.849199
189783, 1, 20250112161501.849232
189843, 1, 20250112161502.849248
189903, 1, 20250112161503.849307
189963, 1, 20250112161504.849332
190023, 1, 20250112161505.849329
190083, 1, 20250112161506.849366
190143, 1, 20250112161507.849392
190203, 1, 20250112161508.849430
190263, 1, 20250112161509.849448
190323, 1, 20250112161510.849473
190383, 1, 20250112161511.849509
190443, 1, 20250112161512.849533
