117347, 1, 20250116183452.222907
117407, 1, 20250116183453.222932
117467, 1, 20250116183454.222956
117527, 1, 20250116183455.222981
117587, 1, 20250116183456.223012
117647, 1, 20250116183457.223058
117707, 1, 20250116183458.223078
117767, 1, 20250116183459.223098
117827, 1, 20250116183500.223136
117887, 1, 20250116183501.223168
117947, 1, 20250116183502.223175
118007, 1, 20250116183503.223218
118067, 1, 20250116183504.223269
118127, 1, 20250116183505.223299
118187, 1, 20250116183506.223304
118247, 1, 20250116183507.223336
118307, 1, 20250116183508.223377
118367, 1, 20250116183509.223390
118427, 1, 20250116183510.223431
118487, 1, 20250116183511.223460
118547, 1, 20250116183512.223478
118607, 1, 20250116183513.223506
118667, 1, 20250116183514.223560
118727, 1, 20250116183515.223592
118787, 1, 20250116183516.223602
118847, 1, 20250116183517.223627
118907, 1, 20250116183518.223663
118967, 1, 20250116183519.223682
119027, 1, 20250116183520.223718
119087, 1, 20250116183521.223741
119147, 1, 20250116183522.223776
119207, 1, 20250116183523.223803
119267, 1, 20250116183524.223838
119327, 1, 20250116183525.223849
119387, 1, 20250116183526.223890
119447, 1, 20250116183527.223918
119507, 1, 20250116183528.223947
119567, 1, 20250116183529.223977
119627, 1, 20250116183530.224008
119687, 1, 20250116183531.224029
119747, 1, 20250116183532.224061
119807, 1, 20250116183533.224115
119867, 1, 20250116183534.224144
119927, 1, 20250116183535.224154
119987, 1, 20250116183536.224178
120047, 1, 20250116183537.224205
120107, 1, 20250116183538.224246
120167, 1, 20250116183539.224270
120227, 1, 20250116183540.224296
120287, 1, 20250116183541.224339
120347, 1, 20250116183542.224355
120407, 1, 20250116183543.224419
120467, 1, 20250116183544.224432
120527, 1, 20250116183545.224440
120587, 1, 20250116183546.224488
120647, 1, 20250116183547.224509
120707, 1, 20250116183548.224546
120767, 1, 20250116183549.224570
120827, 1, 20250116183550.224600
120887, 1, 20250116183551.224623
120947, 1, 20250116183552.224653
121007, 1, 20250116183553.224698
121067, 1, 20250116183554.224712
121127, 1, 20250116183555.224742
121187, 1, 20250116183556.224770
121247, 1, 20250116183557.224796
121307, 1, 20250116183558.224834
121367, 1, 20250116183559.224855
121427, 1, 20250116183600.224886
121487, 1, 20250116183601.224910
121547, 1, 20250116183602.224956
121607, 1, 20250116183603.224969
121667, 1, 20250116183604.225004
121727, 1, 20250116183605.225033
121787, 1, 20250116183606.225073
121847, 1, 20250116183607.225094
