203397, 1, 20241227135218.507911
203457, 1, 20241227135219.507945
203517, 1, 20241227135220.507989
203577, 1, 20241227135221.508019
203637, 1, 20241227135222.508034
203697, 1, 20241227135223.508066
203757, 1, 20241227135224.508093
203817, 1, 20241227135225.508101
203877, 1, 20241227135226.508135
203937, 1, 20241227135227.508177
203997, 1, 20241227135228.508212
204057, 1, 20241227135229.508235
204117, 1, 20241227135230.508282
204177, 1, 20241227135231.508327
204237, 1, 20241227135232.508323
204297, 1, 20241227135233.508354
204357, 1, 20241227135234.508374
204417, 1, 20241227135235.508407
204477, 1, 20241227135236.508441
204537, 1, 20241227135237.508482
204597, 1, 20241227135238.508507
204657, 1, 20241227135239.508541
204717, 1, 20241227135240.508577
204777, 1, 20241227135241.508583
204837, 1, 20241227135242.508619
204897, 1, 20241227135243.508636
204957, 1, 20241227135244.508687
205017, 1, 20241227135245.508708
205077, 1, 20241227135246.508744
205137, 1, 20241227135247.508763
205197, 1, 20241227135248.508805
205257, 1, 20241227135249.508822
205317, 1, 20241227135250.508857
205377, 1, 20241227135251.508879
205437, 1, 20241227135252.508913
205497, 1, 20241227135253.508935
205557, 1, 20241227135254.508980
205617, 1, 20241227135255.509004
205677, 1, 20241227135256.509043
205737, 1, 20241227135257.509059
205797, 1, 20241227135258.509099
205857, 1, 20241227135259.509123
205917, 1, 20241227135300.509166
205977, 1, 20241227135301.509177
206037, 1, 20241227135302.509218
206097, 1, 20241227135303.509236
206157, 1, 20241227135304.509263
206217, 1, 20241227135305.509287
206277, 1, 20241227135306.509323
206337, 1, 20241227135307.509358
206397, 1, 20241227135308.509378
206457, 1, 20241227135309.509435
206517, 1, 20241227135310.509478
206577, 1, 20241227135311.509462
206637, 1, 20241227135312.509494
206697, 1, 20241227135313.509527
206757, 1, 20241227135314.509545
206817, 1, 20241227135315.509592
206877, 1, 20241227135316.509614
206937, 1, 20241227135317.509630
206997, 1, 20241227135318.509675
207057, 1, 20241227135319.509722
207117, 1, 20241227135320.509736
207177, 1, 20241227135321.509763
207237, 1, 20241227135322.509799
207297, 1, 20241227135323.509822
207357, 1, 20241227135324.509851
207417, 1, 20241227135325.509884
207477, 1, 20241227135326.509907
207537, 1, 20241227135327.509934
207597, 1, 20241227135328.509964
207657, 1, 20241227135329.510003
207717, 1, 20241227135330.510032
207777, 1, 20241227135331.510055
207837, 1, 20241227135332.510086
207897, 1, 20241227135333.510118
207957, 1, 20241227135334.510147
208017, 1, 20241227135335.510164
208077, 1, 20241227135336.510211
208137, 1, 20241227135337.510242
208197, 1, 20241227135338.510276
208257, 1, 20241227135339.510302
208317, 1, 20241227135340.510333
208377, 1, 20241227135341.510344
208437, 1, 20241227135342.510370
208497, 1, 20241227135343.510401
208557, 1, 20241227135344.510440
208617, 1, 20241227135345.510451
208677, 1, 20241227135346.510499
208737, 1, 20241227135347.510513
208797, 1, 20241227135348.510566
208857, 1, 20241227135349.510600
208917, 1, 20241227135350.510607
208977, 1, 20241227135351.510642
209037, 1, 20241227135352.510674
209097, 1, 20241227135353.510708
209157, 1, 20241227135354.510726
209217, 1, 20241227135355.510763
209277, 1, 20241227135356.510804
209337, 1, 20241227135357.510840
209397, 1, 20241227135358.510838
209457, 1, 20241227135359.510868
209517, 1, 20241227135400.510905
209577, 1, 20241227135401.510926
209637, 1, 20241227135402.510968
209697, 1, 20241227135403.510984
209757, 1, 20241227135404.511028
209817, 1, 20241227135405.511045
209877, 1, 20241227135406.511094
209937, 1, 20241227135407.511112
209997, 1, 20241227135408.511131
210057, 1, 20241227135409.511169
210117, 1, 20241227135410.511208
210177, 1, 20241227135411.511220
210237, 1, 20241227135412.511252
210297, 1, 20241227135413.511280
210357, 1, 20241227135414.511324
210417, 1, 20241227135415.511341
210477, 1, 20241227135416.511369
210537, 1, 20241227135417.511419
210597, 1, 20241227135418.511450
210657, 1, 20241227135419.511468
210717, 1, 20241227135420.511462
210777, 1, 20241227135421.511521
210837, 1, 20241227135422.511545
210897, 1, 20241227135423.511580
210957, 1, 20241227135424.511603
211017, 1, 20241227135425.511636
211077, 1, 20241227135426.511673
211137, 1, 20241227135427.511710
211197, 1, 20241227135428.511745
211257, 1, 20241227135429.511749
211317, 1, 20241227135430.511760
211377, 1, 20241227135431.511802
211437, 1, 20241227135432.511842
211497, 1, 20241227135433.511864
211557, 1, 20241227135434.511898
211617, 1, 20241227135435.511912
211677, 1, 20241227135436.511950
211737, 1, 20241227135437.511995
211797, 1, 20241227135438.512022
211857, 1, 20241227135439.512047
211917, 1, 20241227135440.512068
211977, 1, 20241227135441.512100
212037, 1, 20241227135442.512128
212097, 1, 20241227135443.512166
212157, 1, 20241227135444.512203
212217, 1, 20241227135445.512218
212277, 1, 20241227135446.512252
212337, 1, 20241227135447.512281
212397, 1, 20241227135448.512314
212457, 1, 20241227135449.512331
212517, 1, 20241227135450.512364
212577, 1, 20241227135451.512407
212637, 1, 20241227135452.512433
212697, 1, 20241227135453.512456
212757, 1, 20241227135454.512486
212817, 1, 20241227135455.512506
212877, 1, 20241227135456.512562
212937, 1, 20241227135457.512604
212997, 1, 20241227135458.512608
213057, 1, 20241227135459.512608
213117, 1, 20241227135500.512655
213177, 1, 20241227135501.512692
213237, 1, 20241227135502.512721
213297, 1, 20241227135503.512738
213357, 1, 20241227135504.512784
213417, 1, 20241227135505.512797
213477, 1, 20241227135506.512847
213537, 1, 20241227135507.512878
213597, 1, 20241227135508.512888
213657, 1, 20241227135509.512907
213717, 1, 20241227135510.512952
213777, 1, 20241227135511.512976
213837, 1, 20241227135512.513008
213897, 1, 20241227135513.513025
213957, 1, 20241227135514.513075
214017, 1, 20241227135515.513084
214077, 1, 20241227135516.513140
