661457, 1, 20250112102537.135393
661517, 1, 20250112102538.135431
661577, 1, 20250112102539.135483
661637, 1, 20250112102540.135497
661697, 1, 20250112102541.135504
661757, 1, 20250112102542.135540
661817, 1, 20250112102543.135566
661877, 1, 20250112102544.135606
661937, 1, 20250112102545.135610
661997, 1, 20250112102546.135667
662057, 1, 20250112102547.135684
662117, 1, 20250112102548.135723
662177, 1, 20250112102549.135756
662237, 1, 20250112102550.135785
662297, 1, 20250112102551.135790
662357, 1, 20250112102552.135822
662417, 1, 20250112102553.135853
662477, 1, 20250112102554.135891
662537, 1, 20250112102555.135911
662597, 1, 20250112102556.135929
662657, 1, 20250112102557.135965
662717, 1, 20250112102558.135993
662777, 1, 20250112102559.136014
662837, 1, 20250112102600.136049
662897, 1, 20250112102601.136080
662957, 1, 20250112102602.136120
663017, 1, 20250112102603.136133
663077, 1, 20250112102604.136160
663137, 1, 20250112102605.136193
663197, 1, 20250112102606.136221
663257, 1, 20250112102607.136260
663317, 1, 20250112102608.136303
663377, 1, 20250112102609.136326
663437, 1, 20250112102610.136340
663497, 1, 20250112102611.136368
663557, 1, 20250112102612.136389
663617, 1, 20250112102613.136418
663677, 1, 20250112102614.136456
663737, 1, 20250112102615.136482
663797, 1, 20250112102616.136524
663857, 1, 20250112102617.136548
663917, 1, 20250112102618.136588
663977, 1, 20250112102619.136614
664037, 1, 20250112102620.136635
664097, 1, 20250112102621.136645
664157, 1, 20250112102622.136688
664217, 1, 20250112102623.136712
664277, 1, 20250112102624.136732
664337, 1, 20250112102625.136764
664397, 1, 20250112102626.136792
664457, 1, 20250112102627.136854
664517, 1, 20250112102628.136889
664577, 1, 20250112102629.136865
664637, 1, 20250112102630.136914
