437035, 1, 20250106184523.318798
437095, 1, 20250106184524.318823
437155, 1, 20250106184525.318849
437215, 1, 20250106184526.318883
437275, 1, 20250106184527.318927
437335, 1, 20250106184528.318947
437395, 1, 20250106184529.318991
437455, 1, 20250106184530.319031
437515, 1, 20250106184531.319053
437575, 1, 20250106184532.319066
437635, 1, 20250106184533.319094
437695, 1, 20250106184534.319132
437755, 1, 20250106184535.319169
437815, 1, 20250106184536.319188
437875, 1, 20250106184537.319216
437935, 1, 20250106184538.319244
437995, 1, 20250106184539.319299
438055, 1, 20250106184540.319329
438115, 1, 20250106184541.319345
438175, 1, 20250106184542.319364
438235, 1, 20250106184543.319407
438295, 1, 20250106184544.319431
438355, 1, 20250106184545.319456
438415, 1, 20250106184546.319493
438475, 1, 20250106184547.319531
438535, 1, 20250106184548.319578
438595, 1, 20250106184549.319582
438655, 1, 20250106184550.319614
438715, 1, 20250106184551.319632
438775, 1, 20250106184552.319664
438835, 1, 20250106184553.319691
438895, 1, 20250106184554.319724
438955, 1, 20250106184555.319766
439015, 1, 20250106184556.319787
439075, 1, 20250106184557.319817
439135, 1, 20250106184558.319834
439195, 1, 20250106184559.319868
439255, 1, 20250106184600.319907
439315, 1, 20250106184601.319938
439375, 1, 20250106184602.319959
439435, 1, 20250106184603.319997
439495, 1, 20250106184604.320015
439555, 1, 20250106184605.320056
439615, 1, 20250106184606.320077
439675, 1, 20250106184607.320116
439735, 1, 20250106184608.320153
439795, 1, 20250106184609.320184
439855, 1, 20250106184610.320200
439915, 1, 20250106184611.320235
439975, 1, 20250106184612.320262
440035, 1, 20250106184613.320295
440095, 1, 20250106184614.320322
440155, 1, 20250106184615.320346
440215, 1, 20250106184616.320380
440275, 1, 20250106184617.320413
440335, 1, 20250106184618.320452
440395, 1, 20250106184619.320485
440455, 1, 20250106184620.320502
440515, 1, 20250106184621.320524
440575, 1, 20250106184622.320559
440635, 1, 20250106184623.320588
440695, 1, 20250106184624.320596
440755, 1, 20250106184625.320641
440815, 1, 20250106184626.320667
440875, 1, 20250106184627.320700
440935, 1, 20250106184628.320722
440995, 1, 20250106184629.320750
441055, 1, 20250106184630.320795
441115, 1, 20250106184631.320817
441175, 1, 20250106184632.320841
441235, 1, 20250106184633.320892
441295, 1, 20250106184634.320899
441355, 1, 20250106184635.320941
441415, 1, 20250106184636.320956
441475, 1, 20250106184637.321016
441535, 1, 20250106184638.321036
441595, 1, 20250106184639.321050
441655, 1, 20250106184640.321083
441715, 1, 20250106184641.321114
441775, 1, 20250106184642.321146
441835, 1, 20250106184643.321170
441895, 1, 20250106184644.321204
441955, 1, 20250106184645.321232
442015, 1, 20250106184646.321261
442075, 1, 20250106184647.321313
442135, 1, 20250106184648.321330
442195, 1, 20250106184649.321348
442255, 1, 20250106184650.321379
442315, 1, 20250106184651.321420
442375, 1, 20250106184652.321441
442435, 1, 20250106184653.321477
442495, 1, 20250106184654.321496
442555, 1, 20250106184655.321531
442615, 1, 20250106184656.321558
442675, 1, 20250106184657.321615
442735, 1, 20250106184658.321622
442795, 1, 20250106184659.321647
442855, 1, 20250106184700.321677
442915, 1, 20250106184701.321698
442975, 1, 20250106184702.321734
443035, 1, 20250106184703.321780
443095, 1, 20250106184704.321800
443155, 1, 20250106184705.321820
443215, 1, 20250106184706.321860
443275, 1, 20250106184707.321888
443335, 1, 20250106184708.321912
443395, 1, 20250106184709.321945
443455, 1, 20250106184710.321975
443515, 1, 20250106184711.322002
443575, 1, 20250106184712.322042
443635, 1, 20250106184713.322052
443695, 1, 20250106184714.322084
443755, 1, 20250106184715.322118
443815, 1, 20250106184716.322168
443875, 1, 20250106184717.322201
443935, 1, 20250106184718.322211
443995, 1, 20250106184719.322236
444055, 1, 20250106184720.322277
444115, 1, 20250106184721.322304
444175, 1, 20250106184722.322328
444235, 1, 20250106184723.322354
444295, 1, 20250106184724.322386
444355, 1, 20250106184725.322407
444415, 1, 20250106184726.322472
444475, 1, 20250106184727.322493
444535, 1, 20250106184728.322505
444595, 1, 20250106184729.322535
444655, 1, 20250106184730.322573
444715, 1, 20250106184731.322604
444775, 1, 20250106184732.322635
444835, 1, 20250106184733.322660
444895, 1, 20250106184734.322691
444955, 1, 20250106184735.322722
445015, 1, 20250106184736.322760
445075, 1, 20250106184737.322786
445135, 1, 20250106184738.322803
445195, 1, 20250106184739.322828
445255, 1, 20250106184740.322860
445315, 1, 20250106184741.322896
445375, 1, 20250106184742.322930
445435, 1, 20250106184743.322956
445495, 1, 20250106184744.322983
445555, 1, 20250106184745.323010
445615, 1, 20250106184746.323045
445675, 1, 20250106184747.323080
445735, 1, 20250106184748.323104
445795, 1, 20250106184749.323139
445855, 1, 20250106184750.323165
445915, 1, 20250106184751.323191
445975, 1, 20250106184752.323222
446035, 1, 20250106184753.323267
446095, 1, 20250106184754.323278
446155, 1, 20250106184755.323332
446215, 1, 20250106184756.323369
446275, 1, 20250106184757.323385
446335, 1, 20250106184758.323392
446395, 1, 20250106184759.323430
446455, 1, 20250106184800.323468
446515, 1, 20250106184801.323503
446575, 1, 20250106184802.323528
446635, 1, 20250106184803.323558
446695, 1, 20250106184804.323574
446755, 1, 20250106184805.323636
446815, 1, 20250106184806.323663
446875, 1, 20250106184807.323671
446935, 1, 20250106184808.323693
446995, 1, 20250106184809.323729
447055, 1, 20250106184810.323770
447115, 1, 20250106184811.323798
447175, 1, 20250106184812.323824
447235, 1, 20250106184813.323858
447295, 1, 20250106184814.323904
447355, 1, 20250106184815.323916
447415, 1, 20250106184816.323940
447475, 1, 20250106184817.323975
447535, 1, 20250106184818.324002
447595, 1, 20250106184819.324027
447655, 1, 20250106184820.324059
447715, 1, 20250106184821.324084
