268087, 1, 20250122150133.812931
268147, 1, 20250122150134.812961
268207, 1, 20250122150135.812990
268267, 1, 20250122150136.813028
268327, 1, 20250122150137.813047
268387, 1, 20250122150138.813074
268447, 1, 20250122150139.813106
268507, 1, 20250122150140.813149
268567, 1, 20250122150141.813182
268627, 1, 20250122150142.813182
268687, 1, 20250122150143.813234
268747, 1, 20250122150144.813254
268807, 1, 20250122150145.813276
268867, 1, 20250122150146.813307
268927, 1, 20250122150147.813335
268987, 1, 20250122150148.813361
269047, 1, 20250122150149.813391
269107, 1, 20250122150150.813460
269167, 1, 20250122150151.813453
269227, 1, 20250122150152.813484
269287, 1, 20250122150153.813507
269347, 1, 20250122150154.813554
269407, 1, 20250122150155.813576
269467, 1, 20250122150156.813606
269527, 1, 20250122150157.813636
269587, 1, 20250122150158.813673
269647, 1, 20250122150159.813689
269707, 1, 20250122150200.813721
269767, 1, 20250122150201.813755
269827, 1, 20250122150202.813776
269887, 1, 20250122150203.813805
269947, 1, 20250122150204.813831
270007, 1, 20250122150205.813864
270067, 1, 20250122150206.813894
270127, 1, 20250122150207.813925
270187, 1, 20250122150208.813955
270247, 1, 20250122150209.814002
270307, 1, 20250122150210.814035
270367, 1, 20250122150211.814026
270427, 1, 20250122150212.814075
270487, 1, 20250122150213.814102
270547, 1, 20250122150214.814124
270607, 1, 20250122150215.814153
270667, 1, 20250122150216.814192
270727, 1, 20250122150217.814223
270787, 1, 20250122150218.814241
270847, 1, 20250122150219.814306
270907, 1, 20250122150220.814332
270967, 1, 20250122150221.814348
271027, 1, 20250122150222.814369
271087, 1, 20250122150223.814400
271147, 1, 20250122150224.814429
271207, 1, 20250122150225.814455
271267, 1, 20250122150226.814480
271327, 1, 20250122150227.814515
271387, 1, 20250122150228.814546
271447, 1, 20250122150229.814569
271507, 1, 20250122150230.814605
271567, 1, 20250122150231.814644
271627, 1, 20250122150232.814675
271687, 1, 20250122150233.814691
271747, 1, 20250122150234.814723
271807, 1, 20250122150235.814755
271867, 1, 20250122150236.814782
271927, 1, 20250122150237.814817
271987, 1, 20250122150238.814862
272047, 1, 20250122150239.814897
272107, 1, 20250122150240.814892
272167, 1, 20250122150241.814925
272227, 1, 20250122150242.814951
272287, 1, 20250122150243.814974
272347, 1, 20250122150244.815012
272407, 1, 20250122150245.815040
272467, 1, 20250122150246.815067
272527, 1, 20250122150247.815112
272587, 1, 20250122150248.815143
272647, 1, 20250122150249.815174
272707, 1, 20250122150250.815188
272767, 1, 20250122150251.815206
272827, 1, 20250122150252.815236
272887, 1, 20250122150253.815268
272947, 1, 20250122150254.815304
273007, 1, 20250122150255.815331
273067, 1, 20250122150256.815354
273127, 1, 20250122150257.815387
273187, 1, 20250122150258.815444
273247, 1, 20250122150259.815456
273307, 1, 20250122150300.815465
273367, 1, 20250122150301.815502
273427, 1, 20250122150302.815535
273487, 1, 20250122150303.815556
273547, 1, 20250122150304.815586
273607, 1, 20250122150305.815633
273667, 1, 20250122150306.815650
273727, 1, 20250122150307.815674
273787, 1, 20250122150308.815706
273847, 1, 20250122150309.815746
273907, 1, 20250122150310.815763
273967, 1, 20250122150311.815789
274027, 1, 20250122150312.815824
274087, 1, 20250122150313.815844
274147, 1, 20250122150314.815879
274207, 1, 20250122150315.815907
274267, 1, 20250122150316.815947
274327, 1, 20250122150317.816000
274387, 1, 20250122150318.816015
274447, 1, 20250122150319.816023
274507, 1, 20250122150320.816052
274567, 1, 20250122150321.816091
274627, 1, 20250122150322.816113
274687, 1, 20250122150323.816126
274747, 1, 20250122150324.816164
274807, 1, 20250122150325.816195
274867, 1, 20250122150326.816225
274927, 1, 20250122150327.816260
274987, 1, 20250122150328.816300
275047, 1, 20250122150329.816310
275107, 1, 20250122150330.816345
275167, 1, 20250122150331.816363
275227, 1, 20250122150332.816401
275287, 1, 20250122150333.816441
275347, 1, 20250122150334.816446
275407, 1, 20250122150335.816477
275467, 1, 20250122150336.816510
275527, 1, 20250122150337.816534
275587, 1, 20250122150338.816574
275647, 1, 20250122150339.816595
275707, 1, 20250122150340.816622
275767, 1, 20250122150341.816654
275827, 1, 20250122150342.816685
275887, 1, 20250122150343.816709
275947, 1, 20250122150344.816747
276007, 1, 20250122150345.816771
276067, 1, 20250122150346.816811
276127, 1, 20250122150347.816839
276187, 1, 20250122150348.816855
276247, 1, 20250122150349.816886
276307, 1, 20250122150350.816909
276367, 1, 20250122150351.816952
276427, 1, 20250122150352.816972
276487, 1, 20250122150353.816998
276547, 1, 20250122150354.817032
276607, 1, 20250122150355.817056
276667, 1, 20250122150356.817100
276727, 1, 20250122150357.817125
276787, 1, 20250122150358.817133
276847, 1, 20250122150359.817168
276907, 1, 20250122150400.817209
276967, 1, 20250122150401.817224
277027, 1, 20250122150402.817261
277087, 1, 20250122150403.817295
277147, 1, 20250122150404.817326
277207, 1, 20250122150405.817342
277267, 1, 20250122150406.817390
277327, 1, 20250122150407.817398
277387, 1, 20250122150408.817428
277447, 1, 20250122150409.817452
277507, 1, 20250122150410.817490
277567, 1, 20250122150411.817522
277627, 1, 20250122150412.817555
277687, 1, 20250122150413.817579
277747, 1, 20250122150414.817595
277807, 1, 20250122150415.817630
277867, 1, 20250122150416.817670
277927, 1, 20250122150417.817698
277987, 1, 20250122150418.817723
278047, 1, 20250122150419.817751
278107, 1, 20250122150420.817779
278167, 1, 20250122150421.817806
278227, 1, 20250122150422.817830
278287, 1, 20250122150423.817861
278347, 1, 20250122150424.817893
278407, 1, 20250122150425.817952
278467, 1, 20250122150426.817966
278527, 1, 20250122150427.817966
278587, 1, 20250122150428.818011
278647, 1, 20250122150429.818033
278707, 1, 20250122150430.818072
278767, 1, 20250122150431.818087
