211815, 1, 20250109105622.162170
211875, 1, 20250109105623.162224
211935, 1, 20250109105624.162249
211995, 1, 20250109105625.162266
212055, 1, 20250109105626.162290
212115, 1, 20250109105627.162315
212175, 1, 20250109105628.162339
212235, 1, 20250109105629.162381
212295, 1, 20250109105630.162401
212355, 1, 20250109105631.162427
212415, 1, 20250109105632.162458
212475, 1, 20250109105633.162505
212535, 1, 20250109105634.162535
212595, 1, 20250109105635.162540
212655, 1, 20250109105636.162568
212715, 1, 20250109105637.162605
212775, 1, 20250109105638.162637
212835, 1, 20250109105639.162686
212895, 1, 20250109105640.162691
212955, 1, 20250109105641.162717
213015, 1, 20250109105642.162745
213075, 1, 20250109105643.162790
213135, 1, 20250109105644.162803
213195, 1, 20250109105645.162843
213255, 1, 20250109105646.162866
213315, 1, 20250109105647.162893
213375, 1, 20250109105648.162921
213435, 1, 20250109105649.162942
213495, 1, 20250109105650.162987
213555, 1, 20250109105651.163045
213615, 1, 20250109105652.163040
213675, 1, 20250109105653.163068
213735, 1, 20250109105654.163101
213795, 1, 20250109105655.163127
213855, 1, 20250109105656.163155
213915, 1, 20250109105657.163260
213975, 1, 20250109105658.163230
214035, 1, 20250109105659.163249
214095, 1, 20250109105700.163273
214155, 1, 20250109105701.163314
