133311, 1, 20241223201828.341438
133371, 1, 20241223201829.341468
133431, 1, 20241223201830.341478
133491, 1, 20241223201831.341538
133551, 1, 20241223201832.341550
133611, 1, 20241223201833.341590
133671, 1, 20241223201834.341620
133731, 1, 20241223201835.341648
133791, 1, 20241223201836.341662
133851, 1, 20241223201837.341708
133911, 1, 20241223201838.341734
133971, 1, 20241223201839.341762
134031, 1, 20241223201840.341785
134091, 1, 20241223201841.341820
134151, 1, 20241223201842.341831
134211, 1, 20241223201843.341876
134271, 1, 20241223201844.341883
134331, 1, 20241223201845.341937
134391, 1, 20241223201846.341959
134451, 1, 20241223201847.341989
134511, 1, 20241223201848.342008
134571, 1, 20241223201849.342059
134631, 1, 20241223201850.342077
134691, 1, 20241223201851.342109
134751, 1, 20241223201852.342128
134811, 1, 20241223201853.342187
134871, 1, 20241223201854.342206
134931, 1, 20241223201855.342228
134991, 1, 20241223201856.342245
135051, 1, 20241223201857.342270
135111, 1, 20241223201858.342312
135171, 1, 20241223201859.342366
135231, 1, 20241223201900.342375
135291, 1, 20241223201901.342402
135351, 1, 20241223201902.342427
135411, 1, 20241223201903.342483
135471, 1, 20241223201904.342494
135531, 1, 20241223201905.342524
135591, 1, 20241223201906.342544
135651, 1, 20241223201907.342576
135711, 1, 20241223201908.342590
135771, 1, 20241223201909.342629
135831, 1, 20241223201910.342657
135891, 1, 20241223201911.342691
135951, 1, 20241223201912.342736
136011, 1, 20241223201913.342772
136071, 1, 20241223201914.342781
136131, 1, 20241223201915.342809
136191, 1, 20241223201916.342834
136251, 1, 20241223201917.342859
136311, 1, 20241223201918.342897
136371, 1, 20241223201919.342924
136431, 1, 20241223201920.342952
136491, 1, 20241223201921.342987
136551, 1, 20241223201922.342999
136611, 1, 20241223201923.343036
136671, 1, 20241223201924.343060
136731, 1, 20241223201925.343100
136791, 1, 20241223201926.343118
136851, 1, 20241223201927.343164
136911, 1, 20241223201928.343177
136971, 1, 20241223201929.343220
137031, 1, 20241223201930.343236
137091, 1, 20241223201931.343270
137151, 1, 20241223201932.343322
137211, 1, 20241223201933.343341
137271, 1, 20241223201934.343347
137331, 1, 20241223201935.343394
137391, 1, 20241223201936.343416
137451, 1, 20241223201937.343442
137511, 1, 20241223201938.343472
137571, 1, 20241223201939.343506
137631, 1, 20241223201940.343529
137691, 1, 20241223201941.343556
137751, 1, 20241223201942.343609
137811, 1, 20241223201943.343631
137871, 1, 20241223201944.343655
137931, 1, 20241223201945.343674
137991, 1, 20241223201946.343692
138051, 1, 20241223201947.343738
138111, 1, 20241223201948.343776
138171, 1, 20241223201949.343795
138231, 1, 20241223201950.343817
138291, 1, 20241223201951.343853
138351, 1, 20241223201952.343878
138411, 1, 20241223201953.343909
138471, 1, 20241223201954.343933
138531, 1, 20241223201955.343975
138591, 1, 20241223201956.344003
138651, 1, 20241223201957.344026
138711, 1, 20241223201958.344052
138771, 1, 20241223201959.344083
138831, 1, 20241223202000.344113
138891, 1, 20241223202001.344142
138951, 1, 20241223202002.344177
139011, 1, 20241223202003.344193
139071, 1, 20241223202004.344224
139131, 1, 20241223202005.344250
139191, 1, 20241223202006.344280
139251, 1, 20241223202007.344307
139311, 1, 20241223202008.344346
139371, 1, 20241223202009.344367
139431, 1, 20241223202010.344391
139491, 1, 20241223202011.344461
139551, 1, 20241223202012.344477
139611, 1, 20241223202013.344491
139671, 1, 20241223202014.344506
139731, 1, 20241223202015.344544
139791, 1, 20241223202016.344577
139851, 1, 20241223202017.344619
139911, 1, 20241223202018.344631
139971, 1, 20241223202019.344662
140031, 1, 20241223202020.344690
140091, 1, 20241223202021.344749
140151, 1, 20241223202022.344763
140211, 1, 20241223202023.344780
140271, 1, 20241223202024.344808
140331, 1, 20241223202025.344830
140391, 1, 20241223202026.344856
140451, 1, 20241223202027.344888
140511, 1, 20241223202028.344916
140571, 1, 20241223202029.344954
140631, 1, 20241223202030.344983
140691, 1, 20241223202031.345006
140751, 1, 20241223202032.345032
140811, 1, 20241223202033.345072
140871, 1, 20241223202034.345089
140931, 1, 20241223202035.345123
140991, 1, 20241223202036.345149
141051, 1, 20241223202037.345171
141111, 1, 20241223202038.345212
141171, 1, 20241223202039.345231
141231, 1, 20241223202040.345271
141291, 1, 20241223202041.345321
141351, 1, 20241223202042.345323
141411, 1, 20241223202043.345357
141471, 1, 20241223202044.345384
141531, 1, 20241223202045.345419
141591, 1, 20241223202046.345412
141651, 1, 20241223202047.345469
141711, 1, 20241223202048.345496
141771, 1, 20241223202049.345515
141831, 1, 20241223202050.345565
141891, 1, 20241223202051.345606
141951, 1, 20241223202052.345604
142011, 1, 20241223202053.345649
142071, 1, 20241223202054.345665
142131, 1, 20241223202055.345721
142191, 1, 20241223202056.345732
142251, 1, 20241223202057.345752
142311, 1, 20241223202058.345783
142371, 1, 20241223202059.345822
142431, 1, 20241223202100.345860
142491, 1, 20241223202101.345877
142551, 1, 20241223202102.345913
142611, 1, 20241223202103.345933
142671, 1, 20241223202104.345957
142731, 1, 20241223202105.346000
142791, 1, 20241223202106.346027
142851, 1, 20241223202107.346048
142911, 1, 20241223202108.346071
142971, 1, 20241223202109.346117
143031, 1, 20241223202110.346141
143091, 1, 20241223202111.346172
143151, 1, 20241223202112.346195
143211, 1, 20241223202113.346220
143271, 1, 20241223202114.346242
143331, 1, 20241223202115.346281
143391, 1, 20241223202116.346304
143451, 1, 20241223202117.346347
143511, 1, 20241223202118.346364
143571, 1, 20241223202119.346417
143631, 1, 20241223202120.346436
143691, 1, 20241223202121.346457
143751, 1, 20241223202122.346489
143811, 1, 20241223202123.346519
143871, 1, 20241223202124.346537
143931, 1, 20241223202125.346572
143991, 1, 20241223202126.346597
144051, 1, 20241223202127.346631
