183031, 1, 20241224104729.433815
183091, 1, 20241224104730.433840
183151, 1, 20241224104731.433871
183211, 1, 20241224104732.433906
183271, 1, 20241224104733.433923
183331, 1, 20241224104734.433968
183391, 1, 20241224104735.433975
183451, 1, 20241224104736.434020
183511, 1, 20241224104737.434048
183571, 1, 20241224104738.434057
183631, 1, 20241224104739.434107
183691, 1, 20241224104740.434135
183751, 1, 20241224104741.434168
183811, 1, 20241224104742.434182
183871, 1, 20241224104743.434227
183931, 1, 20241224104744.434243
183991, 1, 20241224104745.434276
184051, 1, 20241224104746.434297
184111, 1, 20241224104747.434336
184171, 1, 20241224104748.434355
184231, 1, 20241224104749.434381
184291, 1, 20241224104750.434434
184351, 1, 20241224104751.434470
184411, 1, 20241224104752.434479
184471, 1, 20241224104753.434500
184531, 1, 20241224104754.434524
184591, 1, 20241224104755.434555
184651, 1, 20241224104756.434597
184711, 1, 20241224104757.434624
184771, 1, 20241224104758.434649
184831, 1, 20241224104759.434714
184891, 1, 20241224104800.434720
184951, 1, 20241224104801.434743
185011, 1, 20241224104802.434760
185071, 1, 20241224104803.434791
185131, 1, 20241224104804.434823
185191, 1, 20241224104805.434849
185251, 1, 20241224104806.434885
185311, 1, 20241224104807.434920
185371, 1, 20241224104808.434934
185431, 1, 20241224104809.434969
185491, 1, 20241224104810.434998
185551, 1, 20241224104811.435023
185611, 1, 20241224104812.435064
185671, 1, 20241224104813.435067
185731, 1, 20241224104814.435116
185791, 1, 20241224104815.435153
185851, 1, 20241224104816.435175
185911, 1, 20241224104817.435261
185971, 1, 20241224104818.435235
186031, 1, 20241224104819.435277
186091, 1, 20241224104820.435312
186151, 1, 20241224104821.435312
186211, 1, 20241224104822.435354
186271, 1, 20241224104823.435384
186331, 1, 20241224104824.435411
186391, 1, 20241224104825.435431
186451, 1, 20241224104826.435458
186511, 1, 20241224104827.435497
186571, 1, 20241224104828.435529
186631, 1, 20241224104829.435569
186691, 1, 20241224104830.435591
186751, 1, 20241224104831.435612
186811, 1, 20241224104832.435642
186871, 1, 20241224104833.435666
186931, 1, 20241224104834.435692
186991, 1, 20241224104835.435730
187051, 1, 20241224104836.435749
187111, 1, 20241224104837.435789
187171, 1, 20241224104838.435806
187231, 1, 20241224104839.435849
187291, 1, 20241224104840.435881
187351, 1, 20241224104841.435908
187411, 1, 20241224104842.435933
187471, 1, 20241224104843.435955
187531, 1, 20241224104844.435988
187591, 1, 20241224104845.436014
187651, 1, 20241224104846.436039
187711, 1, 20241224104847.436078
187771, 1, 20241224104848.436117
187831, 1, 20241224104849.436145
187891, 1, 20241224104850.436156
187951, 1, 20241224104851.436197
188011, 1, 20241224104852.436221
188071, 1, 20241224104853.436258
188131, 1, 20241224104854.436279
188191, 1, 20241224104855.436302
188251, 1, 20241224104856.436342
188311, 1, 20241224104857.436360
188371, 1, 20241224104858.436404
188431, 1, 20241224104859.436440
188491, 1, 20241224104900.436443
188551, 1, 20241224104901.436471
188611, 1, 20241224104902.436512
188671, 1, 20241224104903.436536
188731, 1, 20241224104904.436579
188791, 1, 20241224104905.436599
188851, 1, 20241224104906.436620
188911, 1, 20241224104907.436656
188971, 1, 20241224104908.436705
189031, 1, 20241224104909.436711
189091, 1, 20241224104910.436742
189151, 1, 20241224104911.436766
189211, 1, 20241224104912.436784
189271, 1, 20241224104913.436829
189331, 1, 20241224104914.436850
189391, 1, 20241224104915.436871
189451, 1, 20241224104916.436907
189511, 1, 20241224104917.436937
189571, 1, 20241224104918.436965
189631, 1, 20241224104919.436992
189691, 1, 20241224104920.437020
189751, 1, 20241224104921.437047
189811, 1, 20241224104922.437075
189871, 1, 20241224104923.437110
189931, 1, 20241224104924.437133
189991, 1, 20241224104925.437171
190051, 1, 20241224104926.437207
190111, 1, 20241224104927.437239
190171, 1, 20241224104928.437289
190231, 1, 20241224104929.437291
190291, 1, 20241224104930.437334
190351, 1, 20241224104931.437331
190411, 1, 20241224104932.437378
190471, 1, 20241224104933.437403
190531, 1, 20241224104934.437432
190591, 1, 20241224104935.437460
190651, 1, 20241224104936.437492
190711, 1, 20241224104937.437545
190771, 1, 20241224104938.437570
190831, 1, 20241224104939.437613
190891, 1, 20241224104940.437616
190951, 1, 20241224104941.437647
191011, 1, 20241224104942.437693
191071, 1, 20241224104943.437735
191131, 1, 20241224104944.437735
191191, 1, 20241224104945.437772
191251, 1, 20241224104946.437799
191311, 1, 20241224104947.437864
191371, 1, 20241224104948.437896
191431, 1, 20241224104949.437931
191491, 1, 20241224104950.437940
191551, 1, 20241224104951.437968
191611, 1, 20241224104952.438011
191671, 1, 20241224104953.438028
191731, 1, 20241224104954.438060
191791, 1, 20241224104955.438097
191851, 1, 20241224104956.438157
191911, 1, 20241224104957.438170
191971, 1, 20241224104958.438194
192031, 1, 20241224104959.438189
192091, 1, 20241224105000.438238
192151, 1, 20241224105001.438273
192211, 1, 20241224105002.438306
192271, 1, 20241224105003.438313
192331, 1, 20241224105004.438356
192391, 1, 20241224105005.438380
192451, 1, 20241224105006.438415
192511, 1, 20241224105007.438472
192571, 1, 20241224105008.438465
192631, 1, 20241224105009.438493
192691, 1, 20241224105010.438510
192751, 1, 20241224105011.438572
192811, 1, 20241224105012.438585
192871, 1, 20241224105013.438608
192931, 1, 20241224105014.438657
192991, 1, 20241224105015.438697
193051, 1, 20241224105016.438740
193111, 1, 20241224105017.438779
193171, 1, 20241224105018.438785
193231, 1, 20241224105019.438810
193291, 1, 20241224105020.438833
193351, 1, 20241224105021.438836
193411, 1, 20241224105022.438874
193471, 1, 20241224105023.438919
193531, 1, 20241224105024.438940
193591, 1, 20241224105025.438957
193651, 1, 20241224105026.438999
193711, 1, 20241224105027.439028
