225587, 1, 20241220164101.378542
225647, 1, 20241220164102.378566
225707, 1, 20241220164103.378597
225767, 1, 20241220164104.378622
225827, 1, 20241220164105.378686
225887, 1, 20241220164106.378704
225947, 1, 20241220164107.378712
226007, 1, 20241220164108.378752
226067, 1, 20241220164109.378774
226127, 1, 20241220164110.378801
226187, 1, 20241220164111.378830
226247, 1, 20241220164112.378870
226307, 1, 20241220164113.378882
226367, 1, 20241220164114.378935
226427, 1, 20241220164115.378972
226487, 1, 20241220164116.378976
226547, 1, 20241220164117.379010
226607, 1, 20241220164118.379038
226667, 1, 20241220164119.379064
226727, 1, 20241220164120.379096
226787, 1, 20241220164121.379128
226847, 1, 20241220164122.379152
226907, 1, 20241220164123.379184
226967, 1, 20241220164124.379205
227027, 1, 20241220164125.379236
227087, 1, 20241220164126.379267
227147, 1, 20241220164127.379309
227207, 1, 20241220164128.379329
227267, 1, 20241220164129.379364
227327, 1, 20241220164130.379389
227387, 1, 20241220164131.379411
227447, 1, 20241220164132.379440
227507, 1, 20241220164133.379472
227567, 1, 20241220164134.379532
227627, 1, 20241220164135.379550
227687, 1, 20241220164136.379556
227747, 1, 20241220164137.379586
227807, 1, 20241220164138.379614
227867, 1, 20241220164139.379662
227927, 1, 20241220164140.379676
227987, 1, 20241220164141.379718
228047, 1, 20241220164142.379742
228107, 1, 20241220164143.379777
228167, 1, 20241220164144.379833
228227, 1, 20241220164145.379840
228287, 1, 20241220164146.379854
228347, 1, 20241220164147.379889
228407, 1, 20241220164148.379900
228467, 1, 20241220164149.379949
228527, 1, 20241220164150.379968
228587, 1, 20241220164151.380000
228647, 1, 20241220164152.380034
228707, 1, 20241220164153.380058
228767, 1, 20241220164154.380093
228827, 1, 20241220164155.380120
228887, 1, 20241220164156.380151
228947, 1, 20241220164157.380178
229007, 1, 20241220164158.380211
229067, 1, 20241220164159.380239
229127, 1, 20241220164200.380264
229187, 1, 20241220164201.380295
229247, 1, 20241220164202.380336
229307, 1, 20241220164203.380342
229367, 1, 20241220164204.380418
229427, 1, 20241220164205.380412
229487, 1, 20241220164206.380440
229547, 1, 20241220164207.380467
229607, 1, 20241220164208.380496
229667, 1, 20241220164209.380524
229727, 1, 20241220164210.380559
229787, 1, 20241220164211.380588
229847, 1, 20241220164212.380616
229907, 1, 20241220164213.380660
229967, 1, 20241220164214.380696
230027, 1, 20241220164215.380700
230087, 1, 20241220164216.380731
230147, 1, 20241220164217.380756
230207, 1, 20241220164218.380790
230267, 1, 20241220164219.380822
230327, 1, 20241220164220.380857
230387, 1, 20241220164221.380884
230447, 1, 20241220164222.380911
230507, 1, 20241220164223.380947
230567, 1, 20241220164224.380992
230627, 1, 20241220164225.380999
230687, 1, 20241220164226.381022
230747, 1, 20241220164227.381065
230807, 1, 20241220164228.381083
230867, 1, 20241220164229.381108
230927, 1, 20241220164230.381152
230987, 1, 20241220164231.381174
231047, 1, 20241220164232.381220
231107, 1, 20241220164233.381238
231167, 1, 20241220164234.381266
231227, 1, 20241220164235.381288
231287, 1, 20241220164236.381329
231347, 1, 20241220164237.381349
231407, 1, 20241220164238.381373
231467, 1, 20241220164239.381393
231527, 1, 20241220164240.381428
231587, 1, 20241220164241.381459
231647, 1, 20241220164242.381499
231707, 1, 20241220164243.381534
231767, 1, 20241220164244.381555
231827, 1, 20241220164245.381570
231887, 1, 20241220164246.381617
231947, 1, 20241220164247.381628
232007, 1, 20241220164248.381658
232067, 1, 20241220164249.381699
232127, 1, 20241220164250.381714
232187, 1, 20241220164251.381756
232247, 1, 20241220164252.381795
232307, 1, 20241220164253.381819
232367, 1, 20241220164254.381843
232427, 1, 20241220164255.381864
232487, 1, 20241220164256.381906
232547, 1, 20241220164257.381927
232607, 1, 20241220164258.381954
232667, 1, 20241220164259.381989
232727, 1, 20241220164300.382011
232787, 1, 20241220164301.382038
232847, 1, 20241220164302.382089
232907, 1, 20241220164303.382087
232967, 1, 20241220164304.382121
233027, 1, 20241220164305.382148
233087, 1, 20241220164306.382184
233147, 1, 20241220164307.382205
233207, 1, 20241220164308.382255
233267, 1, 20241220164309.382277
233327, 1, 20241220164310.382379
233387, 1, 20241220164311.382333
233447, 1, 20241220164312.382365
233507, 1, 20241220164313.382398
233567, 1, 20241220164314.382407
233627, 1, 20241220164315.382455
233687, 1, 20241220164316.382471
233747, 1, 20241220164317.382509
233807, 1, 20241220164318.382531
233867, 1, 20241220164319.382569
233927, 1, 20241220164320.382597
233987, 1, 20241220164321.382636
234047, 1, 20241220164322.382673
234107, 1, 20241220164323.382685
234167, 1, 20241220164324.382711
234227, 1, 20241220164325.382735
234287, 1, 20241220164326.382766
234347, 1, 20241220164327.382801
234407, 1, 20241220164328.382839
234467, 1, 20241220164329.382872
234527, 1, 20241220164330.382878
234587, 1, 20241220164331.382920
234647, 1, 20241220164332.382952
234707, 1, 20241220164333.382961
234767, 1, 20241220164334.383009
234827, 1, 20241220164335.383032
234887, 1, 20241220164336.383053
234947, 1, 20241220164337.383078
235007, 1, 20241220164338.383110
235067, 1, 20241220164339.383136
235127, 1, 20241220164340.383155
235187, 1, 20241220164341.383204
235247, 1, 20241220164342.383239
235307, 1, 20241220164343.383256
235367, 1, 20241220164344.383292
235427, 1, 20241220164345.383318
235487, 1, 20241220164346.383347
235547, 1, 20241220164347.383380
235607, 1, 20241220164348.383412
235667, 1, 20241220164349.383429
235727, 1, 20241220164350.383467
235787, 1, 20241220164351.383488
235847, 1, 20241220164352.383523
235907, 1, 20241220164353.383547
235967, 1, 20241220164354.383580
236027, 1, 20241220164355.383598
236087, 1, 20241220164356.383627
236147, 1, 20241220164357.383661
236207, 1, 20241220164358.383700
236267, 1, 20241220164359.383729
