823107, 1, 20241226154458.004559
823167, 1, 20241226154459.004577
823227, 1, 20241226154500.004622
823287, 1, 20241226154501.004643
823347, 1, 20241226154502.004664
823407, 1, 20241226154503.004692
823467, 1, 20241226154504.004747
823527, 1, 20241226154505.004771
823587, 1, 20241226154506.004791
823647, 1, 20241226154507.004827
823707, 1, 20241226154508.004844
823767, 1, 20241226154509.004865
823827, 1, 20241226154510.004905
823887, 1, 20241226154511.004916
823947, 1, 20241226154512.004955
824007, 1, 20241226154513.004997
824067, 1, 20241226154514.005032
824127, 1, 20241226154515.005042
824187, 1, 20241226154516.005079
