97011, 1, 20250111141132.273155
97071, 1, 20250111141133.273165
97131, 1, 20250111141134.273204
97191, 1, 20250111141135.273235
97251, 1, 20250111141136.273263
97311, 1, 20250111141137.273291
97371, 1, 20250111141138.273323
97431, 1, 20250111141139.273335
97491, 1, 20250111141140.273377
97551, 1, 20250111141141.273415
97611, 1, 20250111141142.273440
97671, 1, 20250111141143.273467
97731, 1, 20250111141144.273488
97791, 1, 20250111141145.273530
97851, 1, 20250111141146.273554
97911, 1, 20250111141147.273582
97971, 1, 20250111141148.273643
98031, 1, 20250111141149.273664
98091, 1, 20250111141150.273673
98151, 1, 20250111141151.273693
98211, 1, 20250111141152.273729
98271, 1, 20250111141153.273750
98331, 1, 20250111141154.273787
98391, 1, 20250111141155.273808
98451, 1, 20250111141156.273849
98511, 1, 20250111141157.273867
98571, 1, 20250111141158.273927
98631, 1, 20250111141159.273946
98691, 1, 20250111141200.273961
98751, 1, 20250111141201.273995
98811, 1, 20250111141202.274022
98871, 1, 20250111141203.274056
98931, 1, 20250111141204.274087
98991, 1, 20250111141205.274120
99051, 1, 20250111141206.274139
99111, 1, 20250111141207.274163
99171, 1, 20250111141208.274203
99231, 1, 20250111141209.274224
99291, 1, 20250111141210.274255
99351, 1, 20250111141211.274292
99411, 1, 20250111141212.274321
99471, 1, 20250111141213.274346
99531, 1, 20250111141214.274370
99591, 1, 20250111141215.274391
99651, 1, 20250111141216.274433
99711, 1, 20250111141217.274490
99771, 1, 20250111141218.274491
99831, 1, 20250111141219.274518
99891, 1, 20250111141220.274547
99951, 1, 20250111141221.274584
100011, 1, 20250111141222.274609
100071, 1, 20250111141223.274643
100131, 1, 20250111141224.274679
100191, 1, 20250111141225.274693
100251, 1, 20250111141226.274722
100311, 1, 20250111141227.274775
100371, 1, 20250111141228.274799
