207319, 1, 20241223203901.858019
207379, 1, 20241223203902.858036
207439, 1, 20241223203903.858063
207499, 1, 20241223203904.858086
207559, 1, 20241223203905.858107
207619, 1, 20241223203906.858142
207679, 1, 20241223203907.858194
207739, 1, 20241223203908.858206
207799, 1, 20241223203909.858251
207859, 1, 20241223203910.858283
207919, 1, 20241223203911.858294
207979, 1, 20241223203912.858326
208039, 1, 20241223203913.858364
208099, 1, 20241223203914.858376
208159, 1, 20241223203915.858406
208219, 1, 20241223203916.858438
208279, 1, 20241223203917.858475
208339, 1, 20241223203918.858500
208399, 1, 20241223203919.858537
208459, 1, 20241223203920.858576
208519, 1, 20241223203921.858584
208579, 1, 20241223203922.858618
208639, 1, 20241223203923.858639
208699, 1, 20241223203924.858670
208759, 1, 20241223203925.858691
208819, 1, 20241223203926.858732
208879, 1, 20241223203927.858750
