368919, 1, 20241220172050.331300
368979, 1, 20241220172051.331325
369039, 1, 20241220172052.331363
369099, 1, 20241220172053.331357
369159, 1, 20241220172054.331430
369219, 1, 20241220172055.331436
369279, 1, 20241220172056.331459
369339, 1, 20241220172057.331497
369399, 1, 20241220172058.331512
369459, 1, 20241220172059.331536
369519, 1, 20241220172100.331571
369579, 1, 20241220172101.331644
369639, 1, 20241220172102.331679
369699, 1, 20241220172103.331707
369759, 1, 20241220172104.331692
369819, 1, 20241220172105.331718
369879, 1, 20241220172106.331738
369939, 1, 20241220172107.331772
369999, 1, 20241220172108.331805
370059, 1, 20241220172109.331873
370119, 1, 20241220172110.331835
370179, 1, 20241220172111.331902
370239, 1, 20241220172112.331926
