633165, 1, 20250111164028.507823
633225, 1, 20250111164029.507853
633285, 1, 20250111164030.507885
633345, 1, 20250111164031.507916
633405, 1, 20250111164032.507922
633465, 1, 20250111164033.507962
633525, 1, 20250111164034.508006
633585, 1, 20250111164035.508032
633645, 1, 20250111164036.508061
633705, 1, 20250111164037.508083
633765, 1, 20250111164038.508122
633825, 1, 20250111164039.508152
633885, 1, 20250111164040.508172
633945, 1, 20250111164041.508205
634005, 1, 20250111164042.508225
634065, 1, 20250111164043.508254
634125, 1, 20250111164044.508295
634185, 1, 20250111164045.508315
634245, 1, 20250111164046.508372
634305, 1, 20250111164047.508408
634365, 1, 20250111164048.508443
634425, 1, 20250111164049.508440
634485, 1, 20250111164050.508481
634545, 1, 20250111164051.508503
634605, 1, 20250111164052.508528
634665, 1, 20250111164053.508553
634725, 1, 20250111164054.508595
634785, 1, 20250111164055.508608
634845, 1, 20250111164056.508663
634905, 1, 20250111164057.508698
634965, 1, 20250111164058.508701
635025, 1, 20250111164059.508725
635085, 1, 20250111164100.508765
635145, 1, 20250111164101.508793
635205, 1, 20250111164102.508825
635265, 1, 20250111164103.508848
635325, 1, 20250111164104.508884
635385, 1, 20250111164105.508904
635445, 1, 20250111164106.508940
635505, 1, 20250111164107.508955
635565, 1, 20250111164108.509010
635625, 1, 20250111164109.509024
635685, 1, 20250111164110.509064
635745, 1, 20250111164111.509082
635805, 1, 20250111164112.509121
635865, 1, 20250111164113.509123
635925, 1, 20250111164114.509180
635985, 1, 20250111164115.509212
636045, 1, 20250111164116.509257
636105, 1, 20250111164117.509262
