1553, 1, 20250110114728.719908
1613, 1, 20250110114729.719938
1673, 1, 20250110114730.719945
1733, 1, 20250110114731.719970
1793, 1, 20250110114732.720005
1853, 1, 20250110114733.720033
1913, 1, 20250110114734.720062
1973, 1, 20250110114735.720079
2033, 1, 20250110114736.720124
2093, 1, 20250110114737.720158
2153, 1, 20250110114738.720186
2213, 1, 20250110114739.720226
2273, 1, 20250110114740.720233
2333, 1, 20250110114741.720262
2393, 1, 20250110114742.720292
2453, 1, 20250110114743.720320
2513, 1, 20250110114744.720345
2573, 1, 20250110114745.720375
2633, 1, 20250110114746.720411
2693, 1, 20250110114747.720438
