421945, 1, 20241226135331.723254
422005, 1, 20241226135332.723293
422065, 1, 20241226135333.723316
422125, 1, 20241226135334.723367
422185, 1, 20241226135335.723404
422245, 1, 20241226135336.723404
422305, 1, 20241226135337.723438
422365, 1, 20241226135338.723469
422425, 1, 20241226135339.723491
422485, 1, 20241226135340.723536
422545, 1, 20241226135341.723552
422605, 1, 20241226135342.723579
422665, 1, 20241226135343.723603
422725, 1, 20241226135344.723645
422785, 1, 20241226135345.723668
422845, 1, 20241226135346.723702
422905, 1, 20241226135347.723720
422965, 1, 20241226135348.723759
423025, 1, 20241226135349.723783
423085, 1, 20241226135350.723820
423145, 1, 20241226135351.723840
423205, 1, 20241226135352.723877
423265, 1, 20241226135353.723895
423325, 1, 20241226135354.723937
423385, 1, 20241226135355.723954
423445, 1, 20241226135356.723994
