246605, 1, 20241223204956.649993
246665, 1, 20241223204957.650029
246725, 1, 20241223204958.650057
246785, 1, 20241223204959.650098
246845, 1, 20241223205000.650121
246905, 1, 20241223205001.650154
246965, 1, 20241223205002.650178
247025, 1, 20241223205003.650196
247085, 1, 20241223205004.650233
247145, 1, 20241223205005.650266
247205, 1, 20241223205006.650295
247265, 1, 20241223205007.650320
247325, 1, 20241223205008.650344
247385, 1, 20241223205009.650393
247445, 1, 20241223205010.650419
247505, 1, 20241223205011.650428
247565, 1, 20241223205012.650473
247625, 1, 20241223205013.650501
247685, 1, 20241223205014.650532
247745, 1, 20241223205015.650558
247805, 1, 20241223205016.650605
247865, 1, 20241223205017.650629
247925, 1, 20241223205018.650648
247985, 1, 20241223205019.650681
248045, 1, 20241223205020.650702
248105, 1, 20241223205021.650731
248165, 1, 20241223205022.650760
248225, 1, 20241223205023.650786
248285, 1, 20241223205024.650813
248345, 1, 20241223205025.650851
248405, 1, 20241223205026.650897
248465, 1, 20241223205027.650927
248525, 1, 20241223205028.650934
248585, 1, 20241223205029.650960
248645, 1, 20241223205030.651004
248705, 1, 20241223205031.651025
248765, 1, 20241223205032.651060
248825, 1, 20241223205033.651094
248885, 1, 20241223205034.651104
248945, 1, 20241223205035.651141
249005, 1, 20241223205036.651175
249065, 1, 20241223205037.651204
249125, 1, 20241223205038.651227
249185, 1, 20241223205039.651261
249245, 1, 20241223205040.651296
249305, 1, 20241223205041.651324
249365, 1, 20241223205042.651344
249425, 1, 20241223205043.651372
249485, 1, 20241223205044.651407
249545, 1, 20241223205045.651462
249605, 1, 20241223205046.651490
249665, 1, 20241223205047.651501
249725, 1, 20241223205048.651525
249785, 1, 20241223205049.651546
249845, 1, 20241223205050.651588
249905, 1, 20241223205051.651618
249965, 1, 20241223205052.651640
250025, 1, 20241223205053.651667
250085, 1, 20241223205054.651704
250145, 1, 20241223205055.651751
250205, 1, 20241223205056.651792
250265, 1, 20241223205057.651802
250325, 1, 20241223205058.651827
250385, 1, 20241223205059.651840
250445, 1, 20241223205100.651874
250505, 1, 20241223205101.651906
250565, 1, 20241223205102.651940
250625, 1, 20241223205103.651962
250685, 1, 20241223205104.651997
250745, 1, 20241223205105.652030
250805, 1, 20241223205106.652049
250865, 1, 20241223205107.652075
250925, 1, 20241223205108.652100
250985, 1, 20241223205109.652131
251045, 1, 20241223205110.652167
251105, 1, 20241223205111.652195
251165, 1, 20241223205112.652232
251225, 1, 20241223205113.652259
251285, 1, 20241223205114.652285
251345, 1, 20241223205115.652313
251405, 1, 20241223205116.652345
251465, 1, 20241223205117.652365
251525, 1, 20241223205118.652407
251585, 1, 20241223205119.652428
251645, 1, 20241223205120.652452
251705, 1, 20241223205121.652484
251765, 1, 20241223205122.652510
251825, 1, 20241223205123.652546
251885, 1, 20241223205124.652601
251945, 1, 20241223205125.652614
252005, 1, 20241223205126.652632
252065, 1, 20241223205127.652657
252125, 1, 20241223205128.652697
252185, 1, 20241223205129.652723
252245, 1, 20241223205130.652748
252305, 1, 20241223205131.652771
252365, 1, 20241223205132.652801
252425, 1, 20241223205133.652837
252485, 1, 20241223205134.652893
252545, 1, 20241223205135.652903
252605, 1, 20241223205136.652924
252665, 1, 20241223205137.652956
252725, 1, 20241223205138.652982
252785, 1, 20241223205139.653011
252845, 1, 20241223205140.653047
252905, 1, 20241223205141.653080
252965, 1, 20241223205142.653104
253025, 1, 20241223205143.653155
253085, 1, 20241223205144.653175
253145, 1, 20241223205145.653177
253205, 1, 20241223205146.653219
253265, 1, 20241223205147.653247
253325, 1, 20241223205148.653271
253385, 1, 20241223205149.653306
253445, 1, 20241223205150.653345
253505, 1, 20241223205151.653367
253565, 1, 20241223205152.653399
253625, 1, 20241223205153.653419
253685, 1, 20241223205154.653452
253745, 1, 20241223205155.653474
253805, 1, 20241223205156.653502
253865, 1, 20241223205157.653538
253925, 1, 20241223205158.653563
253985, 1, 20241223205159.653603
254045, 1, 20241223205200.653630
254105, 1, 20241223205201.653652
254165, 1, 20241223205202.653692
254225, 1, 20241223205203.653731
254285, 1, 20241223205204.653754
254345, 1, 20241223205205.653772
254405, 1, 20241223205206.653805
254465, 1, 20241223205207.653832
254525, 1, 20241223205208.653850
254585, 1, 20241223205209.653879
254645, 1, 20241223205210.653913
254705, 1, 20241223205211.653953
254765, 1, 20241223205212.653969
254825, 1, 20241223205213.654019
254885, 1, 20241223205214.654046
254945, 1, 20241223205215.654070
255005, 1, 20241223205216.654091
