321075, 1, 20250106181310.577155
321135, 1, 20250106181311.577193
321195, 1, 20250106181312.577214
321255, 1, 20250106181313.577240
321315, 1, 20250106181314.577282
321375, 1, 20250106181315.577348
321435, 1, 20250106181316.577344
321495, 1, 20250106181317.577445
321555, 1, 20250106181318.577400
321615, 1, 20250106181319.577417
321675, 1, 20250106181320.577501
321735, 1, 20250106181321.577528
321795, 1, 20250106181322.577518
321855, 1, 20250106181323.577573
321915, 1, 20250106181324.577605
321975, 1, 20250106181325.577611
322035, 1, 20250106181326.577657
322095, 1, 20250106181327.577644
322155, 1, 20250106181328.577698
322215, 1, 20250106181329.577740
322275, 1, 20250106181330.577743
322335, 1, 20250106181331.577806
322395, 1, 20250106181332.577816
322455, 1, 20250106181333.577855
322515, 1, 20250106181334.577899
322575, 1, 20250106181335.577931
322635, 1, 20250106181336.577924
322695, 1, 20250106181337.578049
322755, 1, 20250106181338.578018
322815, 1, 20250106181339.578020
322875, 1, 20250106181340.578053
322935, 1, 20250106181341.578075
322995, 1, 20250106181342.578107
323055, 1, 20250106181343.578160
323115, 1, 20250106181344.578171
323175, 1, 20250106181345.578188
323235, 1, 20250106181346.578319
323295, 1, 20250106181347.578289
323355, 1, 20250106181348.578320
323415, 1, 20250106181349.578318
323475, 1, 20250106181350.578351
323535, 1, 20250106181351.578379
323595, 1, 20250106181352.578483
323655, 1, 20250106181353.578445
323715, 1, 20250106181354.578500
323775, 1, 20250106181355.578488
323835, 1, 20250106181356.578556
323895, 1, 20250106181357.578557
323955, 1, 20250106181358.578582
324015, 1, 20250106181359.578614
324075, 1, 20250106181400.578728
324135, 1, 20250106181401.578657
324195, 1, 20250106181402.578726
324255, 1, 20250106181403.578735
324315, 1, 20250106181404.578795
324375, 1, 20250106181405.578782
324435, 1, 20250106181406.578902
324495, 1, 20250106181407.578841
324555, 1, 20250106181408.578885
324615, 1, 20250106181409.578912
324675, 1, 20250106181410.578938
324735, 1, 20250106181411.578969
324795, 1, 20250106181412.579009
324855, 1, 20250106181413.579021
324915, 1, 20250106181414.579060
324975, 1, 20250106181415.579080
325035, 1, 20250106181416.579104
325095, 1, 20250106181417.579170
325155, 1, 20250106181418.579191
325215, 1, 20250106181419.579227
325275, 1, 20250106181420.579240
325335, 1, 20250106181421.579360
325395, 1, 20250106181422.579292
325455, 1, 20250106181423.579310
325515, 1, 20250106181424.579348
325575, 1, 20250106181425.579375
325635, 1, 20250106181426.579405
325695, 1, 20250106181427.579438
325755, 1, 20250106181428.579467
325815, 1, 20250106181429.579499
325875, 1, 20250106181430.579569
325935, 1, 20250106181431.579569
325995, 1, 20250106181432.579639
326055, 1, 20250106181433.579716
326115, 1, 20250106181434.579653
326175, 1, 20250106181435.579685
326235, 1, 20250106181436.579715
326295, 1, 20250106181437.579718
326355, 1, 20250106181438.579768
326415, 1, 20250106181439.579868
326475, 1, 20250106181440.579849
326535, 1, 20250106181441.579863
326595, 1, 20250106181442.579896
326655, 1, 20250106181443.579940
326715, 1, 20250106181444.580017
326775, 1, 20250106181445.579958
326835, 1, 20250106181446.580039
326895, 1, 20250106181447.580033
326955, 1, 20250106181448.580066
327015, 1, 20250106181449.580080
327075, 1, 20250106181450.580219
327135, 1, 20250106181451.580147
327195, 1, 20250106181452.580180
327255, 1, 20250106181453.580194
327315, 1, 20250106181454.580248
327375, 1, 20250106181455.580264
327435, 1, 20250106181456.580336
327495, 1, 20250106181457.580313
327555, 1, 20250106181458.580360
327615, 1, 20250106181459.580416
327675, 1, 20250106181500.580424
327735, 1, 20250106181501.580465
327795, 1, 20250106181502.580473
327855, 1, 20250106181503.580490
327915, 1, 20250106181504.580524
327975, 1, 20250106181505.580562
328035, 1, 20250106181506.580594
328095, 1, 20250106181507.580609
328155, 1, 20250106181508.580676
328215, 1, 20250106181509.580681
328275, 1, 20250106181510.580715
328335, 1, 20250106181511.580750
328395, 1, 20250106181512.580788
328455, 1, 20250106181513.580833
328515, 1, 20250106181514.580833
328575, 1, 20250106181515.580851
328635, 1, 20250106181516.580878
328695, 1, 20250106181517.580913
328755, 1, 20250106181518.580930
328815, 1, 20250106181519.580965
328875, 1, 20250106181520.581020
328935, 1, 20250106181521.581024
328995, 1, 20250106181522.581060
329055, 1, 20250106181523.581094
329115, 1, 20250106181524.581156
329175, 1, 20250106181525.581139
329235, 1, 20250106181526.581174
329295, 1, 20250106181527.581302
329355, 1, 20250106181528.581227
329415, 1, 20250106181529.581260
329475, 1, 20250106181530.581289
329535, 1, 20250106181531.581423
329595, 1, 20250106181532.581387
329655, 1, 20250106181533.581377
329715, 1, 20250106181534.581506
329775, 1, 20250106181535.581453
329835, 1, 20250106181536.581466
329895, 1, 20250106181537.581547
329955, 1, 20250106181538.581528
330015, 1, 20250106181539.581564
330075, 1, 20250106181540.581607
330135, 1, 20250106181541.581649
330195, 1, 20250106181542.581643
330255, 1, 20250106181543.581774
330315, 1, 20250106181544.581719
330375, 1, 20250106181545.581729
330435, 1, 20250106181546.581795
330495, 1, 20250106181547.581824
330555, 1, 20250106181548.581830
330615, 1, 20250106181549.581865
330675, 1, 20250106181550.581929
330735, 1, 20250106181551.581937
330795, 1, 20250106181552.581944
330855, 1, 20250106181553.581961
330915, 1, 20250106181554.582000
330975, 1, 20250106181555.582021
331035, 1, 20250106181556.582067
331095, 1, 20250106181557.582091
331155, 1, 20250106181558.582128
331215, 1, 20250106181559.582236
331275, 1, 20250106181600.582179
331335, 1, 20250106181601.582205
331395, 1, 20250106181602.582242
331455, 1, 20250106181603.582266
331515, 1, 20250106181604.582302
331575, 1, 20250106181605.582317
331635, 1, 20250106181606.582343
331695, 1, 20250106181607.582412
331755, 1, 20250106181608.582413
