22955, 1, 20250108111047.209800
23015, 1, 20250108111048.209837
23075, 1, 20250108111049.209851
23135, 1, 20250108111050.209871
23195, 1, 20250108111051.209906
23255, 1, 20250108111052.209925
23315, 1, 20250108111053.209954
23375, 1, 20250108111054.209976
23435, 1, 20250108111055.210017
23495, 1, 20250108111056.210051
23555, 1, 20250108111057.210093
23615, 1, 20250108111058.210115
23675, 1, 20250108111059.210130
23735, 1, 20250108111100.210161
23795, 1, 20250108111101.210181
23855, 1, 20250108111102.210202
23915, 1, 20250108111103.210244
23975, 1, 20250108111104.210272
24035, 1, 20250108111105.210300
24095, 1, 20250108111106.210321
24155, 1, 20250108111107.210381
24215, 1, 20250108111108.210385
24275, 1, 20250108111109.210407
24335, 1, 20250108111110.210427
24395, 1, 20250108111111.210455
24455, 1, 20250108111112.210483
24515, 1, 20250108111113.210513
24575, 1, 20250108111114.210534
24635, 1, 20250108111115.210580
24695, 1, 20250108111116.210597
24755, 1, 20250108111117.210628
24815, 1, 20250108111118.210652
24875, 1, 20250108111119.210688
24935, 1, 20250108111120.210711
24995, 1, 20250108111121.210755
25055, 1, 20250108111122.210757
25115, 1, 20250108111123.210793
25175, 1, 20250108111124.210830
25235, 1, 20250108111125.210850
25295, 1, 20250108111126.210882
25355, 1, 20250108111127.210924
25415, 1, 20250108111128.210930
25475, 1, 20250108111129.210969
25535, 1, 20250108111130.210979
25595, 1, 20250108111131.211016
25655, 1, 20250108111132.211047
25715, 1, 20250108111133.211070
25775, 1, 20250108111134.211102
25835, 1, 20250108111135.211129
25895, 1, 20250108111136.211169
25955, 1, 20250108111137.211173
26015, 1, 20250108111138.211206
26075, 1, 20250108111139.211236
26135, 1, 20250108111140.211262
26195, 1, 20250108111141.211297
26255, 1, 20250108111142.211321
26315, 1, 20250108111143.211353
26375, 1, 20250108111144.211373
26435, 1, 20250108111145.211405
26495, 1, 20250108111146.211429
26555, 1, 20250108111147.211462
26615, 1, 20250108111148.211486
26675, 1, 20250108111149.211522
26735, 1, 20250108111150.211529
26795, 1, 20250108111151.211565
26855, 1, 20250108111152.211587
26915, 1, 20250108111153.211618
26975, 1, 20250108111154.211641
27035, 1, 20250108111155.211697
27095, 1, 20250108111156.211713
27155, 1, 20250108111157.211734
27215, 1, 20250108111158.211757
27275, 1, 20250108111159.211788
27335, 1, 20250108111200.211816
27395, 1, 20250108111201.211847
27455, 1, 20250108111202.211869
27515, 1, 20250108111203.211905
27575, 1, 20250108111204.211913
27635, 1, 20250108111205.211961
27695, 1, 20250108111206.211993
27755, 1, 20250108111207.211979
