338107, 1, 20250107153523.508823
338167, 1, 20250107153524.508850
338227, 1, 20250107153525.508882
338287, 1, 20250107153526.508935
338347, 1, 20250107153527.508941
338407, 1, 20250107153528.508961
338467, 1, 20250107153529.509007
338527, 1, 20250107153530.509020
338587, 1, 20250107153531.509053
338647, 1, 20250107153532.509102
338707, 1, 20250107153533.509121
338767, 1, 20250107153534.509144
338827, 1, 20250107153535.509172
338887, 1, 20250107153536.509222
338947, 1, 20250107153537.509236
339007, 1, 20250107153538.509254
339067, 1, 20250107153539.509293
339127, 1, 20250107153540.509315
339187, 1, 20250107153541.509352
339247, 1, 20250107153542.509392
339307, 1, 20250107153543.509409
339367, 1, 20250107153544.509440
339427, 1, 20250107153545.509475
339487, 1, 20250107153546.509507
339547, 1, 20250107153547.509529
339607, 1, 20250107153548.509565
339667, 1, 20250107153549.509583
339727, 1, 20250107153550.509614
339787, 1, 20250107153551.509659
339847, 1, 20250107153552.509675
339907, 1, 20250107153553.509716
339967, 1, 20250107153554.509743
340027, 1, 20250107153555.509790
340087, 1, 20250107153556.509826
340147, 1, 20250107153557.509821
340207, 1, 20250107153558.509853
340267, 1, 20250107153559.509902
340327, 1, 20250107153600.509926
340387, 1, 20250107153601.509955
340447, 1, 20250107153602.509979
340507, 1, 20250107153603.510016
340567, 1, 20250107153604.510044
340627, 1, 20250107153605.510091
340687, 1, 20250107153606.510114
340747, 1, 20250107153607.510138
340807, 1, 20250107153608.510169
340867, 1, 20250107153609.510195
340927, 1, 20250107153610.510227
340987, 1, 20250107153611.510242
