517419, 1, 20250115151437.878083
517479, 1, 20250115151438.878107
517539, 1, 20250115151439.878149
517599, 1, 20250115151440.878258
517659, 1, 20250115151441.878259
517719, 1, 20250115151442.878281
517779, 1, 20250115151443.878213
517839, 1, 20250115151444.878300
517899, 1, 20250115151445.878436
517959, 1, 20250115151446.878337
518019, 1, 20250115151447.878387
518079, 1, 20250115151448.878412
518139, 1, 20250115151449.878426
518199, 1, 20250115151450.878545
518259, 1, 20250115151451.878488
518319, 1, 20250115151452.878583
518379, 1, 20250115151453.878546
518439, 1, 20250115151454.878547
518499, 1, 20250115151455.878685
518559, 1, 20250115151456.878669
518619, 1, 20250115151457.878658
518679, 1, 20250115151458.878724
518739, 1, 20250115151459.878812
518799, 1, 20250115151500.878806
518859, 1, 20250115151501.878812
518919, 1, 20250115151502.878838
518979, 1, 20250115151503.878830
519039, 1, 20250115151504.878861
519099, 1, 20250115151505.879000
519159, 1, 20250115151506.878918
519219, 1, 20250115151507.878942
519279, 1, 20250115151508.879006
519339, 1, 20250115151509.879021
519399, 1, 20250115151510.879027
519459, 1, 20250115151511.879059
519519, 1, 20250115151512.879089
519579, 1, 20250115151513.879102
519639, 1, 20250115151514.879139
519699, 1, 20250115151515.879173
519759, 1, 20250115151516.879190
519819, 1, 20250115151517.879225
519879, 1, 20250115151518.879301
519939, 1, 20250115151519.879282
519999, 1, 20250115151520.879363
520059, 1, 20250115151521.879393
520119, 1, 20250115151522.879468
520179, 1, 20250115151523.879488
520239, 1, 20250115151524.879520
520299, 1, 20250115151525.879502
520359, 1, 20250115151526.879537
520419, 1, 20250115151527.879555
520479, 1, 20250115151528.879648
520539, 1, 20250115151529.879671
520599, 1, 20250115151530.879692
520659, 1, 20250115151531.879738
520719, 1, 20250115151532.879774
520779, 1, 20250115151533.879792
520839, 1, 20250115151534.879813
520899, 1, 20250115151535.879843
520959, 1, 20250115151536.879875
521019, 1, 20250115151537.879906
521079, 1, 20250115151538.879950
521139, 1, 20250115151539.879979
521199, 1, 20250115151540.880006
521259, 1, 20250115151541.880014
521319, 1, 20250115151542.880062
521379, 1, 20250115151543.880090
521439, 1, 20250115151544.880124
521499, 1, 20250115151545.880140
521559, 1, 20250115151546.880161
521619, 1, 20250115151547.880183
521679, 1, 20250115151548.880224
521739, 1, 20250115151549.880249
521799, 1, 20250115151550.880286
521859, 1, 20250115151551.880314
521919, 1, 20250115151552.880348
521979, 1, 20250115151553.880352
522039, 1, 20250115151554.880385
522099, 1, 20250115151555.880439
522159, 1, 20250115151556.880464
522219, 1, 20250115151557.880500
522279, 1, 20250115151558.880537
522339, 1, 20250115151559.880548
522399, 1, 20250115151600.880574
522459, 1, 20250115151601.880603
522519, 1, 20250115151602.880628
522579, 1, 20250115151603.880651
522639, 1, 20250115151604.880669
522699, 1, 20250115151605.880711
522759, 1, 20250115151606.880747
522819, 1, 20250115151607.880796
522879, 1, 20250115151608.880822
522939, 1, 20250115151609.880837
522999, 1, 20250115151610.880868
523059, 1, 20250115151611.880897
523119, 1, 20250115151612.880913
523179, 1, 20250115151613.880953
523239, 1, 20250115151614.880972
523299, 1, 20250115151615.880990
523359, 1, 20250115151616.881037
523419, 1, 20250115151617.881069
523479, 1, 20250115151618.881084
523539, 1, 20250115151619.881103
523599, 1, 20250115151620.881145
523659, 1, 20250115151621.881176
523719, 1, 20250115151622.881200
523779, 1, 20250115151623.881239
523839, 1, 20250115151624.881267
523899, 1, 20250115151625.881284
523959, 1, 20250115151626.881319
524019, 1, 20250115151627.881328
524079, 1, 20250115151628.881402
524139, 1, 20250115151629.881390
524199, 1, 20250115151630.881426
524259, 1, 20250115151631.881452
524319, 1, 20250115151632.881576
524379, 1, 20250115151633.881503
524439, 1, 20250115151634.881601
524499, 1, 20250115151635.881616
524559, 1, 20250115151636.881620
524619, 1, 20250115151637.881691
524679, 1, 20250115151638.881711
524739, 1, 20250115151639.881730
524799, 1, 20250115151640.881766
524859, 1, 20250115151641.881797
524919, 1, 20250115151642.881831
