152513, 1, 20241226192140.060945
152573, 1, 20241226192141.060882
152633, 1, 20241226192142.060879
152693, 1, 20241226192143.060884
152753, 1, 20241226192144.060911
152813, 1, 20241226192145.060945
152873, 1, 20241226192146.061187
152933, 1, 20241226192147.061153
152993, 1, 20241226192148.061171
153053, 1, 20241226192149.061199
153113, 1, 20241226192150.061295
153173, 1, 20241226192151.061270
153233, 1, 20241226192152.061292
153293, 1, 20241226192153.061363
153353, 1, 20241226192154.061351
153413, 1, 20241226192155.061381
153473, 1, 20241226192156.061400
153533, 1, 20241226192157.061434
153593, 1, 20241226192158.061537
153653, 1, 20241226192159.061491
153713, 1, 20241226192200.061521
153773, 1, 20241226192201.061547
153833, 1, 20241226192202.061584
153893, 1, 20241226192203.061687
153953, 1, 20241226192204.061636
154013, 1, 20241226192205.061671
154073, 1, 20241226192206.061701
154133, 1, 20241226192207.061677
154193, 1, 20241226192208.061821
154253, 1, 20241226192209.061841
