889035, 1, 20250112112850.239180
889095, 1, 20250112112851.239241
889155, 1, 20250112112852.239276
889215, 1, 20250112112853.239265
889275, 1, 20250112112854.239305
889335, 1, 20250112112855.239337
889395, 1, 20250112112856.239343
889455, 1, 20250112112857.239393
889515, 1, 20250112112858.239440
889575, 1, 20250112112859.239442
889635, 1, 20250112112900.239459
889695, 1, 20250112112901.239520
889755, 1, 20250112112902.239526
889815, 1, 20250112112903.239590
889875, 1, 20250112112904.239588
889935, 1, 20250112112905.239613
889995, 1, 20250112112906.239638
890055, 1, 20250112112907.239665
890115, 1, 20250112112908.239698
890175, 1, 20250112112909.239764
890235, 1, 20250112112910.239770
890295, 1, 20250112112911.239788
890355, 1, 20250112112912.239826
890415, 1, 20250112112913.239849
890475, 1, 20250112112914.239878
890535, 1, 20250112112915.239934
890595, 1, 20250112112916.239928
890655, 1, 20250112112917.239976
890715, 1, 20250112112918.240022
890775, 1, 20250112112919.240016
890835, 1, 20250112112920.240047
890895, 1, 20250112112921.240173
890955, 1, 20250112112922.240104
891015, 1, 20250112112923.240120
891075, 1, 20250112112924.240161
891135, 1, 20250112112925.240184
891195, 1, 20250112112926.240216
891255, 1, 20250112112927.240300
891315, 1, 20250112112928.240272
891375, 1, 20250112112929.240290
891435, 1, 20250112112930.240324
891495, 1, 20250112112931.240345
891555, 1, 20250112112932.240401
891615, 1, 20250112112933.240428
891675, 1, 20250112112934.240439
891735, 1, 20250112112935.240470
891795, 1, 20250112112936.240488
891855, 1, 20250112112937.240526
891915, 1, 20250112112938.240555
891975, 1, 20250112112939.240622
892035, 1, 20250112112940.240605
892095, 1, 20250112112941.240679
892155, 1, 20250112112942.240669
892215, 1, 20250112112943.240737
892275, 1, 20250112112944.240731
892335, 1, 20250112112945.240742
892395, 1, 20250112112946.240798
892455, 1, 20250112112947.240816
892515, 1, 20250112112948.240888
892575, 1, 20250112112949.240861
892635, 1, 20250112112950.240901
892695, 1, 20250112112951.240928
892755, 1, 20250112112952.240952
892815, 1, 20250112112953.240982
892875, 1, 20250112112954.241010
892935, 1, 20250112112955.241024
892995, 1, 20250112112956.241074
893055, 1, 20250112112957.241229
893115, 1, 20250112112958.241126
893175, 1, 20250112112959.241137
893235, 1, 20250112113000.241327
893295, 1, 20250112113001.241202
893355, 1, 20250112113002.241275
893415, 1, 20250112113003.241256
893475, 1, 20250112113004.241286
893535, 1, 20250112113005.241314
893595, 1, 20250112113006.241363
893655, 1, 20250112113007.241380
893715, 1, 20250112113008.241403
893775, 1, 20250112113009.241468
893835, 1, 20250112113010.241458
893895, 1, 20250112113011.241489
893955, 1, 20250112113012.241553
894015, 1, 20250112113013.241544
894075, 1, 20250112113014.241576
894135, 1, 20250112113015.241693
894195, 1, 20250112113016.241620
894255, 1, 20250112113017.241800
894315, 1, 20250112113018.241667
894375, 1, 20250112113019.241697
894435, 1, 20250112113020.241725
894495, 1, 20250112113021.241748
894555, 1, 20250112113022.241772
