232691, 1, 20250107114150.463942
232751, 1, 20250107114151.464016
232811, 1, 20250107114152.463952
232871, 1, 20250107114153.464052
232931, 1, 20250107114154.464078
232991, 1, 20250107114155.464040
233051, 1, 20250107114156.464143
233111, 1, 20250107114157.464102
233171, 1, 20250107114158.464118
233231, 1, 20250107114159.464216
233291, 1, 20250107114200.464220
233351, 1, 20250107114201.464174
233411, 1, 20250107114202.464241
233471, 1, 20250107114203.464271
233531, 1, 20250107114204.464299
233591, 1, 20250107114205.464331
233651, 1, 20250107114206.464349
233711, 1, 20250107114207.464459
233771, 1, 20250107114208.464412
233831, 1, 20250107114209.464432
233891, 1, 20250107114210.464548
233951, 1, 20250107114211.464570
234011, 1, 20250107114212.464532
234071, 1, 20250107114213.464563
234131, 1, 20250107114214.464546
234191, 1, 20250107114215.464622
234251, 1, 20250107114216.464646
234311, 1, 20250107114217.464675
234371, 1, 20250107114218.464704
234431, 1, 20250107114219.464750
234491, 1, 20250107114220.464785
234551, 1, 20250107114221.464801
234611, 1, 20250107114222.464819
234671, 1, 20250107114223.464883
234731, 1, 20250107114224.464883
234791, 1, 20250107114225.464988
234851, 1, 20250107114226.464966
234911, 1, 20250107114227.464924
234971, 1, 20250107114228.464996
235031, 1, 20250107114229.465040
235091, 1, 20250107114230.465115
235151, 1, 20250107114231.465157
235211, 1, 20250107114232.465140
235271, 1, 20250107114233.465143
235331, 1, 20250107114234.465249
235391, 1, 20250107114235.465282
235451, 1, 20250107114236.465300
235511, 1, 20250107114237.465332
235571, 1, 20250107114238.465282
235631, 1, 20250107114239.465320
235691, 1, 20250107114240.465315
235751, 1, 20250107114241.465379
235811, 1, 20250107114242.465473
235871, 1, 20250107114243.465435
235931, 1, 20250107114244.465464
235991, 1, 20250107114245.465487
236051, 1, 20250107114246.465522
236111, 1, 20250107114247.465552
236171, 1, 20250107114248.465641
236231, 1, 20250107114249.465630
236291, 1, 20250107114250.465678
236351, 1, 20250107114251.465671
236411, 1, 20250107114252.465699
236471, 1, 20250107114253.465699
236531, 1, 20250107114254.465754
236591, 1, 20250107114255.465778
236651, 1, 20250107114256.465815
236711, 1, 20250107114257.465844
236771, 1, 20250107114258.465920
236831, 1, 20250107114259.465998
236891, 1, 20250107114300.465933
236951, 1, 20250107114301.465967
237011, 1, 20250107114302.465992
237071, 1, 20250107114303.466098
237131, 1, 20250107114304.466067
237191, 1, 20250107114305.466088
237251, 1, 20250107114306.466113
237311, 1, 20250107114307.466211
237371, 1, 20250107114308.466216
237431, 1, 20250107114309.466202
237491, 1, 20250107114310.466230
237551, 1, 20250107114311.466322
237611, 1, 20250107114312.466289
237671, 1, 20250107114313.466316
