201203, 1, 20241224105232.312238
201263, 1, 20241224105233.312262
201323, 1, 20241224105234.312283
201383, 1, 20241224105235.312308
201443, 1, 20241224105236.312345
201503, 1, 20241224105237.312364
201563, 1, 20241224105238.312398
201623, 1, 20241224105239.312421
201683, 1, 20241224105240.312455
201743, 1, 20241224105241.312488
201803, 1, 20241224105242.312530
201863, 1, 20241224105243.312564
201923, 1, 20241224105244.312566
201983, 1, 20241224105245.312602
202043, 1, 20241224105246.312621
202103, 1, 20241224105247.312658
202163, 1, 20241224105248.312700
202223, 1, 20241224105249.312717
202283, 1, 20241224105250.312745
202343, 1, 20241224105251.312774
202403, 1, 20241224105252.312803
202463, 1, 20241224105253.312822
202523, 1, 20241224105254.312863
202583, 1, 20241224105255.312892
202643, 1, 20241224105256.312912
202703, 1, 20241224105257.312953
202763, 1, 20241224105258.312980
202823, 1, 20241224105259.313008
202883, 1, 20241224105300.313047
202943, 1, 20241224105301.313081
203003, 1, 20241224105302.313106
203063, 1, 20241224105303.313123
203123, 1, 20241224105304.313159
203183, 1, 20241224105305.313178
203243, 1, 20241224105306.313203
203303, 1, 20241224105307.313242
203363, 1, 20241224105308.313268
203423, 1, 20241224105309.313282
203483, 1, 20241224105310.313327
203543, 1, 20241224105311.313359
203603, 1, 20241224105312.313387
203663, 1, 20241224105313.313411
203723, 1, 20241224105314.313431
203783, 1, 20241224105315.313462
203843, 1, 20241224105316.313501
203903, 1, 20241224105317.313526
203963, 1, 20241224105318.313543
204023, 1, 20241224105319.313585
204083, 1, 20241224105320.313618
204143, 1, 20241224105321.313649
204203, 1, 20241224105322.313664
204263, 1, 20241224105323.313700
204323, 1, 20241224105324.313729
204383, 1, 20241224105325.313760
204443, 1, 20241224105326.313779
204503, 1, 20241224105327.313817
204563, 1, 20241224105328.313836
204623, 1, 20241224105329.313869
204683, 1, 20241224105330.313890
204743, 1, 20241224105331.313922
204803, 1, 20241224105332.313957
204863, 1, 20241224105333.313990
204923, 1, 20241224105334.314019
204983, 1, 20241224105335.314038
205043, 1, 20241224105336.314071
205103, 1, 20241224105337.314086
205163, 1, 20241224105338.314130
205223, 1, 20241224105339.314070
205283, 1, 20241224105340.314201
205343, 1, 20241224105341.314227
205403, 1, 20241224105342.314237
205463, 1, 20241224105343.314269
205523, 1, 20241224105344.314302
205583, 1, 20241224105345.314338
205643, 1, 20241224105346.314369
205703, 1, 20241224105347.314407
