302109, 1, 20250122151100.866287
302169, 1, 20250122151101.866318
302229, 1, 20250122151102.866358
302289, 1, 20250122151103.866383
302349, 1, 20250122151104.866413
302409, 1, 20250122151105.866441
302469, 1, 20250122151106.866456
302529, 1, 20250122151107.866487
302589, 1, 20250122151108.866543
302649, 1, 20250122151109.866557
302709, 1, 20250122151110.866574
302769, 1, 20250122151111.866617
302829, 1, 20250122151112.866643
302889, 1, 20250122151113.866669
302949, 1, 20250122151114.866693
303009, 1, 20250122151115.866717
303069, 1, 20250122151116.866738
303129, 1, 20250122151117.866775
303189, 1, 20250122151118.866821
303249, 1, 20250122151119.866851
303309, 1, 20250122151120.866863
303369, 1, 20250122151121.866897
303429, 1, 20250122151122.866926
303489, 1, 20250122151123.866951
303549, 1, 20250122151124.866991
303609, 1, 20250122151125.866998
303669, 1, 20250122151126.867053
303729, 1, 20250122151127.867058
303789, 1, 20250122151128.867073
303849, 1, 20250122151129.867106
303909, 1, 20250122151130.867117
303969, 1, 20250122151131.867169
304029, 1, 20250122151132.867196
304089, 1, 20250122151133.867158
304149, 1, 20250122151134.867172
304209, 1, 20250122151135.867269
304269, 1, 20250122151136.867245
304329, 1, 20250122151137.867258
304389, 1, 20250122151138.867312
304449, 1, 20250122151139.867325
304509, 1, 20250122151140.867332
304569, 1, 20250122151141.867453
304629, 1, 20250122151142.867405
304689, 1, 20250122151143.867478
304749, 1, 20250122151144.867554
304809, 1, 20250122151145.867585
304869, 1, 20250122151146.867526
304929, 1, 20250122151147.867607
304989, 1, 20250122151148.867651
305049, 1, 20250122151149.867625
305109, 1, 20250122151150.867727
305169, 1, 20250122151151.867706
305229, 1, 20250122151152.867696
305289, 1, 20250122151153.867808
305349, 1, 20250122151154.867800
305409, 1, 20250122151155.867826
305469, 1, 20250122151156.867887
305529, 1, 20250122151157.867911
305589, 1, 20250122151158.867865
305649, 1, 20250122151159.867950
305709, 1, 20250122151200.867911
305769, 1, 20250122151201.867961
305829, 1, 20250122151202.868043
305889, 1, 20250122151203.868065
305949, 1, 20250122151204.868105
306009, 1, 20250122151205.868072
306069, 1, 20250122151206.868102
306129, 1, 20250122151207.868168
306189, 1, 20250122151208.868164
