985859, 1, 20241227172940.035986
985919, 1, 20241227172941.036022
985979, 1, 20241227172942.036043
986039, 1, 20241227172943.036078
986099, 1, 20241227172944.036099
986159, 1, 20241227172945.036134
986219, 1, 20241227172946.036310
986279, 1, 20241227172947.036335
986339, 1, 20241227172948.036369
986399, 1, 20241227172949.036390
986459, 1, 20241227172950.036413
986519, 1, 20241227172951.036432
986579, 1, 20241227172952.036467
986639, 1, 20241227172953.036503
986699, 1, 20241227172954.036536
986759, 1, 20241227172955.036436
986819, 1, 20241227172956.036478
986879, 1, 20241227172957.036509
986939, 1, 20241227172958.036668
986999, 1, 20241227172959.036680
987059, 1, 20241227173000.036703
987119, 1, 20241227173001.036748
987179, 1, 20241227173002.036765
987239, 1, 20241227173003.036803
987299, 1, 20241227173004.036839
987359, 1, 20241227173005.036859
987419, 1, 20241227173006.036909
987479, 1, 20241227173007.036937
987539, 1, 20241227173008.036952
987599, 1, 20241227173009.036974
987659, 1, 20241227173010.037004
987719, 1, 20241227173011.037036
987779, 1, 20241227173012.036925
987839, 1, 20241227173013.037095
987899, 1, 20241227173014.037117
987959, 1, 20241227173015.037182
988019, 1, 20241227173016.037184
988079, 1, 20241227173017.037230
988139, 1, 20241227173018.037230
988199, 1, 20241227173019.037265
988259, 1, 20241227173020.037161
988319, 1, 20241227173021.037189
988379, 1, 20241227173022.037218
988439, 1, 20241227173023.037393
988499, 1, 20241227173024.037273
988559, 1, 20241227173025.037297
988619, 1, 20241227173026.037345
988679, 1, 20241227173027.037499
988739, 1, 20241227173028.037528
988799, 1, 20241227173029.037405
988859, 1, 20241227173030.037456
988919, 1, 20241227173031.037625
988979, 1, 20241227173032.037648
989039, 1, 20241227173033.037678
989099, 1, 20241227173034.037713
989159, 1, 20241227173035.037761
989219, 1, 20241227173036.037789
989279, 1, 20241227173037.037793
989339, 1, 20241227173038.037828
989399, 1, 20241227173039.037857
989459, 1, 20241227173040.037880
989519, 1, 20241227173041.037924
989579, 1, 20241227173042.037947
989639, 1, 20241227173043.037964
989699, 1, 20241227173044.037991
989759, 1, 20241227173045.038052
989819, 1, 20241227173046.038080
989879, 1, 20241227173047.038084
989939, 1, 20241227173048.038117
989999, 1, 20241227173049.038147
990059, 1, 20241227173050.038181
990119, 1, 20241227173051.038202
990179, 1, 20241227173052.038243
990239, 1, 20241227173053.038255
990299, 1, 20241227173054.038296
990359, 1, 20241227173055.038332
990419, 1, 20241227173056.038348
990479, 1, 20241227173057.038390
990539, 1, 20241227173058.038405
990599, 1, 20241227173059.038435
990659, 1, 20241227173100.038469
990719, 1, 20241227173101.038500
990779, 1, 20241227173102.038530
990839, 1, 20241227173103.038552
990899, 1, 20241227173104.038589
990959, 1, 20241227173105.038626
991019, 1, 20241227173106.038633
991079, 1, 20241227173107.038674
991139, 1, 20241227173108.038707
991199, 1, 20241227173109.038597
991259, 1, 20241227173110.038622
991319, 1, 20241227173111.038650
991379, 1, 20241227173112.038678
991439, 1, 20241227173113.038706
991499, 1, 20241227173114.038898
991559, 1, 20241227173115.038923
991619, 1, 20241227173116.038935
991679, 1, 20241227173117.038955
991739, 1, 20241227173118.038995
991799, 1, 20241227173119.039028
991859, 1, 20241227173120.039067
991919, 1, 20241227173121.039095
991979, 1, 20241227173122.039127
992039, 1, 20241227173123.038998
992099, 1, 20241227173124.039063
992159, 1, 20241227173125.039063
992219, 1, 20241227173126.039083
992279, 1, 20241227173127.039110
992339, 1, 20241227173128.039138
992399, 1, 20241227173129.039175
992459, 1, 20241227173130.039203
992519, 1, 20241227173131.039241
992579, 1, 20241227173132.039271
992639, 1, 20241227173133.039320
992699, 1, 20241227173134.039324
992759, 1, 20241227173135.039366
992819, 1, 20241227173136.039380
992879, 1, 20241227173137.039547
992939, 1, 20241227173138.039581
992999, 1, 20241227173139.039613
993059, 1, 20241227173140.039640
993119, 1, 20241227173141.039659
993179, 1, 20241227173142.039699
993239, 1, 20241227173143.039752
993299, 1, 20241227173144.039772
993359, 1, 20241227173145.039789
993419, 1, 20241227173146.039825
993479, 1, 20241227173147.039854
993539, 1, 20241227173148.039872
993599, 1, 20241227173149.039761
993659, 1, 20241227173150.039943
993719, 1, 20241227173151.039964
993779, 1, 20241227173152.039987
993839, 1, 20241227173153.040035
993899, 1, 20241227173154.039924
993959, 1, 20241227173155.039936
994019, 1, 20241227173156.039980
994079, 1, 20241227173157.040143
994139, 1, 20241227173158.040180
994199, 1, 20241227173159.040184
994259, 1, 20241227173200.040230
994319, 1, 20241227173201.040256
994379, 1, 20241227173202.040272
994439, 1, 20241227173203.040327
994499, 1, 20241227173204.040344
994559, 1, 20241227173205.040366
994619, 1, 20241227173206.040379
994679, 1, 20241227173207.040435
994739, 1, 20241227173208.040462
994799, 1, 20241227173209.040348
994859, 1, 20241227173210.040393
994919, 1, 20241227173211.040553
994979, 1, 20241227173212.040449
995039, 1, 20241227173213.040606
995099, 1, 20241227173214.040500
995159, 1, 20241227173215.040535
995219, 1, 20241227173216.040688
995279, 1, 20241227173217.040592
995339, 1, 20241227173218.040612
995399, 1, 20241227173219.040652
995459, 1, 20241227173220.040679
995519, 1, 20241227173221.040702
995579, 1, 20241227173222.040761
995639, 1, 20241227173223.040915
995699, 1, 20241227173224.040954
995759, 1, 20241227173225.040969
995819, 1, 20241227173226.040996
995879, 1, 20241227173227.041024
995939, 1, 20241227173228.041048
995999, 1, 20241227173229.041073
996059, 1, 20241227173230.041106
996119, 1, 20241227173231.041137
996179, 1, 20241227173232.041181
996239, 1, 20241227173233.041218
996299, 1, 20241227173234.041225
996359, 1, 20241227173235.041256
996419, 1, 20241227173236.041281
996479, 1, 20241227173237.041313
996539, 1, 20241227173238.041361
