335107, 1, 20241220171126.779874
335167, 1, 20241220171127.779988
335227, 1, 20241220171128.779938
335287, 1, 20241220171129.780056
335347, 1, 20241220171130.780067
335407, 1, 20241220171131.780062
335467, 1, 20241220171132.780108
335527, 1, 20241220171133.780038
335587, 1, 20241220171134.780115
335647, 1, 20241220171135.780175
335707, 1, 20241220171136.780242
335767, 1, 20241220171137.780203
335827, 1, 20241220171138.780224
335887, 1, 20241220171139.780324
335947, 1, 20241220171140.780288
336007, 1, 20241220171141.780313
336067, 1, 20241220171142.780414
336127, 1, 20241220171143.780376
336187, 1, 20241220171144.780449
336247, 1, 20241220171145.780455
336307, 1, 20241220171146.780514
336367, 1, 20241220171147.780525
336427, 1, 20241220171148.780599
336487, 1, 20241220171149.780549
336547, 1, 20241220171150.780574
336607, 1, 20241220171151.780605
336667, 1, 20241220171152.780708
336727, 1, 20241220171153.780666
336787, 1, 20241220171154.780741
336847, 1, 20241220171155.780740
336907, 1, 20241220171156.780751
336967, 1, 20241220171157.780785
337027, 1, 20241220171158.780816
337087, 1, 20241220171159.780839
337147, 1, 20241220171200.780872
337207, 1, 20241220171201.780976
337267, 1, 20241220171202.780935
337327, 1, 20241220171203.780961
337387, 1, 20241220171204.781075
337447, 1, 20241220171205.781049
337507, 1, 20241220171206.781059
337567, 1, 20241220171207.781064
337627, 1, 20241220171208.781104
337687, 1, 20241220171209.781212
337747, 1, 20241220171210.781236
337807, 1, 20241220171211.781188
337867, 1, 20241220171212.781219
337927, 1, 20241220171213.781250
337987, 1, 20241220171214.781277
338047, 1, 20241220171215.781346
338107, 1, 20241220171216.781408
338167, 1, 20241220171217.781367
338227, 1, 20241220171218.781393
338287, 1, 20241220171219.781421
338347, 1, 20241220171220.781459
338407, 1, 20241220171221.781529
338467, 1, 20241220171222.781562
338527, 1, 20241220171223.781531
338587, 1, 20241220171224.781658
338647, 1, 20241220171225.781601
338707, 1, 20241220171226.781643
338767, 1, 20241220171227.781664
338827, 1, 20241220171228.781755
338887, 1, 20241220171229.781721
338947, 1, 20241220171230.781751
339007, 1, 20241220171231.781765
339067, 1, 20241220171232.781803
339127, 1, 20241220171233.781874
339187, 1, 20241220171234.781875
339247, 1, 20241220171235.781847
339307, 1, 20241220171236.781924
339367, 1, 20241220171237.782014
339427, 1, 20241220171238.781987
339487, 1, 20241220171239.782010
339547, 1, 20241220171240.782035
339607, 1, 20241220171241.782064
339667, 1, 20241220171242.782195
339727, 1, 20241220171243.782219
339787, 1, 20241220171244.782160
339847, 1, 20241220171245.782174
339907, 1, 20241220171246.782213
339967, 1, 20241220171247.782295
340027, 1, 20241220171248.782272
340087, 1, 20241220171249.782369
340147, 1, 20241220171250.782334
340207, 1, 20241220171251.782351
340267, 1, 20241220171252.782396
340327, 1, 20241220171253.782489
340387, 1, 20241220171254.782522
340447, 1, 20241220171255.782459
340507, 1, 20241220171256.782500
340567, 1, 20241220171257.782607
340627, 1, 20241220171258.782557
340687, 1, 20241220171259.782588
340747, 1, 20241220171300.782628
340807, 1, 20241220171301.782650
340867, 1, 20241220171302.782768
340927, 1, 20241220171303.782733
340987, 1, 20241220171304.782803
341047, 1, 20241220171305.782809
341107, 1, 20241220171306.782835
341167, 1, 20241220171307.782827
341227, 1, 20241220171308.782928
341287, 1, 20241220171309.782879
341347, 1, 20241220171310.782919
341407, 1, 20241220171311.782990
341467, 1, 20241220171312.783025
341527, 1, 20241220171313.783073
341587, 1, 20241220171314.783106
341647, 1, 20241220171315.783057
341707, 1, 20241220171316.783083
341767, 1, 20241220171317.783117
341827, 1, 20241220171318.783138
341887, 1, 20241220171319.783243
341947, 1, 20241220171320.783191
342007, 1, 20241220171321.783233
342067, 1, 20241220171322.783260
342127, 1, 20241220171323.783288
342187, 1, 20241220171324.783318
