346101, 1, 20250121145453.039681
346161, 1, 20250121145454.039675
346221, 1, 20250121145455.039758
346281, 1, 20250121145456.039737
346341, 1, 20250121145457.039768
346401, 1, 20250121145458.039877
346461, 1, 20250121145459.039900
346521, 1, 20250121145500.039912
346581, 1, 20250121145501.039935
346641, 1, 20250121145502.039902
346701, 1, 20250121145503.039940
346761, 1, 20250121145504.040072
346821, 1, 20250121145505.040088
346881, 1, 20250121145506.040036
346941, 1, 20250121145507.040098
347001, 1, 20250121145508.040126
347061, 1, 20250121145509.040129
347121, 1, 20250121145510.040144
347181, 1, 20250121145511.040174
347241, 1, 20250121145512.040211
347301, 1, 20250121145513.040308
347361, 1, 20250121145514.040311
347421, 1, 20250121145515.040322
347481, 1, 20250121145516.040320
347541, 1, 20250121145517.040360
347601, 1, 20250121145518.040388
347661, 1, 20250121145519.040419
347721, 1, 20250121145520.040433
347781, 1, 20250121145521.040563
347841, 1, 20250121145522.040535
347901, 1, 20250121145523.040604
347961, 1, 20250121145524.040636
348021, 1, 20250121145525.040591
348081, 1, 20250121145526.040679
348141, 1, 20250121145527.040720
348201, 1, 20250121145528.040674
348261, 1, 20250121145529.040709
348321, 1, 20250121145530.040726
348381, 1, 20250121145531.040752
348441, 1, 20250121145532.040788
348501, 1, 20250121145533.040882
348561, 1, 20250121145534.040896
348621, 1, 20250121145535.040891
348681, 1, 20250121145536.040903
348741, 1, 20250121145537.040936
348801, 1, 20250121145538.040976
348861, 1, 20250121145539.041060
348921, 1, 20250121145540.041070
348981, 1, 20250121145541.041117
349041, 1, 20250121145542.041076
349101, 1, 20250121145543.041217
349161, 1, 20250121145544.041157
349221, 1, 20250121145545.041251
349281, 1, 20250121145546.041276
349341, 1, 20250121145547.041228
349401, 1, 20250121145548.041271
349461, 1, 20250121145549.041297
349521, 1, 20250121145550.041330
349581, 1, 20250121145551.041415
349641, 1, 20250121145552.041380
349701, 1, 20250121145553.041394
349761, 1, 20250121145554.041438
349821, 1, 20250121145555.041466
349881, 1, 20250121145556.041490
349941, 1, 20250121145557.041522
350001, 1, 20250121145558.041552
350061, 1, 20250121145559.041587
350121, 1, 20250121145600.041613
350181, 1, 20250121145601.041646
350241, 1, 20250121145602.041704
350301, 1, 20250121145603.041691
350361, 1, 20250121145604.041761
350421, 1, 20250121145605.041762
350481, 1, 20250121145606.041786
350541, 1, 20250121145607.041816
350601, 1, 20250121145608.041841
350661, 1, 20250121145609.041876
350721, 1, 20250121145610.041897
350781, 1, 20250121145611.041941
350841, 1, 20250121145612.042009
350901, 1, 20250121145613.042016
350961, 1, 20250121145614.042084
351021, 1, 20250121145615.042052
351081, 1, 20250121145616.042144
351141, 1, 20250121145617.042115
351201, 1, 20250121145618.042150
351261, 1, 20250121145619.042146
351321, 1, 20250121145620.042206
351381, 1, 20250121145621.042292
351441, 1, 20250121145622.042308
351501, 1, 20250121145623.042392
351561, 1, 20250121145624.042311
351621, 1, 20250121145625.042352
351681, 1, 20250121145626.042455
351741, 1, 20250121145627.042398
351801, 1, 20250121145628.042509
351861, 1, 20250121145629.042459
351921, 1, 20250121145630.042535
351981, 1, 20250121145631.042573
352041, 1, 20250121145632.042597
352101, 1, 20250121145633.042587
352161, 1, 20250121145634.042597
352221, 1, 20250121145635.042639
352281, 1, 20250121145636.042671
352341, 1, 20250121145637.042775
352401, 1, 20250121145638.042725
352461, 1, 20250121145639.042757
352521, 1, 20250121145640.042778
352581, 1, 20250121145641.042802
352641, 1, 20250121145642.042840
352701, 1, 20250121145643.042913
352761, 1, 20250121145644.042872
352821, 1, 20250121145645.042931
352881, 1, 20250121145646.042956
352941, 1, 20250121145647.042985
353001, 1, 20250121145648.043016
353061, 1, 20250121145649.043131
353121, 1, 20250121145650.043065
353181, 1, 20250121145651.043169
353241, 1, 20250121145652.043225
353301, 1, 20250121145653.043239
353361, 1, 20250121145654.043222
353421, 1, 20250121145655.043215
353481, 1, 20250121145656.043320
353541, 1, 20250121145657.043293
353601, 1, 20250121145658.043315
353661, 1, 20250121145659.043345
353721, 1, 20250121145700.043451
353781, 1, 20250121145701.043442
353841, 1, 20250121145702.043518
353901, 1, 20250121145703.043462
353961, 1, 20250121145704.043482
354021, 1, 20250121145705.043518
354081, 1, 20250121145706.043546
354141, 1, 20250121145707.043610
354201, 1, 20250121145708.043595
354261, 1, 20250121145709.043638
354321, 1, 20250121145710.043663
354381, 1, 20250121145711.043694
354441, 1, 20250121145712.043759
354501, 1, 20250121145713.043827
354561, 1, 20250121145714.043848
354621, 1, 20250121145715.043813
