76655, 1, 20241222114154.115689
76715, 1, 20241222114155.115719
76775, 1, 20241222114156.115784
76835, 1, 20241222114157.115772
76895, 1, 20241222114158.115856
76955, 1, 20241222114159.115834
77015, 1, 20241222114200.115982
77075, 1, 20241222114201.115884
77135, 1, 20241222114202.115932
77195, 1, 20241222114203.115993
77255, 1, 20241222114204.115984
77315, 1, 20241222114205.116019
77375, 1, 20241222114206.116045
77435, 1, 20241222114207.116077
77495, 1, 20241222114208.116139
77555, 1, 20241222114209.116122
77615, 1, 20241222114210.116160
77675, 1, 20241222114211.116241
77735, 1, 20241222114212.116221
77795, 1, 20241222114213.116246
77855, 1, 20241222114214.116300
77915, 1, 20241222114215.116313
77975, 1, 20241222114216.116344
78035, 1, 20241222114217.116377
78095, 1, 20241222114218.116438
78155, 1, 20241222114219.116564
78215, 1, 20241222114220.116516
78275, 1, 20241222114221.116482
78335, 1, 20241222114222.116559
78395, 1, 20241222114223.116558
78455, 1, 20241222114224.116584
78515, 1, 20241222114225.116615
78575, 1, 20241222114226.116663
78635, 1, 20241222114227.116663
78695, 1, 20241222114228.116698
78755, 1, 20241222114229.116736
78815, 1, 20241222114230.116770
78875, 1, 20241222114231.116781
78935, 1, 20241222114232.116862
78995, 1, 20241222114233.116849
79055, 1, 20241222114234.116867
79115, 1, 20241222114235.116910
79175, 1, 20241222114236.116971
79235, 1, 20241222114237.116962
79295, 1, 20241222114238.116990
79355, 1, 20241222114239.117031
79415, 1, 20241222114240.117039
79475, 1, 20241222114241.117090
79535, 1, 20241222114242.117105
79595, 1, 20241222114243.117136
79655, 1, 20241222114244.117165
79715, 1, 20241222114245.117184
79775, 1, 20241222114246.117227
79835, 1, 20241222114247.117297
79895, 1, 20241222114248.117285
79955, 1, 20241222114249.117420
80015, 1, 20241222114250.117350
80075, 1, 20241222114251.117374
80135, 1, 20241222114252.117392
80195, 1, 20241222114253.117438
80255, 1, 20241222114254.117464
80315, 1, 20241222114255.117480
80375, 1, 20241222114256.117521
80435, 1, 20241222114257.117551
80495, 1, 20241222114258.117598
80555, 1, 20241222114259.117634
80615, 1, 20241222114300.117635
80675, 1, 20241222114301.117666
80735, 1, 20241222114302.117693
80795, 1, 20241222114303.117760
80855, 1, 20241222114304.117746
80915, 1, 20241222114305.117794
80975, 1, 20241222114306.117810
81035, 1, 20241222114307.117854
81095, 1, 20241222114308.117885
81155, 1, 20241222114309.117922
81215, 1, 20241222114310.117918
81275, 1, 20241222114311.117959
81335, 1, 20241222114312.118028
81395, 1, 20241222114313.118020
81455, 1, 20241222114314.118045
81515, 1, 20241222114315.118076
81575, 1, 20241222114316.118114
81635, 1, 20241222114317.118135
81695, 1, 20241222114318.118184
81755, 1, 20241222114319.118184
81815, 1, 20241222114320.118220
81875, 1, 20241222114321.118253
81935, 1, 20241222114322.118274
81995, 1, 20241222114323.118311
82055, 1, 20241222114324.118372
82115, 1, 20241222114325.118413
82175, 1, 20241222114326.118391
82235, 1, 20241222114327.118542
82295, 1, 20241222114328.118452
82355, 1, 20241222114329.118484
82415, 1, 20241222114330.118507
82475, 1, 20241222114331.118540
82535, 1, 20241222114332.118684
82595, 1, 20241222114333.118601
82655, 1, 20241222114334.118640
82715, 1, 20241222114335.118712
82775, 1, 20241222114336.118724
82835, 1, 20241222114337.118729
82895, 1, 20241222114338.118774
82955, 1, 20241222114339.118814
83015, 1, 20241222114340.118802
83075, 1, 20241222114341.118830
83135, 1, 20241222114342.118855
83195, 1, 20241222114343.118906
83255, 1, 20241222114344.118916
83315, 1, 20241222114345.118941
83375, 1, 20241222114346.118985
83435, 1, 20241222114347.119026
83495, 1, 20241222114348.119094
83555, 1, 20241222114349.119074
83615, 1, 20241222114350.119144
83675, 1, 20241222114351.119121
83735, 1, 20241222114352.119159
83795, 1, 20241222114353.119239
83855, 1, 20241222114354.119212
83915, 1, 20241222114355.119264
83975, 1, 20241222114356.119378
84035, 1, 20241222114357.119291
84095, 1, 20241222114358.119333
84155, 1, 20241222114359.119362
84215, 1, 20241222114400.119380
84275, 1, 20241222114401.119411
84335, 1, 20241222114402.119453
84395, 1, 20241222114403.119458
84455, 1, 20241222114404.119500
84515, 1, 20241222114405.119534
84575, 1, 20241222114406.119564
84635, 1, 20241222114407.119595
84695, 1, 20241222114408.119632
84755, 1, 20241222114409.119670
84815, 1, 20241222114410.119693
84875, 1, 20241222114411.119728
84935, 1, 20241222114412.119745
84995, 1, 20241222114413.119779
85055, 1, 20241222114414.119806
85115, 1, 20241222114415.119834
85175, 1, 20241222114416.120001
85235, 1, 20241222114417.119906
85295, 1, 20241222114418.119909
85355, 1, 20241222114419.119944
85415, 1, 20241222114420.120020
85475, 1, 20241222114421.120014
85535, 1, 20241222114422.120044
85595, 1, 20241222114423.120068
85655, 1, 20241222114424.120091
85715, 1, 20241222114425.120122
85775, 1, 20241222114426.120163
85835, 1, 20241222114427.120274
85895, 1, 20241222114428.120209
85955, 1, 20241222114429.120237
86015, 1, 20241222114430.120381
86075, 1, 20241222114431.120315
86135, 1, 20241222114432.120325
86195, 1, 20241222114433.120399
86255, 1, 20241222114434.120413
86315, 1, 20241222114435.120497
86375, 1, 20241222114436.120486
86435, 1, 20241222114437.120481
86495, 1, 20241222114438.120515
86555, 1, 20241222114439.120538
86615, 1, 20241222114440.120667
86675, 1, 20241222114441.120701
86735, 1, 20241222114442.120731
86795, 1, 20241222114443.120655
86855, 1, 20241222114444.120680
86915, 1, 20241222114445.120708
86975, 1, 20241222114446.120754
87035, 1, 20241222114447.120780
87095, 1, 20241222114448.120841
87155, 1, 20241222114449.120829
87215, 1, 20241222114450.120892
87275, 1, 20241222114451.120886
87335, 1, 20241222114452.120916
