387187, 1, 20241223212859.774692
387247, 1, 20241223212900.774724
387307, 1, 20241223212901.774759
387367, 1, 20241223212902.774780
387427, 1, 20241223212903.774812
387487, 1, 20241223212904.774845
387547, 1, 20241223212905.774868
387607, 1, 20241223212906.774899
387667, 1, 20241223212907.774946
387727, 1, 20241223212908.774988
387787, 1, 20241223212909.774992
387847, 1, 20241223212910.775019
387907, 1, 20241223212911.775044
387967, 1, 20241223212912.775078
388027, 1, 20241223212913.775104
388087, 1, 20241223212914.775126
388147, 1, 20241223212915.775163
388207, 1, 20241223212916.775187
388267, 1, 20241223212917.775223
388327, 1, 20241223212918.775241
388387, 1, 20241223212919.775271
388447, 1, 20241223212920.775314
388507, 1, 20241223212921.775328
388567, 1, 20241223212922.775356
388627, 1, 20241223212923.775392
388687, 1, 20241223212924.775415
388747, 1, 20241223212925.775448
388807, 1, 20241223212926.775499
388867, 1, 20241223212927.775529
388927, 1, 20241223212928.775542
388987, 1, 20241223212929.775571
389047, 1, 20241223212930.775588
389107, 1, 20241223212931.775620
389167, 1, 20241223212932.775654
389227, 1, 20241223212933.775693
389287, 1, 20241223212934.775718
389347, 1, 20241223212935.775738
389407, 1, 20241223212936.775784
389467, 1, 20241223212937.775814
389527, 1, 20241223212938.775835
