411651, 1, 20250112091613.551084
411711, 1, 20250112091614.551096
411771, 1, 20250112091615.551127
411831, 1, 20250112091616.551165
411891, 1, 20250112091617.551200
411951, 1, 20250112091618.551202
412011, 1, 20250112091619.551252
412071, 1, 20250112091620.551269
412131, 1, 20250112091621.551297
412191, 1, 20250112091622.551325
412251, 1, 20250112091623.551366
412311, 1, 20250112091624.551384
412371, 1, 20250112091625.551422
412431, 1, 20250112091626.551446
412491, 1, 20250112091627.551471
412551, 1, 20250112091628.551503
412611, 1, 20250112091629.551539
412671, 1, 20250112091630.551556
412731, 1, 20250112091631.551606
412791, 1, 20250112091632.551644
412851, 1, 20250112091633.551646
412911, 1, 20250112091634.551687
412971, 1, 20250112091635.551706
413031, 1, 20250112091636.551738
413091, 1, 20250112091637.551769
413151, 1, 20250112091638.551796
413211, 1, 20250112091639.551815
413271, 1, 20250112091640.551830
413331, 1, 20250112091641.551876
413391, 1, 20250112091642.551927
413451, 1, 20250112091643.551917
413511, 1, 20250112091644.551959
413571, 1, 20250112091645.551992
413631, 1, 20250112091646.552016
413691, 1, 20250112091647.552047
413751, 1, 20250112091648.552087
413811, 1, 20250112091649.552104
413871, 1, 20250112091650.552133
413931, 1, 20250112091651.552162
413991, 1, 20250112091652.552193
414051, 1, 20250112091653.552229
