171629, 1, 20250112080933.036861
171689, 1, 20250112080934.036896
171749, 1, 20250112080935.036952
171809, 1, 20250112080936.036987
171869, 1, 20250112080937.036983
171929, 1, 20250112080938.036918
171989, 1, 20250112080939.036932
172049, 1, 20250112080940.036978
172109, 1, 20250112080941.037025
172169, 1, 20250112080942.037022
172229, 1, 20250112080943.037072
172289, 1, 20250112080944.037088
172349, 1, 20250112080945.037126
172409, 1, 20250112080946.037144
172469, 1, 20250112080947.037174
172529, 1, 20250112080948.037201
172589, 1, 20250112080949.037237
172649, 1, 20250112080950.037278
172709, 1, 20250112080951.037288
172769, 1, 20250112080952.037314
172829, 1, 20250112080953.037359
172889, 1, 20250112080954.037359
172949, 1, 20250112080955.037421
173009, 1, 20250112080956.037440
173069, 1, 20250112080957.037466
173129, 1, 20250112080958.037499
173189, 1, 20250112080959.037555
173249, 1, 20250112081000.037558
173309, 1, 20250112081001.037585
173369, 1, 20250112081002.037612
173429, 1, 20250112081003.037647
173489, 1, 20250112081004.037658
173549, 1, 20250112081005.037689
173609, 1, 20250112081006.037713
173669, 1, 20250112081007.037751
173729, 1, 20250112081008.037790
173789, 1, 20250112081009.037811
173849, 1, 20250112081010.037849
173909, 1, 20250112081011.037873
173969, 1, 20250112081012.037878
174029, 1, 20250112081013.037932
174089, 1, 20250112081014.037949
174149, 1, 20250112081015.037980
174209, 1, 20250112081016.038002
174269, 1, 20250112081017.038048
174329, 1, 20250112081018.038078
174389, 1, 20250112081019.038119
174449, 1, 20250112081020.038120
174509, 1, 20250112081021.038156
174569, 1, 20250112081022.038185
174629, 1, 20250112081023.038223
174689, 1, 20250112081024.038256
174749, 1, 20250112081025.038269
174809, 1, 20250112081026.038286
174869, 1, 20250112081027.038326
174929, 1, 20250112081028.038350
174989, 1, 20250112081029.038393
175049, 1, 20250112081030.038404
175109, 1, 20250112081031.038455
175169, 1, 20250112081032.038470
175229, 1, 20250112081033.038505
