330241, 1, 20241224112823.028729
330301, 1, 20241224112824.028763
330361, 1, 20241224112825.028784
330421, 1, 20241224112826.028846
330481, 1, 20241224112827.028884
330541, 1, 20241224112828.028878
330601, 1, 20241224112829.028898
330661, 1, 20241224112830.028940
330721, 1, 20241224112831.028964
330781, 1, 20241224112832.028992
330841, 1, 20241224112833.029014
330901, 1, 20241224112834.029048
330961, 1, 20241224112835.029079
331021, 1, 20241224112836.029117
331081, 1, 20241224112837.029133
331141, 1, 20241224112838.029167
331201, 1, 20241224112839.029202
331261, 1, 20241224112840.029217
331321, 1, 20241224112841.029257
331381, 1, 20241224112842.029274
331441, 1, 20241224112843.029312
331501, 1, 20241224112844.029345
331561, 1, 20241224112845.029364
331621, 1, 20241224112846.029411
331681, 1, 20241224112847.029448
331741, 1, 20241224112848.029472
331801, 1, 20241224112849.029479
331861, 1, 20241224112850.029530
331921, 1, 20241224112851.029551
331981, 1, 20241224112852.029579
332041, 1, 20241224112853.029603
332101, 1, 20241224112854.029648
332161, 1, 20241224112855.029655
332221, 1, 20241224112856.029719
332281, 1, 20241224112857.029743
332341, 1, 20241224112858.029752
332401, 1, 20241224112859.029782
332461, 1, 20241224112900.029815
332521, 1, 20241224112901.029840
332581, 1, 20241224112902.029863
332641, 1, 20241224112903.029908
332701, 1, 20241224112904.029920
332761, 1, 20241224112905.029958
332821, 1, 20241224112906.029987
332881, 1, 20241224112907.030017
332941, 1, 20241224112908.030048
333001, 1, 20241224112909.030066
333061, 1, 20241224112910.030107
333121, 1, 20241224112911.030123
333181, 1, 20241224112912.030163
333241, 1, 20241224112913.030193
333301, 1, 20241224112914.030211
333361, 1, 20241224112915.030258
333421, 1, 20241224112916.030298
333481, 1, 20241224112917.030311
333541, 1, 20241224112918.030339
333601, 1, 20241224112919.030363
333661, 1, 20241224112920.030377
