344991, 1, 20250106181949.192612
345051, 1, 20250106181950.192694
345111, 1, 20250106181951.192736
345171, 1, 20250106181952.192689
345231, 1, 20250106181953.192783
345291, 1, 20250106181954.192825
345351, 1, 20250106181955.192846
345411, 1, 20250106181956.192876
345471, 1, 20250106181957.192862
345531, 1, 20250106181958.192887
345591, 1, 20250106181959.192889
345651, 1, 20250106182000.193008
345711, 1, 20250106182001.193037
345771, 1, 20250106182002.193076
345831, 1, 20250106182003.193111
345891, 1, 20250106182004.193121
345951, 1, 20250106182005.193128
346011, 1, 20250106182006.193177
346071, 1, 20250106182007.193136
346131, 1, 20250106182008.193252
346191, 1, 20250106182009.193262
346251, 1, 20250106182010.193225
346311, 1, 20250106182011.193223
346371, 1, 20250106182012.193383
346431, 1, 20250106182013.193413
346491, 1, 20250106182014.193360
346551, 1, 20250106182015.193382
346611, 1, 20250106182016.193420
346671, 1, 20250106182017.193434
346731, 1, 20250106182018.193541
346791, 1, 20250106182019.193500
346851, 1, 20250106182020.193597
346911, 1, 20250106182021.193556
346971, 1, 20250106182022.193590
347031, 1, 20250106182023.193614
347091, 1, 20250106182024.193604
347151, 1, 20250106182025.193677
347211, 1, 20250106182026.193715
347271, 1, 20250106182027.193746
347331, 1, 20250106182028.193836
347391, 1, 20250106182029.193792
347451, 1, 20250106182030.193833
347511, 1, 20250106182031.193913
347571, 1, 20250106182032.193968
347631, 1, 20250106182033.193986
347691, 1, 20250106182034.193953
347751, 1, 20250106182035.193975
347811, 1, 20250106182036.194031
347871, 1, 20250106182037.194051
347931, 1, 20250106182038.194142
347991, 1, 20250106182039.194089
348051, 1, 20250106182040.194131
348111, 1, 20250106182041.194211
348171, 1, 20250106182042.194212
348231, 1, 20250106182043.194221
348291, 1, 20250106182044.194257
348351, 1, 20250106182045.194272
348411, 1, 20250106182046.194305
348471, 1, 20250106182047.194353
348531, 1, 20250106182048.194420
348591, 1, 20250106182049.194384
348651, 1, 20250106182050.194489
348711, 1, 20250106182051.194552
348771, 1, 20250106182052.194484
348831, 1, 20250106182053.194519
348891, 1, 20250106182054.194546
348951, 1, 20250106182055.194572
349011, 1, 20250106182056.194673
349071, 1, 20250106182057.194637
349131, 1, 20250106182058.194740
349191, 1, 20250106182059.194697
349251, 1, 20250106182100.194760
349311, 1, 20250106182101.194763
349371, 1, 20250106182102.194749
349431, 1, 20250106182103.194808
349491, 1, 20250106182104.194842
349551, 1, 20250106182105.194874
349611, 1, 20250106182106.194906
349671, 1, 20250106182107.195002
349731, 1, 20250106182108.194957
349791, 1, 20250106182109.195049
349851, 1, 20250106182110.195107
349911, 1, 20250106182111.195143
349971, 1, 20250106182112.195096
350031, 1, 20250106182113.195153
350091, 1, 20250106182114.195152
350151, 1, 20250106182115.195149
350211, 1, 20250106182116.195218
350271, 1, 20250106182117.195218
350331, 1, 20250106182118.195324
350391, 1, 20250106182119.195288
350451, 1, 20250106182120.195398
350511, 1, 20250106182121.195440
350571, 1, 20250106182122.195380
350631, 1, 20250106182123.195421
350691, 1, 20250106182124.195503
350751, 1, 20250106182125.195465
350811, 1, 20250106182126.195513
350871, 1, 20250106182127.195570
350931, 1, 20250106182128.195570
350991, 1, 20250106182129.195590
351051, 1, 20250106182130.195655
351111, 1, 20250106182131.195652
351171, 1, 20250106182132.195672
351231, 1, 20250106182133.195715
351291, 1, 20250106182134.195739
351351, 1, 20250106182135.195763
351411, 1, 20250106182136.195794
351471, 1, 20250106182137.195867
351531, 1, 20250106182138.195860
351591, 1, 20250106182139.195939
351651, 1, 20250106182140.195920
351711, 1, 20250106182141.195987
351771, 1, 20250106182142.196041
351831, 1, 20250106182143.196001
351891, 1, 20250106182144.196039
351951, 1, 20250106182145.196062
352011, 1, 20250106182146.196156
352071, 1, 20250106182147.196186
352131, 1, 20250106182148.196145
352191, 1, 20250106182149.196235
352251, 1, 20250106182150.196268
352311, 1, 20250106182151.196305
352371, 1, 20250106182152.196336
352431, 1, 20250106182153.196365
352491, 1, 20250106182154.196338
352551, 1, 20250106182155.196357
352611, 1, 20250106182156.196374
352671, 1, 20250106182157.196422
352731, 1, 20250106182158.196444
352791, 1, 20250106182159.196563
352851, 1, 20250106182200.196499
352911, 1, 20250106182201.196534
352971, 1, 20250106182202.196638
353031, 1, 20250106182203.196624
353091, 1, 20250106182204.196652
353151, 1, 20250106182205.196655
353211, 1, 20250106182206.196655
353271, 1, 20250106182207.196751
353331, 1, 20250106182208.196741
353391, 1, 20250106182209.196843
353451, 1, 20250106182210.196804
353511, 1, 20250106182211.196822
353571, 1, 20250106182212.196928
353631, 1, 20250106182213.196893
353691, 1, 20250106182214.196930
353751, 1, 20250106182215.196950
353811, 1, 20250106182216.196983
353871, 1, 20250106182217.197006
353931, 1, 20250106182218.197134
353991, 1, 20250106182219.197124
354051, 1, 20250106182220.197107
354111, 1, 20250106182221.197124
354171, 1, 20250106182222.197170
354231, 1, 20250106182223.197187
354291, 1, 20250106182224.197233
354351, 1, 20250106182225.197315
354411, 1, 20250106182226.197278
354471, 1, 20250106182227.197314
354531, 1, 20250106182228.197380
354591, 1, 20250106182229.197377
354651, 1, 20250106182230.197382
354711, 1, 20250106182231.197391
354771, 1, 20250106182232.197455
354831, 1, 20250106182233.197485
354891, 1, 20250106182234.197562
354951, 1, 20250106182235.197539
355011, 1, 20250106182236.197606
355071, 1, 20250106182237.197662
355131, 1, 20250106182238.197686
355191, 1, 20250106182239.197702
355251, 1, 20250106182240.197756
355311, 1, 20250106182241.197729
355371, 1, 20250106182242.197797
355431, 1, 20250106182243.197838
355491, 1, 20250106182244.197829
355551, 1, 20250106182245.197850
355611, 1, 20250106182246.197871
355671, 1, 20250106182247.197976
