561679, 1, 20250112095754.108244
561739, 1, 20250112095755.108186
561799, 1, 20250112095756.108318
561859, 1, 20250112095757.108272
561919, 1, 20250112095758.108303
561979, 1, 20250112095759.108346
562039, 1, 20250112095800.108407
562099, 1, 20250112095801.108498
562159, 1, 20250112095802.108531
562219, 1, 20250112095803.108566
562279, 1, 20250112095804.108589
562339, 1, 20250112095805.108634
562399, 1, 20250112095806.108662
562459, 1, 20250112095807.108668
562519, 1, 20250112095808.108699
562579, 1, 20250112095809.108722
562639, 1, 20250112095810.108752
562699, 1, 20250112095811.108786
562759, 1, 20250112095812.108809
562819, 1, 20250112095813.108838
562879, 1, 20250112095814.108872
562939, 1, 20250112095815.108901
562999, 1, 20250112095816.108933
563059, 1, 20250112095817.108952
563119, 1, 20250112095818.108990
563179, 1, 20250112095819.109008
563239, 1, 20250112095820.109042
563299, 1, 20250112095821.109071
563359, 1, 20250112095822.109117
563419, 1, 20250112095823.109137
563479, 1, 20250112095824.109149
563539, 1, 20250112095825.109207
563599, 1, 20250112095826.109224
563659, 1, 20250112095827.109245
563719, 1, 20250112095828.109281
563779, 1, 20250112095829.109303
563839, 1, 20250112095830.109334
563899, 1, 20250112095831.109359
563959, 1, 20250112095832.109405
564019, 1, 20250112095833.109435
564079, 1, 20250112095834.109472
564139, 1, 20250112095835.109512
564199, 1, 20250112095836.109504
564259, 1, 20250112095837.109533
564319, 1, 20250112095838.109563
564379, 1, 20250112095839.109595
564439, 1, 20250112095840.109623
564499, 1, 20250112095841.109644
564559, 1, 20250112095842.109671
564619, 1, 20250112095843.109713
564679, 1, 20250112095844.109764
