260311, 1, 20250106140102.460436
260371, 1, 20250106140103.460468
260431, 1, 20250106140104.460457
260491, 1, 20250106140105.460521
260551, 1, 20250106140106.460556
260611, 1, 20250106140107.460564
260671, 1, 20250106140108.460613
260731, 1, 20250106140109.460637
260791, 1, 20250106140110.460684
260851, 1, 20250106140111.460692
260911, 1, 20250106140112.460724
260971, 1, 20250106140113.460761
261031, 1, 20250106140114.460808
261091, 1, 20250106140115.460817
261151, 1, 20250106140116.460858
261211, 1, 20250106140117.460866
261271, 1, 20250106140118.460900
261331, 1, 20250106140119.460921
261391, 1, 20250106140120.460961
261451, 1, 20250106140121.460992
261511, 1, 20250106140122.461016
261571, 1, 20250106140123.461052
261631, 1, 20250106140124.461107
261691, 1, 20250106140125.461106
261751, 1, 20250106140126.461150
261811, 1, 20250106140127.461170
261871, 1, 20250106140128.461191
261931, 1, 20250106140129.461219
261991, 1, 20250106140130.461252
262051, 1, 20250106140131.461286
262111, 1, 20250106140132.461309
262171, 1, 20250106140133.461368
