172343, 1, 20250116083209.671188
172403, 1, 20250116083210.671113
172463, 1, 20250116083211.671143
172523, 1, 20250116083212.671207
172583, 1, 20250116083213.671288
172643, 1, 20250116083214.671271
172703, 1, 20250116083215.671320
172763, 1, 20250116083216.671278
172823, 1, 20250116083217.671401
172883, 1, 20250116083218.671403
172943, 1, 20250116083219.671482
173003, 1, 20250116083220.671407
173063, 1, 20250116083221.671441
173123, 1, 20250116083222.671495
173183, 1, 20250116083223.671495
173243, 1, 20250116083224.671574
173303, 1, 20250116083225.671597
173363, 1, 20250116083226.671577
173423, 1, 20250116083227.671657
173483, 1, 20250116083228.671688
173543, 1, 20250116083229.671662
173603, 1, 20250116083230.671780
173663, 1, 20250116083231.671723
173723, 1, 20250116083232.671753
173783, 1, 20250116083233.671841
173843, 1, 20250116083234.671820
173903, 1, 20250116083235.671841
173963, 1, 20250116083236.671859
174023, 1, 20250116083237.671936
174083, 1, 20250116083238.671938
174143, 1, 20250116083239.671961
174203, 1, 20250116083240.672049
174263, 1, 20250116083241.671983
174323, 1, 20250116083242.672045
174383, 1, 20250116083243.672071
174443, 1, 20250116083244.672125
174503, 1, 20250116083245.672146
174563, 1, 20250116083246.672250
174623, 1, 20250116083247.672185
174683, 1, 20250116083248.672226
174743, 1, 20250116083249.672331
174803, 1, 20250116083250.672278
174863, 1, 20250116083251.672313
174923, 1, 20250116083252.672455
174983, 1, 20250116083253.672347
175043, 1, 20250116083254.672504
175103, 1, 20250116083255.672496
175163, 1, 20250116083256.672459
175223, 1, 20250116083257.672487
175283, 1, 20250116083258.672516
175343, 1, 20250116083259.672538
175403, 1, 20250116083300.672566
175463, 1, 20250116083301.672636
175523, 1, 20250116083302.672665
175583, 1, 20250116083303.672676
175643, 1, 20250116083304.672769
175703, 1, 20250116083305.672677
