171769, 1, 20241220162604.369152
171829, 1, 20241220162605.369157
171889, 1, 20241220162606.369189
171949, 1, 20241220162607.369218
172009, 1, 20241220162608.369261
172069, 1, 20241220162609.369286
172129, 1, 20241220162610.369314
172189, 1, 20241220162611.369349
172249, 1, 20241220162612.369362
172309, 1, 20241220162613.369383
172369, 1, 20241220162614.369415
172429, 1, 20241220162615.369449
172489, 1, 20241220162616.369463
172549, 1, 20241220162617.369505
172609, 1, 20241220162618.369537
172669, 1, 20241220162619.369563
172729, 1, 20241220162620.369584
172789, 1, 20241220162621.369623
172849, 1, 20241220162622.369647
172909, 1, 20241220162623.369682
172969, 1, 20241220162624.369726
173029, 1, 20241220162625.369757
173089, 1, 20241220162626.369762
173149, 1, 20241220162627.369787
173209, 1, 20241220162628.369822
173269, 1, 20241220162629.369849
173329, 1, 20241220162630.369876
173389, 1, 20241220162631.369905
173449, 1, 20241220162632.369925
173509, 1, 20241220162633.369970
173569, 1, 20241220162634.370016
173629, 1, 20241220162635.370057
173689, 1, 20241220162636.370046
173749, 1, 20241220162637.370096
173809, 1, 20241220162638.370107
173869, 1, 20241220162639.370137
173929, 1, 20241220162640.370168
173989, 1, 20241220162641.370206
174049, 1, 20241220162642.370227
174109, 1, 20241220162643.370269
174169, 1, 20241220162644.370280
174229, 1, 20241220162645.370316
174289, 1, 20241220162646.370332
174349, 1, 20241220162647.370379
174409, 1, 20241220162648.370411
174469, 1, 20241220162649.370429
174529, 1, 20241220162650.370454
174589, 1, 20241220162651.370494
174649, 1, 20241220162652.370518
174709, 1, 20241220162653.370560
174769, 1, 20241220162654.370589
174829, 1, 20241220162655.370608
174889, 1, 20241220162656.370640
174949, 1, 20241220162657.370734
175009, 1, 20241220162658.370703
175069, 1, 20241220162659.370721
175129, 1, 20241220162700.370750
175189, 1, 20241220162701.370788
175249, 1, 20241220162702.370821
175309, 1, 20241220162703.370853
175369, 1, 20241220162704.370894
175429, 1, 20241220162705.370909
175489, 1, 20241220162706.370925
175549, 1, 20241220162707.370963
175609, 1, 20241220162708.370982
175669, 1, 20241220162709.371012
175729, 1, 20241220162710.371032
175789, 1, 20241220162711.371074
175849, 1, 20241220162712.371098
175909, 1, 20241220162713.371143
175969, 1, 20241220162714.371150
176029, 1, 20241220162715.371182
176089, 1, 20241220162716.371211
176149, 1, 20241220162717.371236
176209, 1, 20241220162718.371267
176269, 1, 20241220162719.371296
176329, 1, 20241220162720.371320
176389, 1, 20241220162721.371362
176449, 1, 20241220162722.371383
176509, 1, 20241220162723.371418
176569, 1, 20241220162724.371449
176629, 1, 20241220162725.371474
176689, 1, 20241220162726.371508
176749, 1, 20241220162727.371532
176809, 1, 20241220162728.371565
176869, 1, 20241220162729.371597
176929, 1, 20241220162730.371625
176989, 1, 20241220162731.371656
177049, 1, 20241220162732.371704
177109, 1, 20241220162733.371728
177169, 1, 20241220162734.371728
177229, 1, 20241220162735.371761
177289, 1, 20241220162736.371798
177349, 1, 20241220162737.371812
177409, 1, 20241220162738.371852
177469, 1, 20241220162739.371874
177529, 1, 20241220162740.371912
177589, 1, 20241220162741.371938
177649, 1, 20241220162742.371974
177709, 1, 20241220162743.372019
177769, 1, 20241220162744.372015
177829, 1, 20241220162745.372060
177889, 1, 20241220162746.372090
177949, 1, 20241220162747.372103
178009, 1, 20241220162748.372148
178069, 1, 20241220162749.372184
178129, 1, 20241220162750.372204
178189, 1, 20241220162751.372225
178249, 1, 20241220162752.372284
178309, 1, 20241220162753.372292
178369, 1, 20241220162754.372313
178429, 1, 20241220162755.372349
178489, 1, 20241220162756.372391
178549, 1, 20241220162757.372407
178609, 1, 20241220162758.372421
178669, 1, 20241220162759.372463
178729, 1, 20241220162800.372484
178789, 1, 20241220162801.372532
178849, 1, 20241220162802.372550
178909, 1, 20241220162803.372592
178969, 1, 20241220162804.372602
179029, 1, 20241220162805.372651
179089, 1, 20241220162806.372669
179149, 1, 20241220162807.372700
179209, 1, 20241220162808.372719
179269, 1, 20241220162809.372765
179329, 1, 20241220162810.372775
179389, 1, 20241220162811.372839
179449, 1, 20241220162812.372858
179509, 1, 20241220162813.372879
179569, 1, 20241220162814.372911
179629, 1, 20241220162815.372926
179689, 1, 20241220162816.372963
179749, 1, 20241220162817.372986
179809, 1, 20241220162818.373016
179869, 1, 20241220162819.373043
179929, 1, 20241220162820.373069
179989, 1, 20241220162821.373127
180049, 1, 20241220162822.373155
180109, 1, 20241220162823.373168
180169, 1, 20241220162824.373198
180229, 1, 20241220162825.373228
180289, 1, 20241220162826.373246
180349, 1, 20241220162827.373285
180409, 1, 20241220162828.373307
180469, 1, 20241220162829.373352
180529, 1, 20241220162830.373379
180589, 1, 20241220162831.373393
180649, 1, 20241220162832.373424
180709, 1, 20241220162833.373459
180769, 1, 20241220162834.373491
