274209, 1, 20250114195237.512281
274269, 1, 20250114195238.512322
274329, 1, 20250114195239.512353
274389, 1, 20250114195240.512379
274449, 1, 20250114195241.512419
274509, 1, 20250114195242.512466
274569, 1, 20250114195243.512475
274629, 1, 20250114195244.512499
274689, 1, 20250114195245.512517
274749, 1, 20250114195246.512555
274809, 1, 20250114195247.512589
274869, 1, 20250114195248.512614
274929, 1, 20250114195249.512644
274989, 1, 20250114195250.512672
275049, 1, 20250114195251.512718
275109, 1, 20250114195252.512749
275169, 1, 20250114195253.512761
275229, 1, 20250114195254.512798
275289, 1, 20250114195255.512808
275349, 1, 20250114195256.512850
275409, 1, 20250114195257.512861
275469, 1, 20250114195258.512898
275529, 1, 20250114195259.512943
275589, 1, 20250114195300.512957
275649, 1, 20250114195301.513020
275709, 1, 20250114195302.513015
275769, 1, 20250114195303.513047
275829, 1, 20250114195304.513078
275889, 1, 20250114195305.513106
275949, 1, 20250114195306.513127
276009, 1, 20250114195307.513148
276069, 1, 20250114195308.513200
276129, 1, 20250114195309.513221
276189, 1, 20250114195310.513249
276249, 1, 20250114195311.513267
276309, 1, 20250114195312.513302
276369, 1, 20250114195313.513330
276429, 1, 20250114195314.513370
276489, 1, 20250114195315.513391
276549, 1, 20250114195316.513426
276609, 1, 20250114195317.513444
276669, 1, 20250114195318.513479
276729, 1, 20250114195319.513506
276789, 1, 20250114195320.513561
276849, 1, 20250114195321.513577
276909, 1, 20250114195322.513611
276969, 1, 20250114195323.513624
277029, 1, 20250114195324.513667
277089, 1, 20250114195325.513672
277149, 1, 20250114195326.513711
277209, 1, 20250114195327.513736
277269, 1, 20250114195328.513780
277329, 1, 20250114195329.513787
277389, 1, 20250114195330.513849
277449, 1, 20250114195331.513879
277509, 1, 20250114195332.513878
277569, 1, 20250114195333.513905
277629, 1, 20250114195334.513950
277689, 1, 20250114195335.513964
277749, 1, 20250114195336.513992
277809, 1, 20250114195337.514033
277869, 1, 20250114195338.514065
277929, 1, 20250114195339.514110
277989, 1, 20250114195340.514126
278049, 1, 20250114195341.514149
278109, 1, 20250114195342.514173
278169, 1, 20250114195343.514200
278229, 1, 20250114195344.514238
278289, 1, 20250114195345.514256
278349, 1, 20250114195346.514298
278409, 1, 20250114195347.514305
278469, 1, 20250114195348.514354
278529, 1, 20250114195349.514375
278589, 1, 20250114195350.514426
278649, 1, 20250114195351.514432
278709, 1, 20250114195352.514467
278769, 1, 20250114195353.514476
278829, 1, 20250114195354.514523
278889, 1, 20250114195355.514540
278949, 1, 20250114195356.514578
279009, 1, 20250114195357.514607
279069, 1, 20250114195358.514632
279129, 1, 20250114195359.514679
279189, 1, 20250114195400.514699
279249, 1, 20250114195401.514714
279309, 1, 20250114195402.514744
279369, 1, 20250114195403.514776
279429, 1, 20250114195404.514822
279489, 1, 20250114195405.514841
279549, 1, 20250114195406.514861
279609, 1, 20250114195407.514893
279669, 1, 20250114195408.514934
279729, 1, 20250114195409.514971
279789, 1, 20250114195410.514974
279849, 1, 20250114195411.515013
279909, 1, 20250114195412.515052
279969, 1, 20250114195413.515068
280029, 1, 20250114195414.515089
280089, 1, 20250114195415.515124
280149, 1, 20250114195416.515152
280209, 1, 20250114195417.515175
280269, 1, 20250114195418.515204
280329, 1, 20250114195419.515235
280389, 1, 20250114195420.515268
280449, 1, 20250114195421.515311
280509, 1, 20250114195422.515324
280569, 1, 20250114195423.515346
280629, 1, 20250114195424.515372
280689, 1, 20250114195425.515420
280749, 1, 20250114195426.515449
280809, 1, 20250114195427.515474
280869, 1, 20250114195428.515515
280929, 1, 20250114195429.515548
280989, 1, 20250114195430.515564
281049, 1, 20250114195431.515599
281109, 1, 20250114195432.515613
281169, 1, 20250114195433.515648
281229, 1, 20250114195434.515681
281289, 1, 20250114195435.515705
281349, 1, 20250114195436.515723
281409, 1, 20250114195437.515769
281469, 1, 20250114195438.515809
281529, 1, 20250114195439.515842
281589, 1, 20250114195440.515866
281649, 1, 20250114195441.515889
281709, 1, 20250114195442.515916
