174171, 1, 20250121140707.435141
174231, 1, 20250121140708.435175
174291, 1, 20250121140709.435187
174351, 1, 20250121140710.435229
174411, 1, 20250121140711.435251
174471, 1, 20250121140712.435281
174531, 1, 20250121140713.435305
174591, 1, 20250121140714.435334
174651, 1, 20250121140715.435390
174711, 1, 20250121140716.435399
174771, 1, 20250121140717.435408
174831, 1, 20250121140718.435484
174891, 1, 20250121140719.435493
174951, 1, 20250121140720.435513
175011, 1, 20250121140721.435543
175071, 1, 20250121140722.435581
175131, 1, 20250121140723.435659
175191, 1, 20250121140724.435630
175251, 1, 20250121140725.435720
175311, 1, 20250121140726.435718
175371, 1, 20250121140727.435753
175431, 1, 20250121140728.435740
