347379, 1, 20241220171451.320892
347439, 1, 20241220171452.320913
347499, 1, 20241220171453.320947
347559, 1, 20241220171454.320988
347619, 1, 20241220171455.321003
347679, 1, 20241220171456.321053
347739, 1, 20241220171457.321067
347799, 1, 20241220171458.321096
347859, 1, 20241220171459.321122
347919, 1, 20241220171500.321155
347979, 1, 20241220171501.321325
348039, 1, 20241220171502.321216
348099, 1, 20241220171503.321236
348159, 1, 20241220171504.321270
348219, 1, 20241220171505.321289
348279, 1, 20241220171506.321327
348339, 1, 20241220171507.321357
348399, 1, 20241220171508.321392
348459, 1, 20241220171509.321430
348519, 1, 20241220171510.321474
348579, 1, 20241220171511.321464
348639, 1, 20241220171512.321508
348699, 1, 20241220171513.321533
348759, 1, 20241220171514.321562
348819, 1, 20241220171515.321601
348879, 1, 20241220171516.321622
348939, 1, 20241220171517.321636
348999, 1, 20241220171518.321684
349059, 1, 20241220171519.321726
349119, 1, 20241220171520.321763
349179, 1, 20241220171521.321729
349239, 1, 20241220171522.321938
349299, 1, 20241220171523.321820
349359, 1, 20241220171524.321846
349419, 1, 20241220171525.321878
349479, 1, 20241220171526.321872
349539, 1, 20241220171527.322077
349599, 1, 20241220171528.322118
349659, 1, 20241220171529.322135
349719, 1, 20241220171530.322173
349779, 1, 20241220171531.322191
349839, 1, 20241220171532.322227
349899, 1, 20241220171533.322248
349959, 1, 20241220171534.322288
350019, 1, 20241220171535.322323
350079, 1, 20241220171536.322343
350139, 1, 20241220171537.322382
350199, 1, 20241220171538.322385
350259, 1, 20241220171539.322447
350319, 1, 20241220171540.322455
350379, 1, 20241220171541.322473
350439, 1, 20241220171542.322503
350499, 1, 20241220171543.322544
350559, 1, 20241220171544.322566
350619, 1, 20241220171545.322423
350679, 1, 20241220171546.322413
350739, 1, 20241220171547.322484
350799, 1, 20241220171548.322580
350859, 1, 20241220171549.322561
350919, 1, 20241220171550.322545
350979, 1, 20241220171551.322770
351039, 1, 20241220171552.322802
351099, 1, 20241220171553.322830
351159, 1, 20241220171554.322880
351219, 1, 20241220171555.322905
351279, 1, 20241220171556.322920
351339, 1, 20241220171557.322949
351399, 1, 20241220171558.323005
351459, 1, 20241220171559.323017
351519, 1, 20241220171600.323031
351579, 1, 20241220171601.323064
351639, 1, 20241220171602.322920
351699, 1, 20241220171603.322972
351759, 1, 20241220171604.323007
351819, 1, 20241220171605.323005
351879, 1, 20241220171606.323066
351939, 1, 20241220171607.323046
351999, 1, 20241220171608.323073
352059, 1, 20241220171609.323104
352119, 1, 20241220171610.323160
352179, 1, 20241220171611.323111
352239, 1, 20241220171612.323235
352299, 1, 20241220171613.323252
352359, 1, 20241220171614.323290
352419, 1, 20241220171615.323288
352479, 1, 20241220171616.323313
352539, 1, 20241220171617.323363
352599, 1, 20241220171618.323434
352659, 1, 20241220171619.323404
352719, 1, 20241220171620.323424
352779, 1, 20241220171621.323496
352839, 1, 20241220171622.323482
352899, 1, 20241220171623.323508
352959, 1, 20241220171624.323534
353019, 1, 20241220171625.323566
353079, 1, 20241220171626.323612
353139, 1, 20241220171627.323654
353199, 1, 20241220171628.323677
353259, 1, 20241220171629.323680
353319, 1, 20241220171630.323748
353379, 1, 20241220171631.323750
353439, 1, 20241220171632.323774
353499, 1, 20241220171633.323805
353559, 1, 20241220171634.323827
353619, 1, 20241220171635.323865
353679, 1, 20241220171636.323852
353739, 1, 20241220171637.323942
353799, 1, 20241220171638.323992
353859, 1, 20241220171639.323983
353919, 1, 20241220171640.324009
353979, 1, 20241220171641.324044
354039, 1, 20241220171642.324107
354099, 1, 20241220171643.324100
354159, 1, 20241220171644.324128
354219, 1, 20241220171645.324148
354279, 1, 20241220171646.324194
354339, 1, 20241220171647.324233
354399, 1, 20241220171648.324225
354459, 1, 20241220171649.324300
354519, 1, 20241220171650.324333
354579, 1, 20241220171651.324318
354639, 1, 20241220171652.324316
354699, 1, 20241220171653.324418
354759, 1, 20241220171654.324400
354819, 1, 20241220171655.324425
354879, 1, 20241220171656.324531
354939, 1, 20241220171657.324558
354999, 1, 20241220171658.324527
355059, 1, 20241220171659.324546
355119, 1, 20241220171700.324623
355179, 1, 20241220171701.324604
355239, 1, 20241220171702.324642
355299, 1, 20241220171703.324659
355359, 1, 20241220171704.324695
355419, 1, 20241220171705.324731
355479, 1, 20241220171706.324822
355539, 1, 20241220171707.324840
355599, 1, 20241220171708.324814
355659, 1, 20241220171709.324891
355719, 1, 20241220171710.324909
355779, 1, 20241220171711.324901
355839, 1, 20241220171712.324958
355899, 1, 20241220171713.324956
355959, 1, 20241220171714.324979
356019, 1, 20241220171715.325037
356079, 1, 20241220171716.325053
356139, 1, 20241220171717.325083
356199, 1, 20241220171718.325112
356259, 1, 20241220171719.325139
356319, 1, 20241220171720.325152
356379, 1, 20241220171721.325184
356439, 1, 20241220171722.325211
356499, 1, 20241220171723.325285
356559, 1, 20241220171724.325273
356619, 1, 20241220171725.325305
356679, 1, 20241220171726.325306
356739, 1, 20241220171727.325366
356799, 1, 20241220171728.325401
356859, 1, 20241220171729.325419
356919, 1, 20241220171730.325496
356979, 1, 20241220171731.325465
357039, 1, 20241220171732.325553
357099, 1, 20241220171733.325536
357159, 1, 20241220171734.325569
357219, 1, 20241220171735.325596
357279, 1, 20241220171736.325611
357339, 1, 20241220171737.325648
357399, 1, 20241220171738.325683
357459, 1, 20241220171739.325721
357519, 1, 20241220171740.325752
357579, 1, 20241220171741.325784
357639, 1, 20241220171742.325798
357699, 1, 20241220171743.325839
357759, 1, 20241220171744.325857
357819, 1, 20241220171745.325902
357879, 1, 20241220171746.325985
357939, 1, 20241220171747.325954
357999, 1, 20241220171748.326020
358059, 1, 20241220171749.326018
