219261, 1, 20250109105826.266881
219321, 1, 20250109105827.266871
219381, 1, 20250109105828.266900
219441, 1, 20250109105829.266938
219501, 1, 20250109105830.266972
219561, 1, 20250109105831.266988
219621, 1, 20250109105832.267055
219681, 1, 20250109105833.267048
219741, 1, 20250109105834.267085
219801, 1, 20250109105835.267201
219861, 1, 20250109105836.267179
219921, 1, 20250109105837.267236
219981, 1, 20250109105838.267174
220041, 1, 20250109105839.267246
220101, 1, 20250109105840.267267
220161, 1, 20250109105841.267296
220221, 1, 20250109105842.267316
220281, 1, 20250109105843.267344
220341, 1, 20250109105844.267427
220401, 1, 20250109105845.267453
220461, 1, 20250109105846.267426
220521, 1, 20250109105847.267469
220581, 1, 20250109105848.267493
220641, 1, 20250109105849.267534
220701, 1, 20250109105850.267517
220761, 1, 20250109105851.267579
220821, 1, 20250109105852.267687
220881, 1, 20250109105853.267705
220941, 1, 20250109105854.267726
221001, 1, 20250109105855.267767
221061, 1, 20250109105856.267724
221121, 1, 20250109105857.267788
221181, 1, 20250109105858.267865
221241, 1, 20250109105859.267816
221301, 1, 20250109105900.267899
221361, 1, 20250109105901.267931
221421, 1, 20250109105902.267859
221481, 1, 20250109105903.267966
221541, 1, 20250109105904.268026
221601, 1, 20250109105905.268023
221661, 1, 20250109105906.268013
221721, 1, 20250109105907.268126
221781, 1, 20250109105908.268073
221841, 1, 20250109105909.268100
221901, 1, 20250109105910.268167
221961, 1, 20250109105911.268166
222021, 1, 20250109105912.268263
222081, 1, 20250109105913.268276
222141, 1, 20250109105914.268274
222201, 1, 20250109105915.268317
222261, 1, 20250109105916.268342
222321, 1, 20250109105917.268349
222381, 1, 20250109105918.268443
222441, 1, 20250109105919.268476
222501, 1, 20250109105920.268435
222561, 1, 20250109105921.268454
222621, 1, 20250109105922.268484
222681, 1, 20250109105923.268569
222741, 1, 20250109105924.268628
222801, 1, 20250109105925.268606
222861, 1, 20250109105926.268576
222921, 1, 20250109105927.268718
222981, 1, 20250109105928.268670
223041, 1, 20250109105929.268769
223101, 1, 20250109105930.268796
