429031, 1, 20250109115642.567208
429091, 1, 20250109115643.567224
429151, 1, 20250109115644.567254
429211, 1, 20250109115645.567282
429271, 1, 20250109115646.567331
429331, 1, 20250109115647.567361
429391, 1, 20250109115648.567368
429451, 1, 20250109115649.567395
429511, 1, 20250109115650.567437
429571, 1, 20250109115651.567475
429631, 1, 20250109115652.567506
429691, 1, 20250109115653.567516
429751, 1, 20250109115654.567532
429811, 1, 20250109115655.567576
429871, 1, 20250109115656.567627
429931, 1, 20250109115657.567662
429991, 1, 20250109115658.567663
430051, 1, 20250109115659.567712
430111, 1, 20250109115700.567718
430171, 1, 20250109115701.567750
430231, 1, 20250109115702.567804
430291, 1, 20250109115703.567817
430351, 1, 20250109115704.567841
430411, 1, 20250109115705.567877
430471, 1, 20250109115706.567924
430531, 1, 20250109115707.567971
430591, 1, 20250109115708.567971
430651, 1, 20250109115709.567991
430711, 1, 20250109115710.568034
430771, 1, 20250109115711.568057
430831, 1, 20250109115712.568101
430891, 1, 20250109115713.568123
430951, 1, 20250109115714.568152
431011, 1, 20250109115715.568183
431071, 1, 20250109115716.568218
431131, 1, 20250109115717.568249
431191, 1, 20250109115718.568278
431251, 1, 20250109115719.568306
431311, 1, 20250109115720.568324
431371, 1, 20250109115721.568350
431431, 1, 20250109115722.568407
431491, 1, 20250109115723.568427
431551, 1, 20250109115724.568445
431611, 1, 20250109115725.568482
431671, 1, 20250109115726.568504
431731, 1, 20250109115727.568538
431791, 1, 20250109115728.568542
431851, 1, 20250109115729.568593
431911, 1, 20250109115730.568624
431971, 1, 20250109115731.568655
432031, 1, 20250109115732.568665
432091, 1, 20250109115733.568677
432151, 1, 20250109115734.568732
432211, 1, 20250109115735.568773
432271, 1, 20250109115736.568823
432331, 1, 20250109115737.568805
432391, 1, 20250109115738.568836
432451, 1, 20250109115739.568860
432511, 1, 20250109115740.568891
432571, 1, 20250109115741.568911
432631, 1, 20250109115742.568974
432691, 1, 20250109115743.568979
432751, 1, 20250109115744.569015
432811, 1, 20250109115745.569058
432871, 1, 20250109115746.569099
432931, 1, 20250109115747.569112
432991, 1, 20250109115748.569133
433051, 1, 20250109115749.569164
433111, 1, 20250109115750.569181
433171, 1, 20250109115751.569221
433231, 1, 20250109115752.569252
433291, 1, 20250109115753.569272
433351, 1, 20250109115754.569314
433411, 1, 20250109115755.569327
433471, 1, 20250109115756.569356
433531, 1, 20250109115757.569403
433591, 1, 20250109115758.569412
433651, 1, 20250109115759.569467
433711, 1, 20250109115800.569488
433771, 1, 20250109115801.569488
433831, 1, 20250109115802.569552
