384787, 1, 20250115143747.262482
384847, 1, 20250115143748.262540
384907, 1, 20250115143749.262542
384967, 1, 20250115143750.262553
385027, 1, 20250115143751.262598
385087, 1, 20250115143752.262620
385147, 1, 20250115143753.262648
385207, 1, 20250115143754.262678
385267, 1, 20250115143755.262707
385327, 1, 20250115143756.262750
385387, 1, 20250115143757.262761
385447, 1, 20250115143758.262784
385507, 1, 20250115143759.262823
385567, 1, 20250115143800.262860
385627, 1, 20250115143801.262881
385687, 1, 20250115143802.262912
385747, 1, 20250115143803.262941
385807, 1, 20250115143804.262967
385867, 1, 20250115143805.263008
385927, 1, 20250115143806.263032
385987, 1, 20250115143807.263075
386047, 1, 20250115143808.263088
386107, 1, 20250115143809.263108
386167, 1, 20250115143810.263129
386227, 1, 20250115143811.263181
386287, 1, 20250115143812.263194
386347, 1, 20250115143813.263230
386407, 1, 20250115143814.263256
386467, 1, 20250115143815.263281
386527, 1, 20250115143816.263307
386587, 1, 20250115143817.263358
386647, 1, 20250115143818.263368
386707, 1, 20250115143819.263394
386767, 1, 20250115143820.263416
386827, 1, 20250115143821.263448
386887, 1, 20250115143822.263478
386947, 1, 20250115143823.263511
387007, 1, 20250115143824.263526
387067, 1, 20250115143825.263556
387127, 1, 20250115143826.263621
387187, 1, 20250115143827.263629
387247, 1, 20250115143828.263665
387307, 1, 20250115143829.263678
387367, 1, 20250115143830.263716
387427, 1, 20250115143831.263742
387487, 1, 20250115143832.263755
387547, 1, 20250115143833.263798
387607, 1, 20250115143834.263823
387667, 1, 20250115143835.263855
387727, 1, 20250115143836.263889
387787, 1, 20250115143837.263920
387847, 1, 20250115143838.263945
387907, 1, 20250115143839.263969
387967, 1, 20250115143840.264007
388027, 1, 20250115143841.264044
388087, 1, 20250115143842.264061
388147, 1, 20250115143843.264084
388207, 1, 20250115143844.264108
388267, 1, 20250115143845.264171
388327, 1, 20250115143846.264209
388387, 1, 20250115143847.264195
388447, 1, 20250115143848.264236
388507, 1, 20250115143849.264259
388567, 1, 20250115143850.264289
388627, 1, 20250115143851.264313
388687, 1, 20250115143852.264344
388747, 1, 20250115143853.264375
388807, 1, 20250115143854.264393
388867, 1, 20250115143855.264448
388927, 1, 20250115143856.264477
388987, 1, 20250115143857.264486
389047, 1, 20250115143858.264507
389107, 1, 20250115143859.264544
389167, 1, 20250115143900.264577
389227, 1, 20250115143901.264601
389287, 1, 20250115143902.264641
389347, 1, 20250115143903.264646
389407, 1, 20250115143904.264684
389467, 1, 20250115143905.264719
389527, 1, 20250115143906.264754
389587, 1, 20250115143907.264771
389647, 1, 20250115143908.264801
389707, 1, 20250115143909.264833
389767, 1, 20250115143910.264852
389827, 1, 20250115143911.264892
389887, 1, 20250115143912.264913
389947, 1, 20250115143913.264945
390007, 1, 20250115143914.264990
390067, 1, 20250115143915.265044
390127, 1, 20250115143916.265033
390187, 1, 20250115143917.265068
390247, 1, 20250115143918.265105
390307, 1, 20250115143919.265136
390367, 1, 20250115143920.265149
390427, 1, 20250115143921.265177
390487, 1, 20250115143922.265217
390547, 1, 20250115143923.265238
390607, 1, 20250115143924.265291
390667, 1, 20250115143925.265319
390727, 1, 20250115143926.265328
390787, 1, 20250115143927.265362
390847, 1, 20250115143928.265382
390907, 1, 20250115143929.265417
390967, 1, 20250115143930.265440
391027, 1, 20250115143931.265469
391087, 1, 20250115143932.265500
391147, 1, 20250115143933.265520
391207, 1, 20250115143934.265585
391267, 1, 20250115143935.265592
391327, 1, 20250115143936.265615
391387, 1, 20250115143937.265660
391447, 1, 20250115143938.265678
391507, 1, 20250115143939.265703
391567, 1, 20250115143940.265732
391627, 1, 20250115143941.265758
391687, 1, 20250115143942.265785
391747, 1, 20250115143943.265824
391807, 1, 20250115143944.265870
391867, 1, 20250115143945.265871
391927, 1, 20250115143946.265899
391987, 1, 20250115143947.265934
392047, 1, 20250115143948.265969
392107, 1, 20250115143949.266003
392167, 1, 20250115143950.266028
392227, 1, 20250115143951.266064
392287, 1, 20250115143952.266078
392347, 1, 20250115143953.266128
392407, 1, 20250115143954.266148
392467, 1, 20250115143955.266168
392527, 1, 20250115143956.266204
392587, 1, 20250115143957.266222
392647, 1, 20250115143958.266260
392707, 1, 20250115143959.266291
392767, 1, 20250115144000.266316
392827, 1, 20250115144001.266340
392887, 1, 20250115144002.266365
392947, 1, 20250115144003.266423
393007, 1, 20250115144004.266443
393067, 1, 20250115144005.266455
393127, 1, 20250115144006.266482
393187, 1, 20250115144007.266521
393247, 1, 20250115144008.266554
393307, 1, 20250115144009.266580
393367, 1, 20250115144010.266607
393427, 1, 20250115144011.266637
393487, 1, 20250115144012.266670
393547, 1, 20250115144013.266694
393607, 1, 20250115144014.266729
393667, 1, 20250115144015.266736
393727, 1, 20250115144016.266767
393787, 1, 20250115144017.266803
393847, 1, 20250115144018.266836
393907, 1, 20250115144019.266870
393967, 1, 20250115144020.266891
394027, 1, 20250115144021.266926
394087, 1, 20250115144022.266967
394147, 1, 20250115144023.266995
394207, 1, 20250115144024.267020
394267, 1, 20250115144025.267044
394327, 1, 20250115144026.267054
394387, 1, 20250115144027.267096
394447, 1, 20250115144028.267127
394507, 1, 20250115144029.267164
394567, 1, 20250115144030.267174
394627, 1, 20250115144031.267205
394687, 1, 20250115144032.267272
394747, 1, 20250115144033.267291
394807, 1, 20250115144034.267297
394867, 1, 20250115144035.267335
394927, 1, 20250115144036.267358
394987, 1, 20250115144037.267392
395047, 1, 20250115144038.267406
