127591, 1, 20241222115603.078432
127651, 1, 20241222115604.078469
127711, 1, 20241222115605.078491
127771, 1, 20241222115606.078532
127831, 1, 20241222115607.078578
127891, 1, 20241222115608.078605
127951, 1, 20241222115609.078632
128011, 1, 20241222115610.078646
128071, 1, 20241222115611.078681
128131, 1, 20241222115612.078695
128191, 1, 20241222115613.078720
128251, 1, 20241222115614.078750
128311, 1, 20241222115615.078785
128371, 1, 20241222115616.078802
128431, 1, 20241222115617.078864
128491, 1, 20241222115618.078876
128551, 1, 20241222115619.078896
