321669, 1, 20241224112600.156578
321729, 1, 20241224112601.156584
321789, 1, 20241224112602.156613
321849, 1, 20241224112603.156644
321909, 1, 20241224112604.156666
321969, 1, 20241224112605.156702
322029, 1, 20241224112606.156732
322089, 1, 20241224112607.156760
322149, 1, 20241224112608.156798
322209, 1, 20241224112609.156816
322269, 1, 20241224112610.156856
322329, 1, 20241224112611.156882
322389, 1, 20241224112612.156909
322449, 1, 20241224112613.156944
322509, 1, 20241224112614.156964
322569, 1, 20241224112615.157012
322629, 1, 20241224112616.157020
322689, 1, 20241224112617.157044
322749, 1, 20241224112618.157084
322809, 1, 20241224112619.157131
322869, 1, 20241224112620.157159
322929, 1, 20241224112621.157197
322989, 1, 20241224112622.157197
323049, 1, 20241224112623.157232
323109, 1, 20241224112624.157259
