921135, 1, 20250110175807.337719
921195, 1, 20250110175808.337732
921255, 1, 20250110175809.337745
921315, 1, 20250110175810.337796
921375, 1, 20250110175811.337800
921435, 1, 20250110175812.337838
921495, 1, 20250110175813.337868
921555, 1, 20250110175814.337893
921615, 1, 20250110175815.337924
921675, 1, 20250110175816.338103
921735, 1, 20250110175817.338129
921795, 1, 20250110175818.338150
921855, 1, 20250110175819.338051
921915, 1, 20250110175820.338067
921975, 1, 20250110175821.338113
922035, 1, 20250110175822.338134
922095, 1, 20250110175823.338155
922155, 1, 20250110175824.338323
922215, 1, 20250110175825.338349
922275, 1, 20250110175826.338416
922335, 1, 20250110175827.338430
