896099, 1, 20250112113047.976880
896159, 1, 20250112113048.976919
896219, 1, 20250112113049.976936
896279, 1, 20250112113050.976974
896339, 1, 20250112113051.976994
896399, 1, 20250112113052.977031
896459, 1, 20250112113053.977054
896519, 1, 20250112113054.977097
896579, 1, 20250112113055.977118
896639, 1, 20250112113056.977148
896699, 1, 20250112113057.977171
896759, 1, 20250112113058.977209
896819, 1, 20250112113059.977238
896879, 1, 20250112113100.977273
896939, 1, 20250112113101.977292
896999, 1, 20250112113102.977321
897059, 1, 20250112113103.977373
897119, 1, 20250112113104.977408
897179, 1, 20250112113105.977415
897239, 1, 20250112113106.977446
897299, 1, 20250112113107.977471
897359, 1, 20250112113108.977499
897419, 1, 20250112113109.977540
897479, 1, 20250112113110.977556
897539, 1, 20250112113111.977585
897599, 1, 20250112113112.977626
897659, 1, 20250112113113.977668
897719, 1, 20250112113114.977678
897779, 1, 20250112113115.977707
897839, 1, 20250112113116.977739
897899, 1, 20250112113117.977842
897959, 1, 20250112113118.977797
898019, 1, 20250112113119.977817
898079, 1, 20250112113120.977847
898139, 1, 20250112113121.977873
898199, 1, 20250112113122.977905
898259, 1, 20250112113123.977935
898319, 1, 20250112113124.977943
898379, 1, 20250112113125.977981
898439, 1, 20250112113126.978024
898499, 1, 20250112113127.978054
898559, 1, 20250112113128.978075
898619, 1, 20250112113129.978097
898679, 1, 20250112113130.978134
898739, 1, 20250112113131.978163
898799, 1, 20250112113132.978210
898859, 1, 20250112113133.978246
898919, 1, 20250112113134.978249
898979, 1, 20250112113135.978277
899039, 1, 20250112113136.978296
899099, 1, 20250112113137.978332
899159, 1, 20250112113138.978362
899219, 1, 20250112113139.978387
899279, 1, 20250112113140.978418
899339, 1, 20250112113141.978440
899399, 1, 20250112113142.978499
899459, 1, 20250112113143.978513
899519, 1, 20250112113144.978529
899579, 1, 20250112113145.978545
899639, 1, 20250112113146.978578
899699, 1, 20250112113147.978619
899759, 1, 20250112113148.978638
899819, 1, 20250112113149.978669
899879, 1, 20250112113150.978697
899939, 1, 20250112113151.978724
899999, 1, 20250112113152.978759
900059, 1, 20250112113153.978784
900119, 1, 20250112113154.978810
900179, 1, 20250112113155.978849
900239, 1, 20250112113156.978877
900299, 1, 20250112113157.978899
900359, 1, 20250112113158.978934
900419, 1, 20250112113159.978959
900479, 1, 20250112113200.978991
900539, 1, 20250112113201.979043
900599, 1, 20250112113202.979060
900659, 1, 20250112113203.979058
900719, 1, 20250112113204.979100
900779, 1, 20250112113205.979131
