308891, 1, 20241224112227.180141
308951, 1, 20241224112228.180176
309011, 1, 20241224112229.180203
309071, 1, 20241224112230.180231
309131, 1, 20241224112231.180264
309191, 1, 20241224112232.180300
309251, 1, 20241224112233.180320
309311, 1, 20241224112234.180355
309371, 1, 20241224112235.180384
309431, 1, 20241224112236.180421
309491, 1, 20241224112237.180436
309551, 1, 20241224112238.180483
309611, 1, 20241224112239.180495
309671, 1, 20241224112240.180530
309731, 1, 20241224112241.180581
309791, 1, 20241224112242.180600
309851, 1, 20241224112243.180617
309911, 1, 20241224112244.180648
309971, 1, 20241224112245.180674
310031, 1, 20241224112246.180694
310091, 1, 20241224112247.180730
310151, 1, 20241224112248.180759
310211, 1, 20241224112249.180783
310271, 1, 20241224112250.180819
310331, 1, 20241224112251.180860
310391, 1, 20241224112252.180888
310451, 1, 20241224112253.180911
310511, 1, 20241224112254.180928
310571, 1, 20241224112255.180960
310631, 1, 20241224112256.181000
310691, 1, 20241224112257.181019
310751, 1, 20241224112258.181047
310811, 1, 20241224112259.181083
310871, 1, 20241224112300.181099
310931, 1, 20241224112301.181154
310991, 1, 20241224112302.181158
311051, 1, 20241224112303.181176
311111, 1, 20241224112304.181229
311171, 1, 20241224112305.181266
311231, 1, 20241224112306.181268
311291, 1, 20241224112307.181307
311351, 1, 20241224112308.181330
