625865, 1, 20250111163826.836535
625925, 1, 20250111163827.836563
625985, 1, 20250111163828.836581
626045, 1, 20250111163829.836616
626105, 1, 20250111163830.836668
626165, 1, 20250111163831.836677
626225, 1, 20250111163832.836709
626285, 1, 20250111163833.836721
626345, 1, 20250111163834.836782
626405, 1, 20250111163835.836805
626465, 1, 20250111163836.836834
626525, 1, 20250111163837.836854
626585, 1, 20250111163838.836879
626645, 1, 20250111163839.836910
626705, 1, 20250111163840.836955
626765, 1, 20250111163841.836971
626825, 1, 20250111163842.837001
626885, 1, 20250111163843.837025
626945, 1, 20250111163844.837056
627005, 1, 20250111163845.837085
627065, 1, 20250111163846.837115
627125, 1, 20250111163847.837146
627185, 1, 20250111163848.837178
627245, 1, 20250111163849.837222
627305, 1, 20250111163850.837253
627365, 1, 20250111163851.837266
627425, 1, 20250111163852.837299
627485, 1, 20250111163853.837327
627545, 1, 20250111163854.837362
627605, 1, 20250111163855.837385
627665, 1, 20250111163856.837410
627725, 1, 20250111163857.837442
627785, 1, 20250111163858.837477
627845, 1, 20250111163859.837532
627905, 1, 20250111163900.837549
627965, 1, 20250111163901.837553
628025, 1, 20250111163902.837587
628085, 1, 20250111163903.837627
628145, 1, 20250111163904.837666
628205, 1, 20250111163905.837680
628265, 1, 20250111163906.837713
