246735, 1, 20241223161450.941687
246795, 1, 20241223161451.941687
246855, 1, 20241223161452.941694
246915, 1, 20241223161453.941723
246975, 1, 20241223161454.941790
247035, 1, 20241223161455.941816
247095, 1, 20241223161456.941821
247155, 1, 20241223161457.941875
247215, 1, 20241223161458.941876
247275, 1, 20241223161459.941922
247335, 1, 20241223161500.941926
247395, 1, 20241223161501.941981
247455, 1, 20241223161502.942095
247515, 1, 20241223161503.942042
247575, 1, 20241223161504.942043
247635, 1, 20241223161505.942081
247695, 1, 20241223161506.942128
247755, 1, 20241223161507.942178
247815, 1, 20241223161508.942159
247875, 1, 20241223161509.942188
247935, 1, 20241223161510.942210
247995, 1, 20241223161511.942264
248055, 1, 20241223161512.942293
248115, 1, 20241223161513.942297
248175, 1, 20241223161514.942323
248235, 1, 20241223161515.942373
248295, 1, 20241223161516.942383
248355, 1, 20241223161517.942429
248415, 1, 20241223161518.942472
248475, 1, 20241223161519.942475
248535, 1, 20241223161520.942503
248595, 1, 20241223161521.942533
248655, 1, 20241223161522.942557
248715, 1, 20241223161523.942590
248775, 1, 20241223161524.942611
248835, 1, 20241223161525.942646
248895, 1, 20241223161526.942672
248955, 1, 20241223161527.942702
249015, 1, 20241223161528.942738
249075, 1, 20241223161529.942760
249135, 1, 20241223161530.942797
249195, 1, 20241223161531.942876
249255, 1, 20241223161532.942857
249315, 1, 20241223161533.942883
249375, 1, 20241223161534.942904
249435, 1, 20241223161535.942948
249495, 1, 20241223161536.942964
249555, 1, 20241223161537.943097
249615, 1, 20241223161538.943027
249675, 1, 20241223161539.943051
249735, 1, 20241223161540.943099
249795, 1, 20241223161541.943161
249855, 1, 20241223161542.943144
249915, 1, 20241223161543.943172
249975, 1, 20241223161544.943196
250035, 1, 20241223161545.943248
250095, 1, 20241223161546.943264
250155, 1, 20241223161547.943301
250215, 1, 20241223161548.943326
250275, 1, 20241223161549.943342
250335, 1, 20241223161550.943397
250395, 1, 20241223161551.943470
250455, 1, 20241223161552.943463
250515, 1, 20241223161553.943468
250575, 1, 20241223161554.943504
250635, 1, 20241223161555.943525
250695, 1, 20241223161556.943540
250755, 1, 20241223161557.943587
250815, 1, 20241223161558.943600
250875, 1, 20241223161559.943672
250935, 1, 20241223161600.943695
250995, 1, 20241223161601.943692
251055, 1, 20241223161602.943732
251115, 1, 20241223161603.943810
251175, 1, 20241223161604.943784
251235, 1, 20241223161605.943808
251295, 1, 20241223161606.943837
251355, 1, 20241223161607.943876
251415, 1, 20241223161608.943890
251475, 1, 20241223161609.943939
251535, 1, 20241223161610.943974
251595, 1, 20241223161611.943991
251655, 1, 20241223161612.944039
251715, 1, 20241223161613.944036
251775, 1, 20241223161614.944175
251835, 1, 20241223161615.944116
251895, 1, 20241223161616.944128
251955, 1, 20241223161617.944192
252015, 1, 20241223161618.944228
252075, 1, 20241223161619.944238
252135, 1, 20241223161620.944278
252195, 1, 20241223161621.944275
252255, 1, 20241223161622.944327
252315, 1, 20241223161623.944430
252375, 1, 20241223161624.944402
252435, 1, 20241223161625.944425
252495, 1, 20241223161626.944416
252555, 1, 20241223161627.944466
252615, 1, 20241223161628.944508
252675, 1, 20241223161629.944515
252735, 1, 20241223161630.944561
252795, 1, 20241223161631.944433
252855, 1, 20241223161632.944470
252915, 1, 20241223161633.944588
252975, 1, 20241223161634.944546
253035, 1, 20241223161635.944555
253095, 1, 20241223161636.944588
253155, 1, 20241223161637.944599
253215, 1, 20241223161638.944636
253275, 1, 20241223161639.944678
253335, 1, 20241223161640.944692
253395, 1, 20241223161641.944727
253455, 1, 20241223161642.944789
253515, 1, 20241223161643.944781
253575, 1, 20241223161644.944958
253635, 1, 20241223161645.945071
253695, 1, 20241223161646.944876
253755, 1, 20241223161647.944956
253815, 1, 20241223161648.944945
253875, 1, 20241223161649.944988
253935, 1, 20241223161650.944986
253995, 1, 20241223161651.945012
254055, 1, 20241223161652.945041
254115, 1, 20241223161653.945063
254175, 1, 20241223161654.945095
254235, 1, 20241223161655.945267
254295, 1, 20241223161656.945147
254355, 1, 20241223161657.945188
254415, 1, 20241223161658.945241
254475, 1, 20241223161659.945251
254535, 1, 20241223161700.945270
254595, 1, 20241223161701.945293
254655, 1, 20241223161702.945344
254715, 1, 20241223161703.945403
254775, 1, 20241223161704.945413
254835, 1, 20241223161705.945425
254895, 1, 20241223161706.945465
254955, 1, 20241223161707.945472
255015, 1, 20241223161708.945501
255075, 1, 20241223161709.945667
255135, 1, 20241223161710.945692
255195, 1, 20241223161711.945728
255255, 1, 20241223161712.945744
255315, 1, 20241223161713.945768
255375, 1, 20241223161714.945799
255435, 1, 20241223161715.945838
255495, 1, 20241223161716.945890
255555, 1, 20241223161717.945918
255615, 1, 20241223161718.945944
255675, 1, 20241223161719.945952
255735, 1, 20241223161720.946018
255795, 1, 20241223161721.946025
255855, 1, 20241223161722.946050
255915, 1, 20241223161723.946167
255975, 1, 20241223161724.946105
