39115, 1, 20250111194029.359724
39175, 1, 20250111194030.359752
39235, 1, 20250111194031.359635
39295, 1, 20250111194032.359663
39355, 1, 20250111194033.359834
39415, 1, 20250111194034.359890
39475, 1, 20250111194035.359932
39535, 1, 20250111194036.359934
39595, 1, 20250111194037.359952
39655, 1, 20250111194038.359983
39715, 1, 20250111194039.360011
39775, 1, 20250111194040.360040
39835, 1, 20250111194041.360081
39895, 1, 20250111194042.360100
39955, 1, 20250111194043.360121
40015, 1, 20250111194044.360187
40075, 1, 20250111194045.360187
40135, 1, 20250111194046.360225
40195, 1, 20250111194047.360264
40255, 1, 20250111194048.360281
40315, 1, 20250111194049.360312
40375, 1, 20250111194050.360346
40435, 1, 20250111194051.360387
40495, 1, 20250111194052.360389
40555, 1, 20250111194053.360434
40615, 1, 20250111194054.360470
40675, 1, 20250111194055.360485
40735, 1, 20250111194056.360521
40795, 1, 20250111194057.360541
40855, 1, 20250111194058.360616
40915, 1, 20250111194059.360604
40975, 1, 20250111194100.360640
41035, 1, 20250111194101.360658
41095, 1, 20250111194102.360694
41155, 1, 20250111194103.360748
41215, 1, 20250111194104.360771
41275, 1, 20250111194105.360777
41335, 1, 20250111194106.360817
41395, 1, 20250111194107.360827
41455, 1, 20250111194108.360858
41515, 1, 20250111194109.360909
41575, 1, 20250111194110.360924
41635, 1, 20250111194111.360961
41695, 1, 20250111194112.360992
41755, 1, 20250111194113.361025
41815, 1, 20250111194114.361053
41875, 1, 20250111194115.361080
41935, 1, 20250111194116.361111
41995, 1, 20250111194117.361133
42055, 1, 20250111194118.361159
42115, 1, 20250111194119.361182
42175, 1, 20250111194120.361228
42235, 1, 20250111194121.361251
