278307, 1, 20250112163937.303456
278367, 1, 20250112163938.303483
278427, 1, 20250112163939.303505
278487, 1, 20250112163940.303527
278547, 1, 20250112163941.303561
278607, 1, 20250112163942.303591
278667, 1, 20250112163943.303632
278727, 1, 20250112163944.303642
278787, 1, 20250112163945.303673
278847, 1, 20250112163946.303708
278907, 1, 20250112163947.303735
278967, 1, 20250112163948.303760
279027, 1, 20250112163949.303821
279087, 1, 20250112163950.303855
279147, 1, 20250112163951.303857
279207, 1, 20250112163952.303868
279267, 1, 20250112163953.303910
279327, 1, 20250112163954.303937
279387, 1, 20250112163955.303969
279447, 1, 20250112163956.303993
279507, 1, 20250112163957.304027
279567, 1, 20250112163958.304048
279627, 1, 20250112163959.304111
279687, 1, 20250112164000.304143
279747, 1, 20250112164001.304142
279807, 1, 20250112164002.304166
279867, 1, 20250112164003.304205
279927, 1, 20250112164004.304222
279987, 1, 20250112164005.304257
280047, 1, 20250112164006.304285
280107, 1, 20250112164007.304323
280167, 1, 20250112164008.304357
280227, 1, 20250112164009.304402
280287, 1, 20250112164010.304409
280347, 1, 20250112164011.304433
280407, 1, 20250112164012.304462
280467, 1, 20250112164013.304495
280527, 1, 20250112164014.304520
280587, 1, 20250112164015.304544
280647, 1, 20250112164016.304573
