42331, 1, 20250119193639.506256
42391, 1, 20250119193640.506295
42451, 1, 20250119193641.506319
42511, 1, 20250119193642.506373
42571, 1, 20250119193643.506391
42631, 1, 20250119193644.506408
42691, 1, 20250119193645.506437
42751, 1, 20250119193646.506458
42811, 1, 20250119193647.506489
42871, 1, 20250119193648.506522
42931, 1, 20250119193649.506546
42991, 1, 20250119193650.506592
43051, 1, 20250119193651.506617
43111, 1, 20250119193652.506671
43171, 1, 20250119193653.506699
43231, 1, 20250119193654.506705
43291, 1, 20250119193655.506746
43351, 1, 20250119193656.506764
43411, 1, 20250119193657.506788
43471, 1, 20250119193658.506820
43531, 1, 20250119193659.506855
43591, 1, 20250119193700.506878
43651, 1, 20250119193701.506903
43711, 1, 20250119193702.506936
43771, 1, 20250119193703.506968
43831, 1, 20250119193704.506990
43891, 1, 20250119193705.507031
43951, 1, 20250119193706.507060
44011, 1, 20250119193707.507095
44071, 1, 20250119193708.507121
44131, 1, 20250119193709.507147
44191, 1, 20250119193710.507165
44251, 1, 20250119193711.507225
44311, 1, 20250119193712.507246
44371, 1, 20250119193713.507262
44431, 1, 20250119193714.507288
44491, 1, 20250119193715.507330
44551, 1, 20250119193716.507351
44611, 1, 20250119193717.507378
44671, 1, 20250119193718.507407
44731, 1, 20250119193719.507438
44791, 1, 20250119193720.507469
44851, 1, 20250119193721.507512
44911, 1, 20250119193722.507424
44971, 1, 20250119193723.507419
45031, 1, 20250119193724.507446
45091, 1, 20250119193725.507472
45151, 1, 20250119193726.507510
45211, 1, 20250119193727.507535
45271, 1, 20250119193728.507571
45331, 1, 20250119193729.507590
45391, 1, 20250119193730.507649
45451, 1, 20250119193731.507664
45511, 1, 20250119193732.507687
45571, 1, 20250119193733.507707
45631, 1, 20250119193734.507747
45691, 1, 20250119193735.507774
45751, 1, 20250119193736.507798
45811, 1, 20250119193737.507833
45871, 1, 20250119193738.507997
45931, 1, 20250119193739.508032
45991, 1, 20250119193740.508058
46051, 1, 20250119193741.508097
46111, 1, 20250119193742.508114
46171, 1, 20250119193743.508143
46231, 1, 20250119193744.508168
46291, 1, 20250119193745.508209
46351, 1, 20250119193746.508232
46411, 1, 20250119193747.508260
46471, 1, 20250119193748.508301
46531, 1, 20250119193749.508322
46591, 1, 20250119193750.508368
46651, 1, 20250119193751.508393
46711, 1, 20250119193752.508403
46771, 1, 20250119193753.508435
46831, 1, 20250119193754.508467
46891, 1, 20250119193755.508495
46951, 1, 20250119193756.508521
47011, 1, 20250119193757.508547
47071, 1, 20250119193758.508577
47131, 1, 20250119193759.508619
47191, 1, 20250119193800.508665
47251, 1, 20250119193801.508686
47311, 1, 20250119193802.508711
47371, 1, 20250119193803.508725
47431, 1, 20250119193804.508758
47491, 1, 20250119193805.508785
47551, 1, 20250119193806.508830
47611, 1, 20250119193807.508850
47671, 1, 20250119193808.508878
47731, 1, 20250119193809.508909
47791, 1, 20250119193810.508937
47851, 1, 20250119193811.508965
47911, 1, 20250119193812.508992
47971, 1, 20250119193813.509026
48031, 1, 20250119193814.509049
48091, 1, 20250119193815.509089
48151, 1, 20250119193816.509114
48211, 1, 20250119193817.509149
48271, 1, 20250119193818.509171
48331, 1, 20250119193819.509221
48391, 1, 20250119193820.509255
48451, 1, 20250119193821.509263
48511, 1, 20250119193822.509306
48571, 1, 20250119193823.509326
48631, 1, 20250119193824.509337
48691, 1, 20250119193825.509377
48751, 1, 20250119193826.509413
48811, 1, 20250119193827.509437
48871, 1, 20250119193828.509453
48931, 1, 20250119193829.509511
48991, 1, 20250119193830.509555
49051, 1, 20250119193831.509550
49111, 1, 20250119193832.509583
49171, 1, 20250119193833.509609
49231, 1, 20250119193834.509644
49291, 1, 20250119193835.509676
49351, 1, 20250119193836.509697
49411, 1, 20250119193837.509726
49471, 1, 20250119193838.509784
49531, 1, 20250119193839.509790
49591, 1, 20250119193840.509810
49651, 1, 20250119193841.509850
49711, 1, 20250119193842.509871
49771, 1, 20250119193843.509906
49831, 1, 20250119193844.509923
49891, 1, 20250119193845.509959
49951, 1, 20250119193846.509989
50011, 1, 20250119193847.510014
50071, 1, 20250119193848.510042
50131, 1, 20250119193849.510076
50191, 1, 20250119193850.510104
50251, 1, 20250119193851.510138
50311, 1, 20250119193852.510158
50371, 1, 20250119193853.510188
50431, 1, 20250119193854.510219
50491, 1, 20250119193855.510246
50551, 1, 20250119193856.510272
50611, 1, 20250119193857.510305
50671, 1, 20250119193858.510361
50731, 1, 20250119193859.510392
50791, 1, 20250119193900.510388
50851, 1, 20250119193901.510427
50911, 1, 20250119193902.510457
50971, 1, 20250119193903.510485
51031, 1, 20250119193904.510512
51091, 1, 20250119193905.510543
51151, 1, 20250119193906.510569
51211, 1, 20250119193907.510605
51271, 1, 20250119193908.510654
51331, 1, 20250119193909.510673
51391, 1, 20250119193910.510687
51451, 1, 20250119193911.510718
51511, 1, 20250119193912.510739
51571, 1, 20250119193913.510776
51631, 1, 20250119193914.510808
51691, 1, 20250119193915.510832
51751, 1, 20250119193916.510860
51811, 1, 20250119193917.510898
51871, 1, 20250119193918.510926
51931, 1, 20250119193919.510944
51991, 1, 20250119193920.510972
52051, 1, 20250119193921.511008
52111, 1, 20250119193922.511038
52171, 1, 20250119193923.511069
52231, 1, 20250119193924.511091
52291, 1, 20250119193925.511128
52351, 1, 20250119193926.511148
52411, 1, 20250119193927.511203
52471, 1, 20250119193928.511238
52531, 1, 20250119193929.511249
52591, 1, 20250119193930.511271
52651, 1, 20250119193931.511296
52711, 1, 20250119193932.511333
52771, 1, 20250119193933.511365
52831, 1, 20250119193934.511387
52891, 1, 20250119193935.511423
52951, 1, 20250119193936.511457
53011, 1, 20250119193937.511506
