883339, 1, 20250112112715.302580
883399, 1, 20250112112716.302565
883459, 1, 20250112112717.302514
883519, 1, 20250112112718.302622
883579, 1, 20250112112719.302614
883639, 1, 20250112112720.302604
883699, 1, 20250112112721.302664
883759, 1, 20250112112722.302685
883819, 1, 20250112112723.302691
883879, 1, 20250112112724.302712
883939, 1, 20250112112725.302745
883999, 1, 20250112112726.302824
884059, 1, 20250112112727.302807
884119, 1, 20250112112728.302905
884179, 1, 20250112112729.302864
884239, 1, 20250112112730.302885
884299, 1, 20250112112731.302941
884359, 1, 20250112112732.302983
884419, 1, 20250112112733.302980
884479, 1, 20250112112734.303002
884539, 1, 20250112112735.303028
884599, 1, 20250112112736.303064
884659, 1, 20250112112737.303156
884719, 1, 20250112112738.303194
884779, 1, 20250112112739.303170
884839, 1, 20250112112740.303256
884899, 1, 20250112112741.303246
884959, 1, 20250112112742.303305
885019, 1, 20250112112743.303304
885079, 1, 20250112112744.303382
885139, 1, 20250112112745.303376
885199, 1, 20250112112746.303432
885259, 1, 20250112112747.303469
885319, 1, 20250112112748.303504
885379, 1, 20250112112749.303531
885439, 1, 20250112112750.303566
885499, 1, 20250112112751.303594
885559, 1, 20250112112752.303621
885619, 1, 20250112112753.303649
885679, 1, 20250112112754.303673
885739, 1, 20250112112755.303697
885799, 1, 20250112112756.303728
885859, 1, 20250112112757.303764
885919, 1, 20250112112758.303777
885979, 1, 20250112112759.303809
886039, 1, 20250112112800.303848
886099, 1, 20250112112801.303878
886159, 1, 20250112112802.303906
886219, 1, 20250112112803.303937
886279, 1, 20250112112804.303965
886339, 1, 20250112112805.303979
886399, 1, 20250112112806.304020
886459, 1, 20250112112807.304049
