251837, 1, 20250116213223.461632
251897, 1, 20250116213224.461654
251957, 1, 20250116213225.461683
252017, 1, 20250116213226.461698
252077, 1, 20250116213227.461744
252137, 1, 20250116213228.461765
252197, 1, 20250116213229.461790
252257, 1, 20250116213230.461839
252317, 1, 20250116213231.461864
252377, 1, 20250116213232.461880
252437, 1, 20250116213233.461903
252497, 1, 20250116213234.461925
252557, 1, 20250116213235.461967
252617, 1, 20250116213236.461995
252677, 1, 20250116213237.462022
252737, 1, 20250116213238.462043
252797, 1, 20250116213239.462078
252857, 1, 20250116213240.462099
252917, 1, 20250116213241.462131
252977, 1, 20250116213242.462145
253037, 1, 20250116213243.462173
253097, 1, 20250116213244.462230
253157, 1, 20250116213245.462241
253217, 1, 20250116213246.462276
253277, 1, 20250116213247.462320
253337, 1, 20250116213248.462327
253397, 1, 20250116213249.462371
253457, 1, 20250116213250.462404
253517, 1, 20250116213251.462411
253577, 1, 20250116213252.462445
253637, 1, 20250116213253.462486
253697, 1, 20250116213254.462512
253757, 1, 20250116213255.462546
253817, 1, 20250116213256.462560
253877, 1, 20250116213257.462599
253937, 1, 20250116213258.462618
253997, 1, 20250116213259.462657
254057, 1, 20250116213300.462696
254117, 1, 20250116213301.462713
254177, 1, 20250116213302.462737
254237, 1, 20250116213303.462749
254297, 1, 20250116213304.462791
254357, 1, 20250116213305.462820
254417, 1, 20250116213306.462862
254477, 1, 20250116213307.462882
254537, 1, 20250116213308.462941
254597, 1, 20250116213309.462932
254657, 1, 20250116213310.462829
254717, 1, 20250116213311.462989
254777, 1, 20250116213312.463025
254837, 1, 20250116213313.463044
254897, 1, 20250116213314.462948
254957, 1, 20250116213315.462973
255017, 1, 20250116213316.463148
255077, 1, 20250116213317.463161
255137, 1, 20250116213318.463174
255197, 1, 20250116213319.463228
255257, 1, 20250116213320.463246
255317, 1, 20250116213321.463270
255377, 1, 20250116213322.463294
255437, 1, 20250116213323.463325
255497, 1, 20250116213324.463348
255557, 1, 20250116213325.463377
255617, 1, 20250116213326.463414
255677, 1, 20250116213327.463414
255737, 1, 20250116213328.463478
255797, 1, 20250116213329.463491
255857, 1, 20250116213330.463495
255917, 1, 20250116213331.463521
255977, 1, 20250116213332.463536
