327293, 1, 20250107153223.270096
327353, 1, 20250107153224.270116
327413, 1, 20250107153225.270152
327473, 1, 20250107153226.270206
327533, 1, 20250107153227.270247
327593, 1, 20250107153228.270257
327653, 1, 20250107153229.270270
327713, 1, 20250107153230.270301
327773, 1, 20250107153231.270326
327833, 1, 20250107153232.270371
327893, 1, 20250107153233.270394
327953, 1, 20250107153234.270427
328013, 1, 20250107153235.270457
328073, 1, 20250107153236.270493
328133, 1, 20250107153237.270537
328193, 1, 20250107153238.270554
328253, 1, 20250107153239.270565
328313, 1, 20250107153240.270593
328373, 1, 20250107153241.270624
328433, 1, 20250107153242.270669
328493, 1, 20250107153243.270689
328553, 1, 20250107153244.270725
328613, 1, 20250107153245.270739
328673, 1, 20250107153246.270793
328733, 1, 20250107153247.270787
328793, 1, 20250107153248.270842
328853, 1, 20250107153249.270862
328913, 1, 20250107153250.270927
328973, 1, 20250107153251.270925
329033, 1, 20250107153252.270947
329093, 1, 20250107153253.270993
329153, 1, 20250107153254.271019
329213, 1, 20250107153255.271049
329273, 1, 20250107153256.271063
329333, 1, 20250107153257.271100
329393, 1, 20250107153258.271110
329453, 1, 20250107153259.271162
329513, 1, 20250107153300.271186
329573, 1, 20250107153301.271220
329633, 1, 20250107153302.271256
329693, 1, 20250107153303.271287
329753, 1, 20250107153304.271308
329813, 1, 20250107153305.271472
329873, 1, 20250107153306.271368
329933, 1, 20250107153307.271436
329993, 1, 20250107153308.271433
330053, 1, 20250107153309.271460
330113, 1, 20250107153310.271492
330173, 1, 20250107153311.271527
330233, 1, 20250107153312.271539
330293, 1, 20250107153313.271574
330353, 1, 20250107153314.271616
330413, 1, 20250107153315.271641
330473, 1, 20250107153316.271686
330533, 1, 20250107153317.271693
330593, 1, 20250107153318.271716
330653, 1, 20250107153319.271763
330713, 1, 20250107153320.271787
330773, 1, 20250107153321.271819
330833, 1, 20250107153322.271846
330893, 1, 20250107153323.271876
330953, 1, 20250107153324.271912
331013, 1, 20250107153325.271927
331073, 1, 20250107153326.271950
331133, 1, 20250107153327.271991
331193, 1, 20250107153328.272020
331253, 1, 20250107153329.272044
331313, 1, 20250107153330.272084
331373, 1, 20250107153331.272100
331433, 1, 20250107153332.272141
331493, 1, 20250107153333.272162
331553, 1, 20250107153334.272190
331613, 1, 20250107153335.272237
331673, 1, 20250107153336.272265
331733, 1, 20250107153337.272294
331793, 1, 20250107153338.272325
331853, 1, 20250107153339.272349
331913, 1, 20250107153340.272387
331973, 1, 20250107153341.272417
332033, 1, 20250107153342.272450
332093, 1, 20250107153343.272454
332153, 1, 20250107153344.272520
332213, 1, 20250107153345.272538
332273, 1, 20250107153346.272547
332333, 1, 20250107153347.272585
332393, 1, 20250107153348.272608
332453, 1, 20250107153349.272645
332513, 1, 20250107153350.272687
332573, 1, 20250107153351.272706
332633, 1, 20250107153352.272743
332693, 1, 20250107153353.272770
332753, 1, 20250107153354.272825
332813, 1, 20250107153355.272860
332873, 1, 20250107153356.272859
332933, 1, 20250107153357.272884
332993, 1, 20250107153358.272912
333053, 1, 20250107153359.272947
333113, 1, 20250107153400.272964
333173, 1, 20250107153401.273003
333233, 1, 20250107153402.273044
333293, 1, 20250107153403.273061
333353, 1, 20250107153404.273085
333413, 1, 20250107153405.273139
333473, 1, 20250107153406.273147
333533, 1, 20250107153407.273188
333593, 1, 20250107153408.273214
333653, 1, 20250107153409.273245
333713, 1, 20250107153410.273276
333773, 1, 20250107153411.273307
333833, 1, 20250107153412.273332
333893, 1, 20250107153413.273398
333953, 1, 20250107153414.273412
334013, 1, 20250107153415.273421
334073, 1, 20250107153416.273452
334133, 1, 20250107153417.273492
334193, 1, 20250107153418.273508
334253, 1, 20250107153419.273547
334313, 1, 20250107153420.273575
334373, 1, 20250107153421.273611
334433, 1, 20250107153422.273644
334493, 1, 20250107153423.273693
334553, 1, 20250107153424.273711
334613, 1, 20250107153425.273724
334673, 1, 20250107153426.273756
334733, 1, 20250107153427.273786
334793, 1, 20250107153428.273815
334853, 1, 20250107153429.273847
334913, 1, 20250107153430.273881
334973, 1, 20250107153431.273896
335033, 1, 20250107153432.273932
335093, 1, 20250107153433.273974
335153, 1, 20250107153434.273976
335213, 1, 20250107153435.274040
335273, 1, 20250107153436.274045
335333, 1, 20250107153437.274099
335393, 1, 20250107153438.274127
335453, 1, 20250107153439.274153
335513, 1, 20250107153440.274179
335573, 1, 20250107153441.274221
335633, 1, 20250107153442.274231
335693, 1, 20250107153443.274280
335753, 1, 20250107153444.274305
335813, 1, 20250107153445.274324
335873, 1, 20250107153446.274363
335933, 1, 20250107153447.274395
335993, 1, 20250107153448.274409
336053, 1, 20250107153449.274451
336113, 1, 20250107153450.274482
336173, 1, 20250107153451.274516
336233, 1, 20250107153452.274561
336293, 1, 20250107153453.274578
336353, 1, 20250107153454.274589
336413, 1, 20250107153455.274624
336473, 1, 20250107153456.274658
336533, 1, 20250107153457.274683
336593, 1, 20250107153458.274743
336653, 1, 20250107153459.274738
336713, 1, 20250107153500.274789
336773, 1, 20250107153501.274812
336833, 1, 20250107153502.274863
336893, 1, 20250107153503.274887
336953, 1, 20250107153504.274892
337013, 1, 20250107153505.274943
337073, 1, 20250107153506.274956
337133, 1, 20250107153507.274977
337193, 1, 20250107153508.275012
337253, 1, 20250107153509.275047
337313, 1, 20250107153510.275079
337373, 1, 20250107153511.275113
337433, 1, 20250107153512.275170
337493, 1, 20250107153513.275173
337553, 1, 20250107153514.275203
337613, 1, 20250107153515.275247
337673, 1, 20250107153516.275255
337733, 1, 20250107153517.275293
337793, 1, 20250107153518.275314
337853, 1, 20250107153519.275356
337913, 1, 20250107153520.275365
337973, 1, 20250107153521.275401
338033, 1, 20250107153522.275430
