335307, 1, 20250121145153.134344
335367, 1, 20250121145154.134387
335427, 1, 20250121145155.134516
335487, 1, 20250121145156.134439
335547, 1, 20250121145157.134519
335607, 1, 20250121145158.134484
335667, 1, 20250121145159.134615
335727, 1, 20250121145200.134648
335787, 1, 20250121145201.134577
335847, 1, 20250121145202.134607
335907, 1, 20250121145203.134705
335967, 1, 20250121145204.134691
336027, 1, 20250121145205.134716
336087, 1, 20250121145206.134736
336147, 1, 20250121145207.134757
336207, 1, 20250121145208.134792
336267, 1, 20250121145209.134836
336327, 1, 20250121145210.134852
336387, 1, 20250121145211.134932
336447, 1, 20250121145212.135000
336507, 1, 20250121145213.134995
336567, 1, 20250121145214.134966
336627, 1, 20250121145215.135066
336687, 1, 20250121145216.135049
336747, 1, 20250121145217.135024
336807, 1, 20250121145218.135177
336867, 1, 20250121145219.135127
336927, 1, 20250121145220.135191
336987, 1, 20250121145221.135262
337047, 1, 20250121145222.135215
337107, 1, 20250121145223.135296
337167, 1, 20250121145224.135288
337227, 1, 20250121145225.135345
337287, 1, 20250121145226.135422
337347, 1, 20250121145227.135407
337407, 1, 20250121145228.135386
337467, 1, 20250121145229.135426
337527, 1, 20250121145230.135420
337587, 1, 20250121145231.135495
337647, 1, 20250121145232.135521
337707, 1, 20250121145233.135636
337767, 1, 20250121145234.135591
337827, 1, 20250121145235.135646
337887, 1, 20250121145236.135632
337947, 1, 20250121145237.135663
338007, 1, 20250121145238.135705
338067, 1, 20250121145239.135726
338127, 1, 20250121145240.135761
338187, 1, 20250121145241.135835
338247, 1, 20250121145242.135819
338307, 1, 20250121145243.135907
338367, 1, 20250121145244.135886
338427, 1, 20250121145245.135983
338487, 1, 20250121145246.135931
338547, 1, 20250121145247.135996
338607, 1, 20250121145248.136009
338667, 1, 20250121145249.136059
338727, 1, 20250121145250.136056
338787, 1, 20250121145251.136154
338847, 1, 20250121145252.136187
338907, 1, 20250121145253.136197
338967, 1, 20250121145254.136208
339027, 1, 20250121145255.136171
339087, 1, 20250121145256.136222
339147, 1, 20250121145257.136339
339207, 1, 20250121145258.136348
339267, 1, 20250121145259.136317
339327, 1, 20250121145300.136344
339387, 1, 20250121145301.136368
339447, 1, 20250121145302.136455
339507, 1, 20250121145303.136517
339567, 1, 20250121145304.136507
339627, 1, 20250121145305.136503
339687, 1, 20250121145306.136564
339747, 1, 20250121145307.136622
339807, 1, 20250121145308.136531
339867, 1, 20250121145309.136612
339927, 1, 20250121145310.136708
339987, 1, 20250121145311.136674
340047, 1, 20250121145312.136750
340107, 1, 20250121145313.136787
340167, 1, 20250121145314.136760
340227, 1, 20250121145315.136791
340287, 1, 20250121145316.136809
340347, 1, 20250121145317.136844
340407, 1, 20250121145318.136862
340467, 1, 20250121145319.136912
340527, 1, 20250121145320.136930
340587, 1, 20250121145321.136954
340647, 1, 20250121145322.137076
340707, 1, 20250121145323.137014
340767, 1, 20250121145324.137043
340827, 1, 20250121145325.137147
340887, 1, 20250121145326.137115
340947, 1, 20250121145327.137253
341007, 1, 20250121145328.137167
341067, 1, 20250121145329.137198
341127, 1, 20250121145330.137213
341187, 1, 20250121145331.137330
341247, 1, 20250121145332.137294
341307, 1, 20250121145333.137357
341367, 1, 20250121145334.137410
341427, 1, 20250121145335.137371
341487, 1, 20250121145336.137403
341547, 1, 20250121145337.137504
341607, 1, 20250121145338.137501
341667, 1, 20250121145339.137486
341727, 1, 20250121145340.137515
341787, 1, 20250121145341.137607
341847, 1, 20250121145342.137590
341907, 1, 20250121145343.137682
341967, 1, 20250121145344.137630
342027, 1, 20250121145345.137667
342087, 1, 20250121145346.137701
342147, 1, 20250121145347.137726
342207, 1, 20250121145348.137746
342267, 1, 20250121145349.137857
342327, 1, 20250121145350.137809
342387, 1, 20250121145351.137896
342447, 1, 20250121145352.137943
342507, 1, 20250121145353.137900
342567, 1, 20250121145354.137928
342627, 1, 20250121145355.137955
342687, 1, 20250121145356.137982
342747, 1, 20250121145357.138010
342807, 1, 20250121145358.138045
342867, 1, 20250121145359.138073
342927, 1, 20250121145400.138171
342987, 1, 20250121145401.138181
343047, 1, 20250121145402.138232
343107, 1, 20250121145403.138276
343167, 1, 20250121145404.138215
343227, 1, 20250121145405.138281
343287, 1, 20250121145406.138366
343347, 1, 20250121145407.138348
343407, 1, 20250121145408.138338
343467, 1, 20250121145409.138405
343527, 1, 20250121145410.138451
343587, 1, 20250121145411.138395
343647, 1, 20250121145412.138524
343707, 1, 20250121145413.138486
343767, 1, 20250121145414.138505
343827, 1, 20250121145415.138545
343887, 1, 20250121145416.138580
343947, 1, 20250121145417.138642
344007, 1, 20250121145418.138701
344067, 1, 20250121145419.138659
344127, 1, 20250121145420.138739
344187, 1, 20250121145421.138746
344247, 1, 20250121145422.138760
344307, 1, 20250121145423.138825
344367, 1, 20250121145424.138884
344427, 1, 20250121145425.138847
344487, 1, 20250121145426.138863
344547, 1, 20250121145427.138972
344607, 1, 20250121145428.138916
344667, 1, 20250121145429.138951
344727, 1, 20250121145430.139041
344787, 1, 20250121145431.139031
344847, 1, 20250121145432.139036
344907, 1, 20250121145433.139064
344967, 1, 20250121145434.139180
345027, 1, 20250121145435.139121
345087, 1, 20250121145436.139170
345147, 1, 20250121145437.139159
345207, 1, 20250121145438.139213
345267, 1, 20250121145439.139286
345327, 1, 20250121145440.139270
345387, 1, 20250121145441.139385
345447, 1, 20250121145442.139416
345507, 1, 20250121145443.139367
345567, 1, 20250121145444.139398
345627, 1, 20250121145445.139421
345687, 1, 20250121145446.139527
345747, 1, 20250121145447.139488
345807, 1, 20250121145448.139506
345867, 1, 20250121145449.139527
345927, 1, 20250121145450.139617
345987, 1, 20250121145451.139595
346047, 1, 20250121145452.139697
