248137, 1, 20250116191112.137017
248197, 1, 20250116191113.137048
248257, 1, 20250116191114.137073
248317, 1, 20250116191115.137115
248377, 1, 20250116191116.137156
248437, 1, 20250116191117.137156
248497, 1, 20250116191118.137190
248557, 1, 20250116191119.137242
248617, 1, 20250116191120.137252
248677, 1, 20250116191121.137285
248737, 1, 20250116191122.137317
248797, 1, 20250116191123.137340
248857, 1, 20250116191124.137375
248917, 1, 20250116191125.137394
248977, 1, 20250116191126.137428
249037, 1, 20250116191127.137449
249097, 1, 20250116191128.137483
249157, 1, 20250116191129.137516
249217, 1, 20250116191130.137553
249277, 1, 20250116191131.137582
249337, 1, 20250116191132.137607
249397, 1, 20250116191133.137633
249457, 1, 20250116191134.137666
249517, 1, 20250116191135.137721
249577, 1, 20250116191136.137729
249637, 1, 20250116191137.137758
249697, 1, 20250116191138.137771
249757, 1, 20250116191139.137831
249817, 1, 20250116191140.137826
249877, 1, 20250116191141.137873
249937, 1, 20250116191142.137888
249997, 1, 20250116191143.137924
250057, 1, 20250116191144.137978
250117, 1, 20250116191145.138010
250177, 1, 20250116191146.138003
250237, 1, 20250116191147.138048
250297, 1, 20250116191148.138070
250357, 1, 20250116191149.138112
250417, 1, 20250116191150.138144
250477, 1, 20250116191151.138166
250537, 1, 20250116191152.138187
250597, 1, 20250116191153.138222
250657, 1, 20250116191154.138263
250717, 1, 20250116191155.138295
250777, 1, 20250116191156.138309
250837, 1, 20250116191157.138339
250897, 1, 20250116191158.138366
250957, 1, 20250116191159.138402
251017, 1, 20250116191200.138427
251077, 1, 20250116191201.138461
251137, 1, 20250116191202.138480
251197, 1, 20250116191203.138518
251257, 1, 20250116191204.138533
251317, 1, 20250116191205.138572
251377, 1, 20250116191206.138603
251437, 1, 20250116191207.138629
251497, 1, 20250116191208.138663
251557, 1, 20250116191209.138696
251617, 1, 20250116191210.138715
251677, 1, 20250116191211.138745
251737, 1, 20250116191212.138781
251797, 1, 20250116191213.138833
251857, 1, 20250116191214.138863
251917, 1, 20250116191215.138867
251977, 1, 20250116191216.138891
252037, 1, 20250116191217.138927
252097, 1, 20250116191218.138951
252157, 1, 20250116191219.138985
252217, 1, 20250116191220.139017
252277, 1, 20250116191221.139038
252337, 1, 20250116191222.139065
252397, 1, 20250116191223.139124
252457, 1, 20250116191224.139137
252517, 1, 20250116191225.139170
252577, 1, 20250116191226.139176
252637, 1, 20250116191227.139213
252697, 1, 20250116191228.139246
252757, 1, 20250116191229.139267
252817, 1, 20250116191230.139301
252877, 1, 20250116191231.139334
252937, 1, 20250116191232.139365
252997, 1, 20250116191233.139394
253057, 1, 20250116191234.139410
253117, 1, 20250116191235.139458
253177, 1, 20250116191236.139489
253237, 1, 20250116191237.139504
253297, 1, 20250116191238.139524
253357, 1, 20250116191239.139576
253417, 1, 20250116191240.139591
253477, 1, 20250116191241.139622
253537, 1, 20250116191242.139656
253597, 1, 20250116191243.139697
253657, 1, 20250116191244.139708
253717, 1, 20250116191245.139745
253777, 1, 20250116191246.139771
253837, 1, 20250116191247.139806
253897, 1, 20250116191248.139826
253957, 1, 20250116191249.139854
254017, 1, 20250116191250.139880
254077, 1, 20250116191251.139908
254137, 1, 20250116191252.139952
254197, 1, 20250116191253.139987
254257, 1, 20250116191254.139985
254317, 1, 20250116191255.140024
254377, 1, 20250116191256.140043
254437, 1, 20250116191257.140090
254497, 1, 20250116191258.140111
254557, 1, 20250116191259.140155
254617, 1, 20250116191300.140162
254677, 1, 20250116191301.140194
254737, 1, 20250116191302.140248
254797, 1, 20250116191303.140252
254857, 1, 20250116191304.140269
254917, 1, 20250116191305.140304
254977, 1, 20250116191306.140337
255037, 1, 20250116191307.140379
255097, 1, 20250116191308.140406
255157, 1, 20250116191309.140444
255217, 1, 20250116191310.140461
255277, 1, 20250116191311.140492
255337, 1, 20250116191312.140508
255397, 1, 20250116191313.140541
255457, 1, 20250116191314.140562
255517, 1, 20250116191315.140600
255577, 1, 20250116191316.140619
255637, 1, 20250116191317.140666
255697, 1, 20250116191318.140690
255757, 1, 20250116191319.140728
255817, 1, 20250116191320.140736
255877, 1, 20250116191321.140798
255937, 1, 20250116191322.140819
255997, 1, 20250116191323.140834
256057, 1, 20250116191324.140862
256117, 1, 20250116191325.140901
256177, 1, 20250116191326.140918
256237, 1, 20250116191327.140957
256297, 1, 20250116191328.140971
256357, 1, 20250116191329.141009
256417, 1, 20250116191330.141041
256477, 1, 20250116191331.141082
256537, 1, 20250116191332.141112
256597, 1, 20250116191333.141124
256657, 1, 20250116191334.141164
256717, 1, 20250116191335.141213
256777, 1, 20250116191336.141218
256837, 1, 20250116191337.141239
256897, 1, 20250116191338.141267
256957, 1, 20250116191339.141300
257017, 1, 20250116191340.141330
257077, 1, 20250116191341.141352
257137, 1, 20250116191342.141398
257197, 1, 20250116191343.141421
257257, 1, 20250116191344.141452
257317, 1, 20250116191345.141472
257377, 1, 20250116191346.141500
257437, 1, 20250116191347.141532
257497, 1, 20250116191348.141562
257557, 1, 20250116191349.141587
257617, 1, 20250116191350.141633
257677, 1, 20250116191351.141669
257737, 1, 20250116191352.141686
257797, 1, 20250116191353.141697
257857, 1, 20250116191354.141728
257917, 1, 20250116191355.141753
257977, 1, 20250116191356.141780
258037, 1, 20250116191357.141814
258097, 1, 20250116191358.141824
258157, 1, 20250116191359.141876
258217, 1, 20250116191400.141925
258277, 1, 20250116191401.141946
258337, 1, 20250116191402.141957
258397, 1, 20250116191403.141978
258457, 1, 20250116191404.142004
258517, 1, 20250116191405.142023
258577, 1, 20250116191406.142059
258637, 1, 20250116191407.142055
258697, 1, 20250116191408.142103
258757, 1, 20250116191409.142138
258817, 1, 20250116191410.142191
258877, 1, 20250116191411.142173
