351107, 1, 20250111223227.539952
351167, 1, 20250111223228.539964
351227, 1, 20250111223229.539992
351287, 1, 20250111223230.540028
351347, 1, 20250111223231.540079
351407, 1, 20250111223232.540094
351467, 1, 20250111223233.540112
351527, 1, 20250111223234.540122
351587, 1, 20250111223235.540162
351647, 1, 20250111223236.540200
351707, 1, 20250111223237.540242
351767, 1, 20250111223238.540251
351827, 1, 20250111223239.540283
351887, 1, 20250111223240.540344
351947, 1, 20250111223241.540376
352007, 1, 20250111223242.540374
352067, 1, 20250111223243.540420
352127, 1, 20250111223244.540431
352187, 1, 20250111223245.540480
352247, 1, 20250111223246.540492
352307, 1, 20250111223247.540523
352367, 1, 20250111223248.540550
352427, 1, 20250111223249.540561
352487, 1, 20250111223250.540621
352547, 1, 20250111223251.540643
352607, 1, 20250111223252.540677
352667, 1, 20250111223253.540698
352727, 1, 20250111223254.540723
352787, 1, 20250111223255.540775
352847, 1, 20250111223256.540792
352907, 1, 20250111223257.540808
352967, 1, 20250111223258.540844
353027, 1, 20250111223259.540875
353087, 1, 20250111223300.540924
353147, 1, 20250111223301.540940
353207, 1, 20250111223302.540962
353267, 1, 20250111223303.540990
353327, 1, 20250111223304.541017
353387, 1, 20250111223305.541058
353447, 1, 20250111223306.541081
353507, 1, 20250111223307.541125
353567, 1, 20250111223308.541122
353627, 1, 20250111223309.541136
353687, 1, 20250111223310.541199
353747, 1, 20250111223311.541261
353807, 1, 20250111223312.541257
353867, 1, 20250111223313.541260
353927, 1, 20250111223314.541299
353987, 1, 20250111223315.541338
354047, 1, 20250111223316.541389
354107, 1, 20250111223317.541393
354167, 1, 20250111223318.541469
354227, 1, 20250111223319.541462
354287, 1, 20250111223320.541476
354347, 1, 20250111223321.541510
354407, 1, 20250111223322.541614
354467, 1, 20250111223323.541615
354527, 1, 20250111223324.541604
354587, 1, 20250111223325.541615
354647, 1, 20250111223326.541671
354707, 1, 20250111223327.541701
354767, 1, 20250111223328.541726
354827, 1, 20250111223329.541800
354887, 1, 20250111223330.541834
354947, 1, 20250111223331.541852
355007, 1, 20250111223332.541902
355067, 1, 20250111223333.541897
355127, 1, 20250111223334.541948
355187, 1, 20250111223335.541954
355247, 1, 20250111223336.542022
355307, 1, 20250111223337.542041
355367, 1, 20250111223338.542045
355427, 1, 20250111223339.542119
355487, 1, 20250111223340.542184
355547, 1, 20250111223341.542118
355607, 1, 20250111223342.542198
355667, 1, 20250111223343.542240
355727, 1, 20250111223344.542313
355787, 1, 20250111223345.542267
355847, 1, 20250111223346.542309
355907, 1, 20250111223347.542299
355967, 1, 20250111223348.542393
356027, 1, 20250111223349.542413
356087, 1, 20250111223350.542480
356147, 1, 20250111223351.542444
356207, 1, 20250111223352.542553
356267, 1, 20250111223353.542596
356327, 1, 20250111223354.542592
356387, 1, 20250111223355.542601
356447, 1, 20250111223356.542566
356507, 1, 20250111223357.542642
356567, 1, 20250111223358.542754
356627, 1, 20250111223359.542774
356687, 1, 20250111223400.542819
356747, 1, 20250111223401.542855
