312691, 1, 20241224112330.517519
312751, 1, 20241224112331.517541
312811, 1, 20241224112332.517573
312871, 1, 20241224112333.517609
312931, 1, 20241224112334.517632
312991, 1, 20241224112335.517662
313051, 1, 20241224112336.517686
313111, 1, 20241224112337.517720
313171, 1, 20241224112338.517748
313231, 1, 20241224112339.517800
313291, 1, 20241224112340.517828
313351, 1, 20241224112341.517831
313411, 1, 20241224112342.517869
313471, 1, 20241224112343.517889
313531, 1, 20241224112344.517924
313591, 1, 20241224112345.517966
313651, 1, 20241224112346.517981
313711, 1, 20241224112347.518019
313771, 1, 20241224112348.518052
313831, 1, 20241224112349.518086
313891, 1, 20241224112350.518130
313951, 1, 20241224112351.518137
314011, 1, 20241224112352.518140
314071, 1, 20241224112353.518188
314131, 1, 20241224112354.518210
314191, 1, 20241224112355.518237
314251, 1, 20241224112356.518279
314311, 1, 20241224112357.518306
314371, 1, 20241224112358.518334
314431, 1, 20241224112359.518383
314491, 1, 20241224112400.518393
314551, 1, 20241224112401.518424
314611, 1, 20241224112402.518455
314671, 1, 20241224112403.518477
314731, 1, 20241224112404.518518
314791, 1, 20241224112405.518534
314851, 1, 20241224112406.518562
314911, 1, 20241224112407.518592
314971, 1, 20241224112408.518632
315031, 1, 20241224112409.518654
