104741, 1, 20250106131749.527767
104801, 1, 20250106131750.527798
104861, 1, 20250106131751.527820
104921, 1, 20250106131752.527847
104981, 1, 20250106131753.527881
105041, 1, 20250106131754.527910
105101, 1, 20250106131755.527965
105161, 1, 20250106131756.527973
105221, 1, 20250106131757.528003
105281, 1, 20250106131758.528032
105341, 1, 20250106131759.528076
105401, 1, 20250106131800.528088
105461, 1, 20250106131801.528109
105521, 1, 20250106131802.528148
105581, 1, 20250106131803.528187
105641, 1, 20250106131804.528194
105701, 1, 20250106131805.528256
105761, 1, 20250106131806.528273
105821, 1, 20250106131807.528285
105881, 1, 20250106131808.528307
105941, 1, 20250106131809.528347
106001, 1, 20250106131810.528381
106061, 1, 20250106131811.528402
106121, 1, 20250106131812.528424
106181, 1, 20250106131813.528465
106241, 1, 20250106131814.528491
106301, 1, 20250106131815.528528
106361, 1, 20250106131816.528541
106421, 1, 20250106131817.528583
106481, 1, 20250106131818.528600
106541, 1, 20250106131819.528642
106601, 1, 20250106131820.528673
106661, 1, 20250106131821.528712
106721, 1, 20250106131822.528724
106781, 1, 20250106131823.528760
106841, 1, 20250106131824.528791
106901, 1, 20250106131825.528833
106961, 1, 20250106131826.528843
107021, 1, 20250106131827.528871
107081, 1, 20250106131828.528892
107141, 1, 20250106131829.528930
107201, 1, 20250106131830.528951
107261, 1, 20250106131831.528989
107321, 1, 20250106131832.529014
107381, 1, 20250106131833.529030
107441, 1, 20250106131834.529090
107501, 1, 20250106131835.529117
107561, 1, 20250106131836.529129
107621, 1, 20250106131837.529160
107681, 1, 20250106131838.529180
107741, 1, 20250106131839.529221
107801, 1, 20250106131840.529236
107861, 1, 20250106131841.529274
107921, 1, 20250106131842.529309
107981, 1, 20250106131843.529336
108041, 1, 20250106131844.529372
108101, 1, 20250106131845.529388
108161, 1, 20250106131846.529416
108221, 1, 20250106131847.529454
108281, 1, 20250106131848.529480
108341, 1, 20250106131849.529495
108401, 1, 20250106131850.529504
108461, 1, 20250106131851.529558
108521, 1, 20250106131852.529575
108581, 1, 20250106131853.529611
108641, 1, 20250106131854.529613
108701, 1, 20250106131855.529635
108761, 1, 20250106131856.529661
108821, 1, 20250106131857.529694
108881, 1, 20250106131858.529711
108941, 1, 20250106131859.529760
109001, 1, 20250106131900.529793
109061, 1, 20250106131901.529827
109121, 1, 20250106131902.529915
109181, 1, 20250106131903.529936
109241, 1, 20250106131904.529953
109301, 1, 20250106131905.529980
109361, 1, 20250106131906.530030
109421, 1, 20250106131907.530034
109481, 1, 20250106131908.530055
109541, 1, 20250106131909.530114
109601, 1, 20250106131910.530131
109661, 1, 20250106131911.530196
109721, 1, 20250106131912.530214
109781, 1, 20250106131913.530231
109841, 1, 20250106131914.530292
109901, 1, 20250106131915.530332
109961, 1, 20250106131916.530426
110021, 1, 20250106131917.530396
110081, 1, 20250106131918.530305
110141, 1, 20250106131919.530368
110201, 1, 20250106131920.530353
110261, 1, 20250106131921.530391
110321, 1, 20250106131922.530407
110381, 1, 20250106131923.530450
110441, 1, 20250106131924.530468
110501, 1, 20250106131925.530499
110561, 1, 20250106131926.530527
110621, 1, 20250106131927.530563
110681, 1, 20250106131928.530589
110741, 1, 20250106131929.530627
110801, 1, 20250106131930.530641
110861, 1, 20250106131931.530690
110921, 1, 20250106131932.530725
110981, 1, 20250106131933.530765
111041, 1, 20250106131934.530769
111101, 1, 20250106131935.530807
111161, 1, 20250106131936.530825
111221, 1, 20250106131937.530855
111281, 1, 20250106131938.530877
111341, 1, 20250106131939.530913
111401, 1, 20250106131940.530939
111461, 1, 20250106131941.530970
111521, 1, 20250106131942.531013
111581, 1, 20250106131943.531047
111641, 1, 20250106131944.531065
111701, 1, 20250106131945.531091
111761, 1, 20250106131946.531115
111821, 1, 20250106131947.531142
111881, 1, 20250106131948.531162
111941, 1, 20250106131949.531207
112001, 1, 20250106131950.531235
112061, 1, 20250106131951.531279
112121, 1, 20250106131952.531296
112181, 1, 20250106131953.531316
112241, 1, 20250106131954.531350
112301, 1, 20250106131955.531375
112361, 1, 20250106131956.531409
112421, 1, 20250106131957.531440
112481, 1, 20250106131958.531456
112541, 1, 20250106131959.531495
112601, 1, 20250106132000.531517
112661, 1, 20250106132001.531550
112721, 1, 20250106132002.531589
112781, 1, 20250106132003.531599
112841, 1, 20250106132004.531641
112901, 1, 20250106132005.531667
112961, 1, 20250106132006.531689
113021, 1, 20250106132007.531721
113081, 1, 20250106132008.531749
113141, 1, 20250106132009.531796
113201, 1, 20250106132010.531806
113261, 1, 20250106132011.531855
113321, 1, 20250106132012.531899
113381, 1, 20250106132013.531905
113441, 1, 20250106132014.531938
113501, 1, 20250106132015.531968
113561, 1, 20250106132016.531992
113621, 1, 20250106132017.532015
113681, 1, 20250106132018.532041
113741, 1, 20250106132019.532078
113801, 1, 20250106132020.532099
113861, 1, 20250106132021.532157
113921, 1, 20250106132022.532165
113981, 1, 20250106132023.532193
114041, 1, 20250106132024.532210
114101, 1, 20250106132025.532242
114161, 1, 20250106132026.532272
114221, 1, 20250106132027.532304
114281, 1, 20250106132028.532320
114341, 1, 20250106132029.532352
114401, 1, 20250106132030.532377
114461, 1, 20250106132031.532424
114521, 1, 20250106132032.532444
114581, 1, 20250106132033.532474
114641, 1, 20250106132034.532502
114701, 1, 20250106132035.532544
114761, 1, 20250106132036.532563
114821, 1, 20250106132037.532596
114881, 1, 20250106132038.532628
114941, 1, 20250106132039.532654
115001, 1, 20250106132040.532686
115061, 1, 20250106132041.532721
115121, 1, 20250106132042.532721
115181, 1, 20250106132043.532766
115241, 1, 20250106132044.532787
115301, 1, 20250106132045.532815
115361, 1, 20250106132046.532839
115421, 1, 20250106132047.532879
115481, 1, 20250106132048.532908
