796277, 1, 20250112110304.216785
796337, 1, 20250112110305.216836
796397, 1, 20250112110306.216841
796457, 1, 20250112110307.216884
796517, 1, 20250112110308.216905
796577, 1, 20250112110309.216926
796637, 1, 20250112110310.216978
796697, 1, 20250112110311.217010
796757, 1, 20250112110312.217027
796817, 1, 20250112110313.217058
796877, 1, 20250112110314.217070
796937, 1, 20250112110315.217114
796997, 1, 20250112110316.217127
797057, 1, 20250112110317.217154
797117, 1, 20250112110318.217191
797177, 1, 20250112110319.217220
797237, 1, 20250112110320.217273
797297, 1, 20250112110321.217293
797357, 1, 20250112110322.217310
797417, 1, 20250112110323.217346
797477, 1, 20250112110324.217377
797537, 1, 20250112110325.217396
797597, 1, 20250112110326.217420
797657, 1, 20250112110327.217456
797717, 1, 20250112110328.217490
797777, 1, 20250112110329.217515
797837, 1, 20250112110330.217540
797897, 1, 20250112110331.217564
797957, 1, 20250112110332.217595
798017, 1, 20250112110333.217627
798077, 1, 20250112110334.217648
798137, 1, 20250112110335.217686
798197, 1, 20250112110336.217721
798257, 1, 20250112110337.217735
798317, 1, 20250112110338.217776
798377, 1, 20250112110339.217821
798437, 1, 20250112110340.217847
798497, 1, 20250112110341.217853
798557, 1, 20250112110342.217878
798617, 1, 20250112110343.217915
798677, 1, 20250112110344.217936
798737, 1, 20250112110345.217964
798797, 1, 20250112110346.217993
798857, 1, 20250112110347.218022
798917, 1, 20250112110348.218054
798977, 1, 20250112110349.218106
799037, 1, 20250112110350.218123
799097, 1, 20250112110351.218152
799157, 1, 20250112110352.218172
