1037655, 1, 20250112121007.329195
1037715, 1, 20250112121008.329238
1037775, 1, 20250112121009.329242
1037835, 1, 20250112121010.329284
1037895, 1, 20250112121011.329312
1037955, 1, 20250112121012.329366
1038015, 1, 20250112121013.329385
1038075, 1, 20250112121014.329392
1038135, 1, 20250112121015.329416
1038195, 1, 20250112121016.329457
1038255, 1, 20250112121017.329495
1038315, 1, 20250112121018.329509
1038375, 1, 20250112121019.329540
1038435, 1, 20250112121020.329569
1038495, 1, 20250112121021.329612
1038555, 1, 20250112121022.329644
1038615, 1, 20250112121023.329662
1038675, 1, 20250112121024.329683
1038735, 1, 20250112121025.329711
1038795, 1, 20250112121026.329748
1038855, 1, 20250112121027.329783
1038915, 1, 20250112121028.329801
1038975, 1, 20250112121029.329832
1039035, 1, 20250112121030.329862
1039095, 1, 20250112121031.329889
1039155, 1, 20250112121032.329915
1039215, 1, 20250112121033.329948
1039275, 1, 20250112121034.329978
1039335, 1, 20250112121035.330003
1039395, 1, 20250112121036.330035
1039455, 1, 20250112121037.330066
1039515, 1, 20250112121038.330110
1039575, 1, 20250112121039.330138
1039635, 1, 20250112121040.330149
1039695, 1, 20250112121041.330194
1039755, 1, 20250112121042.330240
1039815, 1, 20250112121043.330256
1039875, 1, 20250112121044.330270
1039935, 1, 20250112121045.330304
1039995, 1, 20250112121046.330339
