195437, 1, 20241220163238.858736
195497, 1, 20241220163239.858750
195557, 1, 20241220163240.858776
195617, 1, 20241220163241.858807
195677, 1, 20241220163242.858850
195737, 1, 20241220163243.858885
195797, 1, 20241220163244.858917
195857, 1, 20241220163245.858935
195917, 1, 20241220163246.858968
195977, 1, 20241220163247.858983
196037, 1, 20241220163248.859019
196097, 1, 20241220163249.859033
196157, 1, 20241220163250.859067
196217, 1, 20241220163251.859097
196277, 1, 20241220163252.859139
196337, 1, 20241220163253.859168
196397, 1, 20241220163254.859217
196457, 1, 20241220163255.859215
196517, 1, 20241220163256.859244
196577, 1, 20241220163257.859267
196637, 1, 20241220163258.859302
196697, 1, 20241220163259.859323
196757, 1, 20241220163300.859363
196817, 1, 20241220163301.859385
196877, 1, 20241220163302.859436
196937, 1, 20241220163303.859472
196997, 1, 20241220163304.859484
197057, 1, 20241220163305.859505
197117, 1, 20241220163306.859534
197177, 1, 20241220163307.859554
197237, 1, 20241220163308.859593
197297, 1, 20241220163309.859621
197357, 1, 20241220163310.859644
197417, 1, 20241220163311.859684
197477, 1, 20241220163312.859715
197537, 1, 20241220163313.859729
197597, 1, 20241220163314.859764
197657, 1, 20241220163315.859798
197717, 1, 20241220163316.859819
197777, 1, 20241220163317.859844
197837, 1, 20241220163318.859875
197897, 1, 20241220163319.859905
197957, 1, 20241220163320.859932
198017, 1, 20241220163321.859954
198077, 1, 20241220163322.860014
198137, 1, 20241220163323.860030
198197, 1, 20241220163324.860058
198257, 1, 20241220163325.860076
198317, 1, 20241220163326.860114
198377, 1, 20241220163327.860141
198437, 1, 20241220163328.860161
198497, 1, 20241220163329.860184
198557, 1, 20241220163330.860222
198617, 1, 20241220163331.860249
198677, 1, 20241220163332.860302
198737, 1, 20241220163333.860332
198797, 1, 20241220163334.860340
198857, 1, 20241220163335.860364
198917, 1, 20241220163336.860397
198977, 1, 20241220163337.860429
199037, 1, 20241220163338.860456
199097, 1, 20241220163339.860480
199157, 1, 20241220163340.860524
199217, 1, 20241220163341.860527
199277, 1, 20241220163342.860576
199337, 1, 20241220163343.860590
199397, 1, 20241220163344.860625
199457, 1, 20241220163345.860654
199517, 1, 20241220163346.860678
199577, 1, 20241220163347.860711
199637, 1, 20241220163348.860750
199697, 1, 20241220163349.860770
199757, 1, 20241220163350.860801
199817, 1, 20241220163351.860826
199877, 1, 20241220163352.860878
199937, 1, 20241220163353.860876
199997, 1, 20241220163354.860915
200057, 1, 20241220163355.860940
200117, 1, 20241220163356.860969
200177, 1, 20241220163357.860999
200237, 1, 20241220163358.861033
200297, 1, 20241220163359.861062
200357, 1, 20241220163400.861093
200417, 1, 20241220163401.861134
200477, 1, 20241220163402.861176
200537, 1, 20241220163403.861184
200597, 1, 20241220163404.861211
200657, 1, 20241220163405.861222
200717, 1, 20241220163406.861259
200777, 1, 20241220163407.861288
200837, 1, 20241220163408.861319
200897, 1, 20241220163409.861350
200957, 1, 20241220163410.861373
201017, 1, 20241220163411.861411
201077, 1, 20241220163412.861452
201137, 1, 20241220163413.861458
201197, 1, 20241220163414.861490
201257, 1, 20241220163415.861517
201317, 1, 20241220163416.861550
201377, 1, 20241220163417.861568
201437, 1, 20241220163418.861604
201497, 1, 20241220163419.861633
201557, 1, 20241220163420.861655
201617, 1, 20241220163421.861689
201677, 1, 20241220163422.861725
201737, 1, 20241220163423.861746
201797, 1, 20241220163424.861777
201857, 1, 20241220163425.861808
201917, 1, 20241220163426.861836
201977, 1, 20241220163427.861860
202037, 1, 20241220163428.861902
202097, 1, 20241220163429.861926
202157, 1, 20241220163430.861975
202217, 1, 20241220163431.862003
202277, 1, 20241220163432.861999
202337, 1, 20241220163433.862036
202397, 1, 20241220163434.862066
202457, 1, 20241220163435.862100
202517, 1, 20241220163436.862121
202577, 1, 20241220163437.862150
202637, 1, 20241220163438.862190
202697, 1, 20241220163439.862211
202757, 1, 20241220163440.862257
202817, 1, 20241220163441.862287
202877, 1, 20241220163442.862298
202937, 1, 20241220163443.862326
202997, 1, 20241220163444.862351
203057, 1, 20241220163445.862381
203117, 1, 20241220163446.862413
203177, 1, 20241220163447.862447
203237, 1, 20241220163448.862469
203297, 1, 20241220163449.862499
203357, 1, 20241220163450.862544
203417, 1, 20241220163451.862555
203477, 1, 20241220163452.862593
203537, 1, 20241220163453.862611
203597, 1, 20241220163454.862647
203657, 1, 20241220163455.862662
203717, 1, 20241220163456.862704
203777, 1, 20241220163457.862744
203837, 1, 20241220163458.862756
203897, 1, 20241220163459.862780
203957, 1, 20241220163500.862824
204017, 1, 20241220163501.862839
204077, 1, 20241220163502.862874
204137, 1, 20241220163503.862907
204197, 1, 20241220163504.862926
204257, 1, 20241220163505.862966
204317, 1, 20241220163506.863006
204377, 1, 20241220163507.863022
204437, 1, 20241220163508.863046
204497, 1, 20241220163509.863123
204557, 1, 20241220163510.863132
204617, 1, 20241220163511.863131
204677, 1, 20241220163512.863162
204737, 1, 20241220163513.863193
204797, 1, 20241220163514.863217
204857, 1, 20241220163515.863252
204917, 1, 20241220163516.863284
204977, 1, 20241220163517.863301
205037, 1, 20241220163518.863343
205097, 1, 20241220163519.863369
205157, 1, 20241220163520.863424
205217, 1, 20241220163521.863416
205277, 1, 20241220163522.863456
205337, 1, 20241220163523.863478
205397, 1, 20241220163524.863506
205457, 1, 20241220163525.863527
205517, 1, 20241220163526.863578
205577, 1, 20241220163527.863600
205637, 1, 20241220163528.863646
205697, 1, 20241220163529.863662
205757, 1, 20241220163530.863688
205817, 1, 20241220163531.863709
205877, 1, 20241220163532.863742
205937, 1, 20241220163533.863768
205997, 1, 20241220163534.863805
206057, 1, 20241220163535.863831
206117, 1, 20241220163536.863864
206177, 1, 20241220163537.863889
