545617, 1, 20250111232629.497580
545677, 1, 20250111232630.497587
545737, 1, 20250111232631.497606
545797, 1, 20250111232632.497520
545857, 1, 20250111232633.497524
545917, 1, 20250111232634.497553
545977, 1, 20250111232635.497719
546037, 1, 20250111232636.497765
546097, 1, 20250111232637.497783
546157, 1, 20250111232638.497689
546217, 1, 20250111232639.497713
546277, 1, 20250111232640.497719
546337, 1, 20250111232641.497894
546397, 1, 20250111232642.497929
546457, 1, 20250111232643.497960
546517, 1, 20250111232644.497838
546577, 1, 20250111232645.497867
546637, 1, 20250111232646.497901
546697, 1, 20250111232647.497927
546757, 1, 20250111232648.497981
546817, 1, 20250111232649.497988
546877, 1, 20250111232650.498018
546937, 1, 20250111232651.498043
546997, 1, 20250111232652.498074
547057, 1, 20250111232653.498091
547117, 1, 20250111232654.498130
547177, 1, 20250111232655.498161
547237, 1, 20250111232656.498198
547297, 1, 20250111232657.498213
547357, 1, 20250111232658.498252
547417, 1, 20250111232659.498267
547477, 1, 20250111232700.498313
547537, 1, 20250111232701.498341
547597, 1, 20250111232702.498359
547657, 1, 20250111232703.498391
547717, 1, 20250111232704.498415
547777, 1, 20250111232705.498451
547837, 1, 20250111232706.498481
547897, 1, 20250111232707.498516
547957, 1, 20250111232708.498567
