498817, 1, 20250116100251.116034
498877, 1, 20250116100252.116066
498937, 1, 20250116100253.116067
498997, 1, 20250116100254.116098
499057, 1, 20250116100255.116121
499117, 1, 20250116100256.116161
499177, 1, 20250116100257.116187
499237, 1, 20250116100258.116226
499297, 1, 20250116100259.116252
499357, 1, 20250116100300.116264
499417, 1, 20250116100301.116323
499477, 1, 20250116100302.116349
499537, 1, 20250116100303.116367
499597, 1, 20250116100304.116390
499657, 1, 20250116100305.116435
499717, 1, 20250116100306.116450
499777, 1, 20250116100307.116470
499837, 1, 20250116100308.116523
499897, 1, 20250116100309.116535
499957, 1, 20250116100310.116556
500017, 1, 20250116100311.116604
500077, 1, 20250116100312.116630
500137, 1, 20250116100313.116660
500197, 1, 20250116100314.116688
500257, 1, 20250116100315.116719
500317, 1, 20250116100316.116740
500377, 1, 20250116100317.116776
500437, 1, 20250116100318.116796
500497, 1, 20250116100319.116830
500557, 1, 20250116100320.116875
500617, 1, 20250116100321.116903
500677, 1, 20250116100322.116924
500737, 1, 20250116100323.116950
500797, 1, 20250116100324.116986
500857, 1, 20250116100325.117014
500917, 1, 20250116100326.117036
500977, 1, 20250116100327.117078
501037, 1, 20250116100328.117101
501097, 1, 20250116100329.117132
501157, 1, 20250116100330.117184
501217, 1, 20250116100331.117193
501277, 1, 20250116100332.117219
501337, 1, 20250116100333.117244
501397, 1, 20250116100334.117273
501457, 1, 20250116100335.117309
501517, 1, 20250116100336.117340
501577, 1, 20250116100337.117372
501637, 1, 20250116100338.117387
501697, 1, 20250116100339.117428
501757, 1, 20250116100340.117477
501817, 1, 20250116100341.117486
501877, 1, 20250116100342.117513
501937, 1, 20250116100343.117532
501997, 1, 20250116100344.117569
502057, 1, 20250116100345.117607
502117, 1, 20250116100346.117632
502177, 1, 20250116100347.117669
502237, 1, 20250116100348.117694
502297, 1, 20250116100349.117718
502357, 1, 20250116100350.117748
502417, 1, 20250116100351.117778
502477, 1, 20250116100352.117804
502537, 1, 20250116100353.117831
502597, 1, 20250116100354.117875
502657, 1, 20250116100355.117896
502717, 1, 20250116100356.117922
502777, 1, 20250116100357.117950
502837, 1, 20250116100358.117990
502897, 1, 20250116100359.118031
502957, 1, 20250116100400.118066
503017, 1, 20250116100401.118076
503077, 1, 20250116100402.118110
503137, 1, 20250116100403.118123
503197, 1, 20250116100404.118161
503257, 1, 20250116100405.118196
503317, 1, 20250116100406.118219
503377, 1, 20250116100407.118256
503437, 1, 20250116100408.118281
503497, 1, 20250116100409.118343
503557, 1, 20250116100410.118364
503617, 1, 20250116100411.118368
503677, 1, 20250116100412.118397
503737, 1, 20250116100413.118427
503797, 1, 20250116100414.118462
503857, 1, 20250116100415.118489
503917, 1, 20250116100416.118513
503977, 1, 20250116100417.118547
504037, 1, 20250116100418.118590
504097, 1, 20250116100419.118616
504157, 1, 20250116100420.118638
504217, 1, 20250116100421.118675
504277, 1, 20250116100422.118696
504337, 1, 20250116100423.118729
504397, 1, 20250116100424.118753
504457, 1, 20250116100425.118789
504517, 1, 20250116100426.118819
504577, 1, 20250116100427.118838
504637, 1, 20250116100428.118896
504697, 1, 20250116100429.118920
504757, 1, 20250116100430.118931
504817, 1, 20250116100431.118962
504877, 1, 20250116100432.118989
504937, 1, 20250116100433.119016
504997, 1, 20250116100434.119062
505057, 1, 20250116100435.119075
505117, 1, 20250116100436.119108
505177, 1, 20250116100437.119142
505237, 1, 20250116100438.119193
505297, 1, 20250116100439.119224
505357, 1, 20250116100440.119227
505417, 1, 20250116100441.119260
505477, 1, 20250116100442.119290
505537, 1, 20250116100443.119324
505597, 1, 20250116100444.119348
505657, 1, 20250116100445.119373
505717, 1, 20250116100446.119406
505777, 1, 20250116100447.119430
505837, 1, 20250116100448.119492
505897, 1, 20250116100449.119489
505957, 1, 20250116100450.119520
506017, 1, 20250116100451.119561
506077, 1, 20250116100452.119579
506137, 1, 20250116100453.119607
506197, 1, 20250116100454.119643
506257, 1, 20250116100455.119663
506317, 1, 20250116100456.119703
506377, 1, 20250116100457.119726
506437, 1, 20250116100458.119761
506497, 1, 20250116100459.119781
506557, 1, 20250116100500.119817
506617, 1, 20250116100501.119847
506677, 1, 20250116100502.119873
506737, 1, 20250116100503.119904
506797, 1, 20250116100504.119929
506857, 1, 20250116100505.119966
506917, 1, 20250116100506.119992
506977, 1, 20250116100507.120045
507037, 1, 20250116100508.120079
507097, 1, 20250116100509.120070
507157, 1, 20250116100510.120107
507217, 1, 20250116100511.120131
507277, 1, 20250116100512.120184
507337, 1, 20250116100513.120206
507397, 1, 20250116100514.120229
507457, 1, 20250116100515.120257
507517, 1, 20250116100516.120292
507577, 1, 20250116100517.120335
507637, 1, 20250116100518.120368
507697, 1, 20250116100519.120378
507757, 1, 20250116100520.120409
507817, 1, 20250116100521.120433
507877, 1, 20250116100522.120465
507937, 1, 20250116100523.120482
507997, 1, 20250116100524.120524
508057, 1, 20250116100525.120563
508117, 1, 20250116100526.120576
508177, 1, 20250116100527.120605
508237, 1, 20250116100528.120634
508297, 1, 20250116100529.120663
508357, 1, 20250116100530.120701
508417, 1, 20250116100531.120740
508477, 1, 20250116100532.120760
508537, 1, 20250116100533.120784
508597, 1, 20250116100534.120815
508657, 1, 20250116100535.120827
508717, 1, 20250116100536.120867
508777, 1, 20250116100537.120923
508837, 1, 20250116100538.120923
508897, 1, 20250116100539.120943
508957, 1, 20250116100540.121001
509017, 1, 20250116100541.121014
509077, 1, 20250116100542.121048
509137, 1, 20250116100543.121095
509197, 1, 20250116100544.121104
509257, 1, 20250116100545.121129
509317, 1, 20250116100546.121193
509377, 1, 20250116100547.121213
509437, 1, 20250116100548.121222
509497, 1, 20250116100549.121251
509557, 1, 20250116100550.121294
