250855, 1, 20250112163159.753263
250915, 1, 20250112163200.753308
250975, 1, 20250112163201.753326
251035, 1, 20250112163202.753364
251095, 1, 20250112163203.753381
251155, 1, 20250112163204.753411
251215, 1, 20250112163205.753446
251275, 1, 20250112163206.753475
251335, 1, 20250112163207.753499
251395, 1, 20250112163208.753537
251455, 1, 20250112163209.753597
251515, 1, 20250112163210.753591
251575, 1, 20250112163211.753612
251635, 1, 20250112163212.753639
251695, 1, 20250112163213.753683
251755, 1, 20250112163214.753742
251815, 1, 20250112163215.753736
251875, 1, 20250112163216.753766
251935, 1, 20250112163217.753801
251995, 1, 20250112163218.753820
252055, 1, 20250112163219.753853
252115, 1, 20250112163220.753876
252175, 1, 20250112163221.754021
252235, 1, 20250112163222.754057
252295, 1, 20250112163223.753993
252355, 1, 20250112163224.754012
252415, 1, 20250112163225.754027
252475, 1, 20250112163226.754055
252535, 1, 20250112163227.754113
252595, 1, 20250112163228.754223
252655, 1, 20250112163229.754142
252715, 1, 20250112163230.754170
252775, 1, 20250112163231.754321
252835, 1, 20250112163232.754238
252895, 1, 20250112163233.754272
252955, 1, 20250112163234.754323
253015, 1, 20250112163235.754311
253075, 1, 20250112163236.754362
253135, 1, 20250112163237.754373
253195, 1, 20250112163238.754401
253255, 1, 20250112163239.754466
