31895, 1, 20250112214651.509267
31955, 1, 20250112214652.509306
32015, 1, 20250112214653.509326
32075, 1, 20250112214654.509357
32135, 1, 20250112214655.509381
32195, 1, 20250112214656.509434
32255, 1, 20250112214657.509453
32315, 1, 20250112214658.509474
32375, 1, 20250112214659.509510
32435, 1, 20250112214700.509531
32495, 1, 20250112214701.509556
32555, 1, 20250112214702.509577
32615, 1, 20250112214703.509617
32675, 1, 20250112214704.509659
32735, 1, 20250112214705.509666
32795, 1, 20250112214706.509713
32855, 1, 20250112214707.509737
32915, 1, 20250112214708.509753
32975, 1, 20250112214709.509795
33035, 1, 20250112214710.509821
33095, 1, 20250112214711.509864
33155, 1, 20250112214712.509884
33215, 1, 20250112214713.509910
33275, 1, 20250112214714.509947
33335, 1, 20250112214715.510009
33395, 1, 20250112214716.510020
33455, 1, 20250112214717.510031
33515, 1, 20250112214718.510056
33575, 1, 20250112214719.510094
33635, 1, 20250112214720.510119
33695, 1, 20250112214721.510148
33755, 1, 20250112214722.510178
33815, 1, 20250112214723.510205
33875, 1, 20250112214724.510228
33935, 1, 20250112214725.510277
33995, 1, 20250112214726.510318
34055, 1, 20250112214727.510323
34115, 1, 20250112214728.510353
34175, 1, 20250112214729.510385
34235, 1, 20250112214730.510409
