333227, 1, 20250116215500.010689
333287, 1, 20250116215501.010711
333347, 1, 20250116215502.010739
333407, 1, 20250116215503.010768
333467, 1, 20250116215504.010817
333527, 1, 20250116215505.010845
333587, 1, 20250116215506.010853
333647, 1, 20250116215507.010881
333707, 1, 20250116215508.010916
333767, 1, 20250116215509.010945
333827, 1, 20250116215510.010968
333887, 1, 20250116215511.011009
333947, 1, 20250116215512.011033
334007, 1, 20250116215513.011059
334067, 1, 20250116215514.011117
334127, 1, 20250116215515.011113
334187, 1, 20250116215516.011143
334247, 1, 20250116215517.011173
334307, 1, 20250116215518.011209
334367, 1, 20250116215519.011232
334427, 1, 20250116215520.011266
334487, 1, 20250116215521.011296
334547, 1, 20250116215522.011319
334607, 1, 20250116215523.011356
334667, 1, 20250116215524.011378
334727, 1, 20250116215525.011390
334787, 1, 20250116215526.011440
334847, 1, 20250116215527.011475
334907, 1, 20250116215528.011499
334967, 1, 20250116215529.011518
335027, 1, 20250116215530.011549
335087, 1, 20250116215531.011585
335147, 1, 20250116215532.011617
335207, 1, 20250116215533.011670
335267, 1, 20250116215534.011689
335327, 1, 20250116215535.011702
335387, 1, 20250116215536.011732
335447, 1, 20250116215537.011760
335507, 1, 20250116215538.011794
335567, 1, 20250116215539.011816
335627, 1, 20250116215540.011848
335687, 1, 20250116215541.011881
335747, 1, 20250116215542.011894
335807, 1, 20250116215543.011947
335867, 1, 20250116215544.011985
335927, 1, 20250116215545.011992
335987, 1, 20250116215546.012016
336047, 1, 20250116215547.012055
336107, 1, 20250116215548.012080
336167, 1, 20250116215549.012118
336227, 1, 20250116215550.012145
336287, 1, 20250116215551.012169
336347, 1, 20250116215552.012201
336407, 1, 20250116215553.012221
336467, 1, 20250116215554.012259
336527, 1, 20250116215555.012284
336587, 1, 20250116215556.012315
336647, 1, 20250116215557.012360
336707, 1, 20250116215558.012375
336767, 1, 20250116215559.012406
336827, 1, 20250116215600.012430
336887, 1, 20250116215601.012464
336947, 1, 20250116215602.012517
337007, 1, 20250116215603.012532
337067, 1, 20250116215604.012557
337127, 1, 20250116215605.012574
337187, 1, 20250116215606.012602
337247, 1, 20250116215607.012630
337307, 1, 20250116215608.012666
337367, 1, 20250116215609.012695
337427, 1, 20250116215610.012718
337487, 1, 20250116215611.012751
337547, 1, 20250116215612.012791
337607, 1, 20250116215613.012820
337667, 1, 20250116215614.012843
337727, 1, 20250116215615.012864
337787, 1, 20250116215616.012891
337847, 1, 20250116215617.012918
337907, 1, 20250116215618.012947
337967, 1, 20250116215619.012969
338027, 1, 20250116215620.013017
338087, 1, 20250116215621.013036
338147, 1, 20250116215622.013082
338207, 1, 20250116215623.013093
338267, 1, 20250116215624.013124
338327, 1, 20250116215625.013152
338387, 1, 20250116215626.013181
338447, 1, 20250116215627.013211
338507, 1, 20250116215628.013238
338567, 1, 20250116215629.013261
338627, 1, 20250116215630.013287
338687, 1, 20250116215631.013325
338747, 1, 20250116215632.013355
338807, 1, 20250116215633.013377
338867, 1, 20250116215634.013416
338927, 1, 20250116215635.013447
338987, 1, 20250116215636.013459
339047, 1, 20250116215637.013494
339107, 1, 20250116215638.013520
339167, 1, 20250116215639.013554
339227, 1, 20250116215640.013571
339287, 1, 20250116215641.013634
339347, 1, 20250116215642.013657
339407, 1, 20250116215643.013672
339467, 1, 20250116215644.013704
339527, 1, 20250116215645.013719
339587, 1, 20250116215646.013755
339647, 1, 20250116215647.013782
339707, 1, 20250116215648.013818
339767, 1, 20250116215649.013843
339827, 1, 20250116215650.013869
339887, 1, 20250116215651.013910
339947, 1, 20250116215652.013953
340007, 1, 20250116215653.013964
340067, 1, 20250116215654.013995
340127, 1, 20250116215655.014017
340187, 1, 20250116215656.014053
340247, 1, 20250116215657.014085
340307, 1, 20250116215658.014096
340367, 1, 20250116215659.014144
340427, 1, 20250116215700.014187
340487, 1, 20250116215701.014192
340547, 1, 20250116215702.014240
340607, 1, 20250116215703.014254
340667, 1, 20250116215704.014280
340727, 1, 20250116215705.014306
340787, 1, 20250116215706.014342
340847, 1, 20250116215707.014370
340907, 1, 20250116215708.014396
340967, 1, 20250116215709.014433
341027, 1, 20250116215710.014457
341087, 1, 20250116215711.014481
341147, 1, 20250116215712.014513
341207, 1, 20250116215713.014544
341267, 1, 20250116215714.014566
341327, 1, 20250116215715.014601
341387, 1, 20250116215716.014641
341447, 1, 20250116215717.014661
341507, 1, 20250116215718.014683
341567, 1, 20250116215719.014703
341627, 1, 20250116215720.014759
341687, 1, 20250116215721.014800
341747, 1, 20250116215722.014806
341807, 1, 20250116215723.014822
341867, 1, 20250116215724.014856
341927, 1, 20250116215725.014889
341987, 1, 20250116215726.014918
342047, 1, 20250116215727.014941
342107, 1, 20250116215728.014967
342167, 1, 20250116215729.015005
342227, 1, 20250116215730.015049
342287, 1, 20250116215731.015070
342347, 1, 20250116215732.015084
342407, 1, 20250116215733.015121
342467, 1, 20250116215734.015148
342527, 1, 20250116215735.015172
342587, 1, 20250116215736.015197
342647, 1, 20250116215737.015229
342707, 1, 20250116215738.015256
342767, 1, 20250116215739.015297
342827, 1, 20250116215740.015322
342887, 1, 20250116215741.015353
342947, 1, 20250116215742.015384
343007, 1, 20250116215743.015401
343067, 1, 20250116215744.015432
343127, 1, 20250116215745.015471
343187, 1, 20250116215746.015488
343247, 1, 20250116215747.015522
343307, 1, 20250116215748.015552
343367, 1, 20250116215749.015597
343427, 1, 20250116215750.015630
343487, 1, 20250116215751.015631
343547, 1, 20250116215752.015675
343607, 1, 20250116215753.015705
343667, 1, 20250116215754.015724
343727, 1, 20250116215755.015760
343787, 1, 20250116215756.015777
343847, 1, 20250116215757.015813
343907, 1, 20250116215758.015834
343967, 1, 20250116215759.015881
