1047421, 1, 20241227174646.108433
1047481, 1, 20241227174647.108453
1047541, 1, 20241227174648.108481
1047601, 1, 20241227174649.108525
1047661, 1, 20241227174650.108562
1047721, 1, 20241227174651.108592
1047781, 1, 20241227174652.108602
1047841, 1, 20241227174653.108633
1047901, 1, 20241227174654.108683
1047961, 1, 20241227174655.108719
1048021, 1, 20241227174656.108720
1048081, 1, 20241227174657.108634
1048141, 1, 20241227174658.108791
1048201, 1, 20241227174659.108825
1048261, 1, 20241227174700.108844
1048321, 1, 20241227174701.108866
1048381, 1, 20241227174702.108900
1048441, 1, 20241227174703.108933
1048501, 1, 20241227174704.108964
1048561, 1, 20241227174705.108984
1048621, 1, 20241227174706.109011
1048681, 1, 20241227174707.109036
1048741, 1, 20241227174708.109075
1048801, 1, 20241227174709.109106
1048861, 1, 20241227174710.109144
1048921, 1, 20241227174711.109181
1048981, 1, 20241227174712.109203
1049041, 1, 20241227174713.109227
1049101, 1, 20241227174714.109142
1049161, 1, 20241227174715.109154
1049221, 1, 20241227174716.109314
1049281, 1, 20241227174717.109342
1049341, 1, 20241227174718.109384
1049401, 1, 20241227174719.109411
1049461, 1, 20241227174720.109440
1049521, 1, 20241227174721.109472
1049581, 1, 20241227174722.109487
1049641, 1, 20241227174723.109544
1049701, 1, 20241227174724.109570
1049761, 1, 20241227174725.109586
1049821, 1, 20241227174726.109618
1049881, 1, 20241227174727.109633
