263639, 1, 20250112163532.827855
263699, 1, 20250112163533.827909
263759, 1, 20250112163534.827909
263819, 1, 20250112163535.827939
263879, 1, 20250112163536.827981
263939, 1, 20250112163537.828007
263999, 1, 20250112163538.828048
264059, 1, 20250112163539.828058
264119, 1, 20250112163540.828079
264179, 1, 20250112163541.828115
264239, 1, 20250112163542.828140
264299, 1, 20250112163543.828176
264359, 1, 20250112163544.828203
264419, 1, 20250112163545.828228
264479, 1, 20250112163546.828270
264539, 1, 20250112163547.828306
264599, 1, 20250112163548.828360
264659, 1, 20250112163549.828339
264719, 1, 20250112163550.828367
264779, 1, 20250112163551.828402
264839, 1, 20250112163552.828429
264899, 1, 20250112163553.828506
264959, 1, 20250112163554.828481
265019, 1, 20250112163555.828542
265079, 1, 20250112163556.828561
265139, 1, 20250112163557.828573
265199, 1, 20250112163558.828625
265259, 1, 20250112163559.828631
265319, 1, 20250112163600.828659
265379, 1, 20250112163601.828690
265439, 1, 20250112163602.828716
265499, 1, 20250112163603.828777
265559, 1, 20250112163604.828787
265619, 1, 20250112163605.828797
265679, 1, 20250112163606.828846
265739, 1, 20250112163607.828867
265799, 1, 20250112163608.828916
265859, 1, 20250112163609.828918
265919, 1, 20250112163610.828967
265979, 1, 20250112163611.828978
266039, 1, 20250112163612.829015
266099, 1, 20250112163613.829079
266159, 1, 20250112163614.829073
266219, 1, 20250112163615.829106
