46759, 1, 20250121183941.829814
46819, 1, 20250121183942.829843
46879, 1, 20250121183943.829873
46939, 1, 20250121183944.829905
46999, 1, 20250121183945.829926
47059, 1, 20250121183946.829982
47119, 1, 20250121183947.830014
47179, 1, 20250121183948.830017
47239, 1, 20250121183949.830051
47299, 1, 20250121183950.830087
47359, 1, 20250121183951.830116
47419, 1, 20250121183952.830138
47479, 1, 20250121183953.830172
47539, 1, 20250121183954.830192
47599, 1, 20250121183955.830233
47659, 1, 20250121183956.830279
47719, 1, 20250121183957.830311
