325331, 1, 20250109112754.167258
325391, 1, 20250109112755.167293
325451, 1, 20250109112756.167336
325511, 1, 20250109112757.167359
325571, 1, 20250109112758.167386
325631, 1, 20250109112759.167427
325691, 1, 20250109112800.167443
325751, 1, 20250109112801.167475
325811, 1, 20250109112802.167501
325871, 1, 20250109112803.167525
325931, 1, 20250109112804.167557
325991, 1, 20250109112805.167587
326051, 1, 20250109112806.167619
326111, 1, 20250109112807.167675
326171, 1, 20250109112808.167695
326231, 1, 20250109112809.167714
326291, 1, 20250109112810.167730
326351, 1, 20250109112811.167768
326411, 1, 20250109112812.167794
326471, 1, 20250109112813.167825
