20773, 1, 20241222112622.711220
20833, 1, 20241222112623.711256
20893, 1, 20241222112624.711278
20953, 1, 20241222112625.711302
21013, 1, 20241222112626.711337
21073, 1, 20241222112627.711363
21133, 1, 20241222112628.711385
21193, 1, 20241222112629.711441
21253, 1, 20241222112630.711479
21313, 1, 20241222112631.711486
21373, 1, 20241222112632.711503
21433, 1, 20241222112633.711548
21493, 1, 20241222112634.711563
21553, 1, 20241222112635.711600
21613, 1, 20241222112636.711649
21673, 1, 20241222112637.711644
21733, 1, 20241222112638.711704
21793, 1, 20241222112639.711746
21853, 1, 20241222112640.711772
21913, 1, 20241222112641.711778
21973, 1, 20241222112642.711822
22033, 1, 20241222112643.711843
22093, 1, 20241222112644.711888
22153, 1, 20241222112645.711909
22213, 1, 20241222112646.711937
22273, 1, 20241222112647.711950
22333, 1, 20241222112648.711990
22393, 1, 20241222112649.712022
22453, 1, 20241222112650.712048
22513, 1, 20241222112651.712090
22573, 1, 20241222112652.712111
22633, 1, 20241222112653.712130
22693, 1, 20241222112654.712177
22753, 1, 20241222112655.712187
22813, 1, 20241222112656.712227
22873, 1, 20241222112657.712250
22933, 1, 20241222112658.712301
22993, 1, 20241222112659.712327
23053, 1, 20241222112700.712344
23113, 1, 20241222112701.712378
23173, 1, 20241222112702.712402
23233, 1, 20241222112703.712441
23293, 1, 20241222112704.712470
23353, 1, 20241222112705.712493
23413, 1, 20241222112706.712531
23473, 1, 20241222112707.712553
23533, 1, 20241222112708.712608
23593, 1, 20241222112709.712644
23653, 1, 20241222112710.712652
23713, 1, 20241222112711.712668
23773, 1, 20241222112712.712711
23833, 1, 20241222112713.712721
23893, 1, 20241222112714.712764
23953, 1, 20241222112715.712790
24013, 1, 20241222112716.712826
24073, 1, 20241222112717.712854
24133, 1, 20241222112718.712910
24193, 1, 20241222112719.712940
24253, 1, 20241222112720.712937
24313, 1, 20241222112721.712979
24373, 1, 20241222112722.713007
24433, 1, 20241222112723.713024
24493, 1, 20241222112724.713062
24553, 1, 20241222112725.713078
24613, 1, 20241222112726.713123
24673, 1, 20241222112727.713163
24733, 1, 20241222112728.713185
24793, 1, 20241222112729.713197
24853, 1, 20241222112730.713242
24913, 1, 20241222112731.713277
24973, 1, 20241222112732.713300
25033, 1, 20241222112733.713326
25093, 1, 20241222112734.713355
25153, 1, 20241222112735.713374
25213, 1, 20241222112736.713421
25273, 1, 20241222112737.713470
25333, 1, 20241222112738.713496
25393, 1, 20241222112739.713509
25453, 1, 20241222112740.713532
25513, 1, 20241222112741.713569
25573, 1, 20241222112742.713597
25633, 1, 20241222112743.713617
25693, 1, 20241222112744.713646
25753, 1, 20241222112745.713690
25813, 1, 20241222112746.713716
25873, 1, 20241222112747.713748
25933, 1, 20241222112748.713808
25993, 1, 20241222112749.713805
26053, 1, 20241222112750.713835
26113, 1, 20241222112751.713860
26173, 1, 20241222112752.713888
26233, 1, 20241222112753.713931
26293, 1, 20241222112754.713967
26353, 1, 20241222112755.713982
26413, 1, 20241222112756.714014
26473, 1, 20241222112757.714066
26533, 1, 20241222112758.714072
26593, 1, 20241222112759.714095
26653, 1, 20241222112800.714135
26713, 1, 20241222112801.714166
26773, 1, 20241222112802.714190
26833, 1, 20241222112803.714220
26893, 1, 20241222112804.714256
26953, 1, 20241222112805.714274
27013, 1, 20241222112806.714309
27073, 1, 20241222112807.714332
27133, 1, 20241222112808.714366
27193, 1, 20241222112809.714409
27253, 1, 20241222112810.714422
27313, 1, 20241222112811.714456
27373, 1, 20241222112812.714478
27433, 1, 20241222112813.714516
27493, 1, 20241222112814.714545
27553, 1, 20241222112815.714586
27613, 1, 20241222112816.714614
27673, 1, 20241222112817.714652
27733, 1, 20241222112818.714664
27793, 1, 20241222112819.714697
27853, 1, 20241222112820.714721
27913, 1, 20241222112821.714759
27973, 1, 20241222112822.714777
28033, 1, 20241222112823.714823
28093, 1, 20241222112824.714849
28153, 1, 20241222112825.714867
28213, 1, 20241222112826.714923
28273, 1, 20241222112827.714961
28333, 1, 20241222112828.714973
28393, 1, 20241222112829.714992
28453, 1, 20241222112830.715037
28513, 1, 20241222112831.715055
28573, 1, 20241222112832.715079
28633, 1, 20241222112833.715115
28693, 1, 20241222112834.715136
28753, 1, 20241222112835.715177
28813, 1, 20241222112836.715232
28873, 1, 20241222112837.715230
28933, 1, 20241222112838.715270
28993, 1, 20241222112839.715291
29053, 1, 20241222112840.715316
29113, 1, 20241222112841.715351
29173, 1, 20241222112842.715387
29233, 1, 20241222112843.715409
29293, 1, 20241222112844.715440
29353, 1, 20241222112845.715464
29413, 1, 20241222112846.715500
29473, 1, 20241222112847.715528
29533, 1, 20241222112848.715544
29593, 1, 20241222112849.715579
29653, 1, 20241222112850.715609
29713, 1, 20241222112851.715645
29773, 1, 20241222112852.715672
29833, 1, 20241222112853.715693
29893, 1, 20241222112854.715728
29953, 1, 20241222112855.715781
30013, 1, 20241222112856.715809
30073, 1, 20241222112857.715825
30133, 1, 20241222112858.715850
30193, 1, 20241222112859.715881
30253, 1, 20241222112900.715926
30313, 1, 20241222112901.715934
30373, 1, 20241222112902.715966
30433, 1, 20241222112903.716006
30493, 1, 20241222112904.716027
30553, 1, 20241222112905.716068
30613, 1, 20241222112906.716103
30673, 1, 20241222112907.716103
30733, 1, 20241222112908.716140
30793, 1, 20241222112909.716165
30853, 1, 20241222112910.716195
30913, 1, 20241222112911.716222
30973, 1, 20241222112912.716250
31033, 1, 20241222112913.716284
31093, 1, 20241222112914.716314
31153, 1, 20241222112915.716368
31213, 1, 20241222112916.716377
31273, 1, 20241222112917.716391
31333, 1, 20241222112918.716427
31393, 1, 20241222112919.716471
31453, 1, 20241222112920.716496
31513, 1, 20241222112921.716523
