73921, 1, 20241226185950.145112
73981, 1, 20241226185951.145147
74041, 1, 20241226185952.145167
74101, 1, 20241226185953.145204
74161, 1, 20241226185954.145227
74221, 1, 20241226185955.145227
74281, 1, 20241226185956.145287
74341, 1, 20241226185957.145332
74401, 1, 20241226185958.145368
74461, 1, 20241226185959.145374
74521, 1, 20241226190000.145401
74581, 1, 20241226190001.145297
74641, 1, 20241226190002.145318
74701, 1, 20241226190003.145351
74761, 1, 20241226190004.145369
74821, 1, 20241226190005.145406
74881, 1, 20241226190006.145446
74941, 1, 20241226190007.145495
75001, 1, 20241226190008.145526
75061, 1, 20241226190009.145530
75121, 1, 20241226190010.145559
75181, 1, 20241226190011.145582
75241, 1, 20241226190012.145615
75301, 1, 20241226190013.145648
75361, 1, 20241226190014.145672
75421, 1, 20241226190015.145701
75481, 1, 20241226190016.145757
75541, 1, 20241226190017.145761
75601, 1, 20241226190018.145787
75661, 1, 20241226190019.145819
75721, 1, 20241226190020.145832
75781, 1, 20241226190021.145874
75841, 1, 20241226190022.145900
75901, 1, 20241226190023.146071
75961, 1, 20241226190024.146106
