148531, 1, 20250112160334.290726
148591, 1, 20250112160335.290718
148651, 1, 20250112160336.290749
148711, 1, 20250112160337.290720
148771, 1, 20250112160338.290782
148831, 1, 20250112160339.290797
148891, 1, 20250112160340.290849
148951, 1, 20250112160341.290945
149011, 1, 20250112160342.290942
149071, 1, 20250112160343.290934
149131, 1, 20250112160344.291033
149191, 1, 20250112160345.290991
149251, 1, 20250112160346.291058
149311, 1, 20250112160347.291094
149371, 1, 20250112160348.291155
149431, 1, 20250112160349.291095
149491, 1, 20250112160350.291233
149551, 1, 20250112160351.291248
149611, 1, 20250112160352.291266
149671, 1, 20250112160353.291312
149731, 1, 20250112160354.291339
149791, 1, 20250112160355.291356
149851, 1, 20250112160356.291412
149911, 1, 20250112160357.291439
149971, 1, 20250112160358.291475
150031, 1, 20250112160359.291512
150091, 1, 20250112160400.291531
150151, 1, 20250112160401.291552
150211, 1, 20250112160402.291589
150271, 1, 20250112160403.291631
150331, 1, 20250112160404.291666
150391, 1, 20250112160405.291675
150451, 1, 20250112160406.291702
150511, 1, 20250112160407.291735
150571, 1, 20250112160408.291757
150631, 1, 20250112160409.291788
150691, 1, 20250112160410.291826
150751, 1, 20250112160411.291842
150811, 1, 20250112160412.291870
