176577, 1, 20250112161121.741364
176637, 1, 20250112161122.741400
176697, 1, 20250112161123.741428
176757, 1, 20250112161124.741465
176817, 1, 20250112161125.741487
176877, 1, 20250112161126.741512
176937, 1, 20250112161127.741539
176997, 1, 20250112161128.741571
177057, 1, 20250112161129.741612
177117, 1, 20250112161130.741628
177177, 1, 20250112161131.741664
177237, 1, 20250112161132.741691
177297, 1, 20250112161133.741713
177357, 1, 20250112161134.741763
177417, 1, 20250112161135.741787
177477, 1, 20250112161136.741817
177537, 1, 20250112161137.741844
177597, 1, 20250112161138.741883
177657, 1, 20250112161139.741904
177717, 1, 20250112161140.741921
177777, 1, 20250112161141.741953
177837, 1, 20250112161142.741978
177897, 1, 20250112161143.742016
177957, 1, 20250112161144.742054
178017, 1, 20250112161145.742075
178077, 1, 20250112161146.742093
178137, 1, 20250112161147.742140
178197, 1, 20250112161148.742151
178257, 1, 20250112161149.742191
178317, 1, 20250112161150.742213
178377, 1, 20250112161151.742241
178437, 1, 20250112161152.742280
178497, 1, 20250112161153.742299
178557, 1, 20250112161154.742328
178617, 1, 20250112161155.742372
178677, 1, 20250112161156.742387
178737, 1, 20250112161157.742409
178797, 1, 20250112161158.742446
178857, 1, 20250112161159.742486
178917, 1, 20250112161200.742494
178977, 1, 20250112161201.742548
179037, 1, 20250112161202.742554
179097, 1, 20250112161203.742610
