378675, 1, 20241223212637.902513
378735, 1, 20241223212638.902554
378795, 1, 20241223212639.902572
378855, 1, 20241223212640.902625
378915, 1, 20241223212641.902636
378975, 1, 20241223212642.902661
379035, 1, 20241223212643.902672
379095, 1, 20241223212644.902729
379155, 1, 20241223212645.902756
379215, 1, 20241223212646.902769
379275, 1, 20241223212647.902808
379335, 1, 20241223212648.902838
379395, 1, 20241223212649.902870
379455, 1, 20241223212650.902898
379515, 1, 20241223212651.902913
379575, 1, 20241223212652.902953
379635, 1, 20241223212653.902968
379695, 1, 20241223212654.903017
379755, 1, 20241223212655.903036
379815, 1, 20241223212656.903074
379875, 1, 20241223212657.903106
379935, 1, 20241223212658.903127
379995, 1, 20241223212659.903165
380055, 1, 20241223212700.903196
380115, 1, 20241223212701.903240
380175, 1, 20241223212702.903252
380235, 1, 20241223212703.903261
380295, 1, 20241223212704.903304
380355, 1, 20241223212705.903342
380415, 1, 20241223212706.903358
380475, 1, 20241223212707.903387
380535, 1, 20241223212708.903422
380595, 1, 20241223212709.903433
380655, 1, 20241223212710.903493
380715, 1, 20241223212711.903377
380775, 1, 20241223212712.903394
380835, 1, 20241223212713.903419
380895, 1, 20241223212714.903456
380955, 1, 20241223212715.903479
381015, 1, 20241223212716.903510
381075, 1, 20241223212717.903548
381135, 1, 20241223212718.903568
381195, 1, 20241223212719.903592
381255, 1, 20241223212720.903634
381315, 1, 20241223212721.903651
381375, 1, 20241223212722.903683
381435, 1, 20241223212723.903714
381495, 1, 20241223212724.903878
381555, 1, 20241223212725.903908
381615, 1, 20241223212726.903943
381675, 1, 20241223212727.903980
381735, 1, 20241223212728.903991
381795, 1, 20241223212729.904055
381855, 1, 20241223212730.904073
381915, 1, 20241223212731.904092
381975, 1, 20241223212732.904126
382035, 1, 20241223212733.904136
382095, 1, 20241223212734.904172
382155, 1, 20241223212735.904187
382215, 1, 20241223212736.904230
382275, 1, 20241223212737.904248
382335, 1, 20241223212738.904308
382395, 1, 20241223212739.904323
382455, 1, 20241223212740.904366
382515, 1, 20241223212741.904387
382575, 1, 20241223212742.904407
382635, 1, 20241223212743.904429
382695, 1, 20241223212744.904462
382755, 1, 20241223212745.904495
382815, 1, 20241223212746.904514
382875, 1, 20241223212747.904562
382935, 1, 20241223212748.904580
382995, 1, 20241223212749.904616
383055, 1, 20241223212750.904643
383115, 1, 20241223212751.904665
383175, 1, 20241223212752.904689
383235, 1, 20241223212753.904727
383295, 1, 20241223212754.904750
383355, 1, 20241223212755.904794
383415, 1, 20241223212756.904832
383475, 1, 20241223212757.904838
383535, 1, 20241223212758.904856
383595, 1, 20241223212759.904908
383655, 1, 20241223212800.904928
383715, 1, 20241223212801.904957
383775, 1, 20241223212802.904983
383835, 1, 20241223212803.905024
383895, 1, 20241223212804.905041
383955, 1, 20241223212805.905078
384015, 1, 20241223212806.905095
384075, 1, 20241223212807.905139
384135, 1, 20241223212808.905185
384195, 1, 20241223212809.905217
384255, 1, 20241223212810.905217
384315, 1, 20241223212811.905245
384375, 1, 20241223212812.905266
384435, 1, 20241223212813.905299
384495, 1, 20241223212814.905339
384555, 1, 20241223212815.905363
384615, 1, 20241223212816.905392
384675, 1, 20241223212817.905428
384735, 1, 20241223212818.905457
384795, 1, 20241223212819.905499
384855, 1, 20241223212820.905519
384915, 1, 20241223212821.905547
384975, 1, 20241223212822.905558
385035, 1, 20241223212823.905457
385095, 1, 20241223212824.905484
385155, 1, 20241223212825.905502
385215, 1, 20241223212826.905689
385275, 1, 20241223212827.905709
385335, 1, 20241223212828.905765
385395, 1, 20241223212829.905769
385455, 1, 20241223212830.905800
385515, 1, 20241223212831.905827
385575, 1, 20241223212832.905860
385635, 1, 20241223212833.905889
385695, 1, 20241223212834.905915
385755, 1, 20241223212835.905955
385815, 1, 20241223212836.905991
385875, 1, 20241223212837.906001
385935, 1, 20241223212838.906040
385995, 1, 20241223212839.906067
386055, 1, 20241223212840.906084
386115, 1, 20241223212841.906135
386175, 1, 20241223212842.906147
386235, 1, 20241223212843.906188
386295, 1, 20241223212844.906203
