874341, 1, 20250112112445.330459
874401, 1, 20250112112446.330488
874461, 1, 20250112112447.330524
874521, 1, 20250112112448.330552
874581, 1, 20250112112449.330584
874641, 1, 20250112112450.330630
874701, 1, 20250112112451.330650
874761, 1, 20250112112452.330665
874821, 1, 20250112112453.330693
874881, 1, 20250112112454.330727
874941, 1, 20250112112455.330750
875001, 1, 20250112112456.330785
875061, 1, 20250112112457.330804
875121, 1, 20250112112458.330821
875181, 1, 20250112112459.330863
875241, 1, 20250112112500.330913
875301, 1, 20250112112501.330939
875361, 1, 20250112112502.330955
875421, 1, 20250112112503.330972
875481, 1, 20250112112504.331010
875541, 1, 20250112112505.331034
875601, 1, 20250112112506.331065
875661, 1, 20250112112507.331099
875721, 1, 20250112112508.331120
875781, 1, 20250112112509.331156
875841, 1, 20250112112510.331171
875901, 1, 20250112112511.331176
875961, 1, 20250112112512.331243
876021, 1, 20250112112513.331266
876081, 1, 20250112112514.331286
876141, 1, 20250112112515.331329
876201, 1, 20250112112516.331358
876261, 1, 20250112112517.331382
876321, 1, 20250112112518.331408
876381, 1, 20250112112519.331465
876441, 1, 20250112112520.331479
876501, 1, 20250112112521.331499
876561, 1, 20250112112522.331526
876621, 1, 20250112112523.331545
876681, 1, 20250112112524.331585
876741, 1, 20250112112525.331607
876801, 1, 20250112112526.331640
876861, 1, 20250112112527.331665
876921, 1, 20250112112528.331692
876981, 1, 20250112112529.331741
877041, 1, 20250112112530.331779
877101, 1, 20250112112531.331779
877161, 1, 20250112112532.331813
877221, 1, 20250112112533.331841
877281, 1, 20250112112534.331866
877341, 1, 20250112112535.331901
877401, 1, 20250112112536.331923
877461, 1, 20250112112537.331960
877521, 1, 20250112112538.332000
877581, 1, 20250112112539.332030
877641, 1, 20250112112540.332036
877701, 1, 20250112112541.332068
877761, 1, 20250112112542.332094
877821, 1, 20250112112543.332132
877881, 1, 20250112112544.332158
877941, 1, 20250112112545.332102
878001, 1, 20250112112546.332196
