1217165, 1, 20241227183355.283663
1217225, 1, 20241227183356.283699
1217285, 1, 20241227183357.283729
1217345, 1, 20241227183358.283771
1217405, 1, 20241227183359.283795
1217465, 1, 20241227183400.283837
1217525, 1, 20241227183401.283830
1217585, 1, 20241227183402.283879
1217645, 1, 20241227183403.283898
1217705, 1, 20241227183404.283937
1217765, 1, 20241227183405.283968
1217825, 1, 20241227183406.283994
1217885, 1, 20241227183407.284034
1217945, 1, 20241227183408.284064
1218005, 1, 20241227183409.284104
