370551, 1, 20250122153001.606926
370611, 1, 20250122153002.606924
370671, 1, 20250122153003.606956
370731, 1, 20250122153004.606996
370791, 1, 20250122153005.607016
370851, 1, 20250122153006.607053
370911, 1, 20250122153007.607079
370971, 1, 20250122153008.607103
371031, 1, 20250122153009.607151
371091, 1, 20250122153010.607165
371151, 1, 20250122153011.607191
371211, 1, 20250122153012.607217
371271, 1, 20250122153013.607249
371331, 1, 20250122153014.607259
371391, 1, 20250122153015.607305
371451, 1, 20250122153016.607336
371511, 1, 20250122153017.607357
371571, 1, 20250122153018.607388
371631, 1, 20250122153019.607415
371691, 1, 20250122153020.607457
371751, 1, 20250122153021.607475
371811, 1, 20250122153022.607502
371871, 1, 20250122153023.607537
371931, 1, 20250122153024.607559
371991, 1, 20250122153025.607597
372051, 1, 20250122153026.607608
372111, 1, 20250122153027.607649
372171, 1, 20250122153028.607687
372231, 1, 20250122153029.607738
372291, 1, 20250122153030.607758
372351, 1, 20250122153031.607764
372411, 1, 20250122153032.607798
372471, 1, 20250122153033.607825
372531, 1, 20250122153034.607844
372591, 1, 20250122153035.607881
372651, 1, 20250122153036.607912
372711, 1, 20250122153037.607936
372771, 1, 20250122153038.607954
372831, 1, 20250122153039.608020
372891, 1, 20250122153040.608030
372951, 1, 20250122153041.608050
373011, 1, 20250122153042.608077
373071, 1, 20250122153043.608105
373131, 1, 20250122153044.608144
373191, 1, 20250122153045.608165
373251, 1, 20250122153046.608201
373311, 1, 20250122153047.608228
373371, 1, 20250122153048.608259
373431, 1, 20250122153049.608279
373491, 1, 20250122153050.608318
373551, 1, 20250122153051.608344
373611, 1, 20250122153052.608391
373671, 1, 20250122153053.608392
373731, 1, 20250122153054.608422
373791, 1, 20250122153055.608452
373851, 1, 20250122153056.608483
373911, 1, 20250122153057.608514
373971, 1, 20250122153058.608557
374031, 1, 20250122153059.608583
374091, 1, 20250122153100.608606
374151, 1, 20250122153101.608624
374211, 1, 20250122153102.608647
374271, 1, 20250122153103.608690
374331, 1, 20250122153104.608719
374391, 1, 20250122153105.608740
374451, 1, 20250122153106.608762
374511, 1, 20250122153107.608797
374571, 1, 20250122153108.608858
374631, 1, 20250122153109.608887
374691, 1, 20250122153110.608894
374751, 1, 20250122153111.608911
374811, 1, 20250122153112.608936
374871, 1, 20250122153113.608969
374931, 1, 20250122153114.609006
374991, 1, 20250122153115.609036
375051, 1, 20250122153116.609049
375111, 1, 20250122153117.609113
375171, 1, 20250122153118.609116
375231, 1, 20250122153119.609150
375291, 1, 20250122153120.609179
375351, 1, 20250122153121.609206
375411, 1, 20250122153122.609238
375471, 1, 20250122153123.609266
375531, 1, 20250122153124.609294
375591, 1, 20250122153125.609319
375651, 1, 20250122153126.609344
375711, 1, 20250122153127.609378
375771, 1, 20250122153128.609391
375831, 1, 20250122153129.609435
375891, 1, 20250122153130.609464
