114347, 1, 20250116183402.221024
114407, 1, 20250116183403.221049
114467, 1, 20250116183404.221074
114527, 1, 20250116183405.221108
114587, 1, 20250116183406.221149
114647, 1, 20250116183407.221185
114707, 1, 20250116183408.221206
114767, 1, 20250116183409.221231
114827, 1, 20250116183410.221260
114887, 1, 20250116183411.221280
114947, 1, 20250116183412.221317
115007, 1, 20250116183413.221335
115067, 1, 20250116183414.221369
115127, 1, 20250116183415.221404
115187, 1, 20250116183416.221415
115247, 1, 20250116183417.221452
115307, 1, 20250116183418.221484
115367, 1, 20250116183419.221512
115427, 1, 20250116183420.221540
115487, 1, 20250116183421.221565
115547, 1, 20250116183422.221606
115607, 1, 20250116183423.221630
