321825, 1, 20241220170745.405134
321885, 1, 20241220170746.405075
321945, 1, 20241220170747.405095
322005, 1, 20241220170748.405085
322065, 1, 20241220170749.405109
322125, 1, 20241220170750.405155
322185, 1, 20241220170751.405179
322245, 1, 20241220170752.405210
322305, 1, 20241220170753.405231
322365, 1, 20241220170754.405262
322425, 1, 20241220170755.405293
322485, 1, 20241220170756.405345
322545, 1, 20241220170757.405358
322605, 1, 20241220170758.405383
322665, 1, 20241220170759.405402
322725, 1, 20241220170800.405430
322785, 1, 20241220170801.405464
322845, 1, 20241220170802.405502
322905, 1, 20241220170803.405522
322965, 1, 20241220170804.405549
323025, 1, 20241220170805.405584
323085, 1, 20241220170806.405613
323145, 1, 20241220170807.405635
323205, 1, 20241220170808.405686
323265, 1, 20241220170809.405692
323325, 1, 20241220170810.405734
323385, 1, 20241220170811.405756
323445, 1, 20241220170812.405785
323505, 1, 20241220170813.405801
323565, 1, 20241220170814.405849
323625, 1, 20241220170815.405880
323685, 1, 20241220170816.405915
323745, 1, 20241220170817.405901
323805, 1, 20241220170818.405925
