87393, 1, 20241222114453.087738
87453, 1, 20241222114454.087780
87513, 1, 20241222114455.087810
87573, 1, 20241222114456.087837
87633, 1, 20241222114457.087860
87693, 1, 20241222114458.087899
87753, 1, 20241222114459.087936
87813, 1, 20241222114500.087964
87873, 1, 20241222114501.088009
87933, 1, 20241222114502.088004
87993, 1, 20241222114503.088023
88053, 1, 20241222114504.088058
88113, 1, 20241222114505.088102
88173, 1, 20241222114506.088120
88233, 1, 20241222114507.088156
88293, 1, 20241222114508.088197
88353, 1, 20241222114509.088221
88413, 1, 20241222114510.088267
88473, 1, 20241222114511.088275
88533, 1, 20241222114512.088315
88593, 1, 20241222114513.088339
88653, 1, 20241222114514.088367
88713, 1, 20241222114515.088398
88773, 1, 20241222114516.088428
88833, 1, 20241222114517.088457
88893, 1, 20241222114518.088488
88953, 1, 20241222114519.088496
89013, 1, 20241222114520.088530
89073, 1, 20241222114521.088578
89133, 1, 20241222114522.088591
89193, 1, 20241222114523.088630
89253, 1, 20241222114524.088637
89313, 1, 20241222114525.088692
89373, 1, 20241222114526.088728
89433, 1, 20241222114527.088747
89493, 1, 20241222114528.088787
89553, 1, 20241222114529.088830
89613, 1, 20241222114530.088860
89673, 1, 20241222114531.088866
89733, 1, 20241222114532.088892
89793, 1, 20241222114533.088925
89853, 1, 20241222114534.088960
89913, 1, 20241222114535.088977
89973, 1, 20241222114536.089010
90033, 1, 20241222114537.089043
90093, 1, 20241222114538.089071
90153, 1, 20241222114539.089123
90213, 1, 20241222114540.089135
90273, 1, 20241222114541.089160
90333, 1, 20241222114542.089189
90393, 1, 20241222114543.089211
90453, 1, 20241222114544.089255
90513, 1, 20241222114545.089277
90573, 1, 20241222114546.089307
90633, 1, 20241222114547.089325
90693, 1, 20241222114548.089399
90753, 1, 20241222114549.089415
90813, 1, 20241222114550.089426
90873, 1, 20241222114551.089440
90933, 1, 20241222114552.089483
90993, 1, 20241222114553.089499
91053, 1, 20241222114554.089536
91113, 1, 20241222114555.089565
91173, 1, 20241222114556.089601
91233, 1, 20241222114557.089632
91293, 1, 20241222114558.089660
91353, 1, 20241222114559.089680
91413, 1, 20241222114600.089705
91473, 1, 20241222114601.089742
91533, 1, 20241222114602.089766
91593, 1, 20241222114603.089800
91653, 1, 20241222114604.089828
91713, 1, 20241222114605.089852
91773, 1, 20241222114606.089885
91833, 1, 20241222114607.089917
91893, 1, 20241222114608.089986
91953, 1, 20241222114609.089989
92013, 1, 20241222114610.090023
92073, 1, 20241222114611.090040
92133, 1, 20241222114612.090074
92193, 1, 20241222114613.090099
92253, 1, 20241222114614.090123
92313, 1, 20241222114615.090148
92373, 1, 20241222114616.090171
92433, 1, 20241222114617.090214
92493, 1, 20241222114618.090256
92553, 1, 20241222114619.090281
92613, 1, 20241222114620.090302
92673, 1, 20241222114621.090328
92733, 1, 20241222114622.090363
92793, 1, 20241222114623.090401
92853, 1, 20241222114624.090429
92913, 1, 20241222114625.090446
92973, 1, 20241222114626.090482
93033, 1, 20241222114627.090533
93093, 1, 20241222114628.090554
93153, 1, 20241222114629.090572
93213, 1, 20241222114630.090606
93273, 1, 20241222114631.090630
93333, 1, 20241222114632.090651
93393, 1, 20241222114633.090689
93453, 1, 20241222114634.090715
93513, 1, 20241222114635.090753
93573, 1, 20241222114636.090779
93633, 1, 20241222114637.090809
93693, 1, 20241222114638.090830
93753, 1, 20241222114639.090861
93813, 1, 20241222114640.090884
93873, 1, 20241222114641.090918
93933, 1, 20241222114642.090949
93993, 1, 20241222114643.090982
94053, 1, 20241222114644.091016
94113, 1, 20241222114645.091051
94173, 1, 20241222114646.091064
94233, 1, 20241222114647.091120
94293, 1, 20241222114648.091161
94353, 1, 20241222114649.091165
94413, 1, 20241222114650.091193
94473, 1, 20241222114651.091222
94533, 1, 20241222114652.091243
94593, 1, 20241222114653.091283
94653, 1, 20241222114654.091311
94713, 1, 20241222114655.091335
94773, 1, 20241222114656.091368
94833, 1, 20241222114657.091424
94893, 1, 20241222114658.091463
94953, 1, 20241222114659.091460
95013, 1, 20241222114700.091488
95073, 1, 20241222114701.091523
95133, 1, 20241222114702.091553
95193, 1, 20241222114703.091586
95253, 1, 20241222114704.091612
95313, 1, 20241222114705.091640
95373, 1, 20241222114706.091672
95433, 1, 20241222114707.091700
95493, 1, 20241222114708.091726
95553, 1, 20241222114709.091753
95613, 1, 20241222114710.091790
95673, 1, 20241222114711.091811
95733, 1, 20241222114712.091838
95793, 1, 20241222114713.091883
95853, 1, 20241222114714.091916
95913, 1, 20241222114715.091942
95973, 1, 20241222114716.091983
96033, 1, 20241222114717.092017
96093, 1, 20241222114718.092015
96153, 1, 20241222114719.092050
96213, 1, 20241222114720.092092
96273, 1, 20241222114721.092120
96333, 1, 20241222114722.092143
