437029, 1, 20241226135743.132695
437089, 1, 20241226135744.132737
437149, 1, 20241226135745.132766
437209, 1, 20241226135746.132787
437269, 1, 20241226135747.132818
437329, 1, 20241226135748.132841
437389, 1, 20241226135749.132872
437449, 1, 20241226135750.132900
437509, 1, 20241226135751.132936
437569, 1, 20241226135752.132962
437629, 1, 20241226135753.133001
437689, 1, 20241226135754.133017
437749, 1, 20241226135755.133049
437809, 1, 20241226135756.133065
437869, 1, 20241226135757.133116
437929, 1, 20241226135758.133157
437989, 1, 20241226135759.133158
438049, 1, 20241226135800.133188
438109, 1, 20241226135801.133212
438169, 1, 20241226135802.133241
438229, 1, 20241226135803.133268
438289, 1, 20241226135804.133313
438349, 1, 20241226135805.133338
438409, 1, 20241226135806.133366
438469, 1, 20241226135807.133408
438529, 1, 20241226135808.133442
438589, 1, 20241226135809.133446
