19063, 1, 20250115111415.268908
19123, 1, 20250115111416.268968
19183, 1, 20250115111417.268974
19243, 1, 20250115111418.268993
19303, 1, 20250115111419.269024
19363, 1, 20250115111420.269056
19423, 1, 20250115111421.269092
19483, 1, 20250115111422.269121
19543, 1, 20250115111423.269156
19603, 1, 20250115111424.269169
19663, 1, 20250115111425.269203
19723, 1, 20250115111426.269217
19783, 1, 20250115111427.269256
19843, 1, 20250115111428.269272
19903, 1, 20250115111429.269325
19963, 1, 20250115111430.269350
20023, 1, 20250115111431.269383
20083, 1, 20250115111432.269413
20143, 1, 20250115111433.269430
20203, 1, 20250115111434.269475
20263, 1, 20250115111435.269517
20323, 1, 20250115111436.269541
20383, 1, 20250115111437.269563
20443, 1, 20250115111438.269583
20503, 1, 20250115111439.269622
20563, 1, 20250115111440.269649
20623, 1, 20250115111441.269671
20683, 1, 20250115111442.269700
20743, 1, 20250115111443.269735
20803, 1, 20250115111444.269747
20863, 1, 20250115111445.269794
20923, 1, 20250115111446.269839
20983, 1, 20250115111447.269849
21043, 1, 20250115111448.269886
21103, 1, 20250115111449.269905
21163, 1, 20250115111450.269947
21223, 1, 20250115111451.269954
21283, 1, 20250115111452.269987
21343, 1, 20250115111453.270008
21403, 1, 20250115111454.270049
21463, 1, 20250115111455.270076
21523, 1, 20250115111456.270108
21583, 1, 20250115111457.270136
21643, 1, 20250115111458.270158
21703, 1, 20250115111459.270180
21763, 1, 20250115111500.270225
21823, 1, 20250115111501.270245
21883, 1, 20250115111502.270281
21943, 1, 20250115111503.270319
22003, 1, 20250115111504.270356
22063, 1, 20250115111505.270376
22123, 1, 20250115111506.270397
22183, 1, 20250115111507.270426
22243, 1, 20250115111508.270459
22303, 1, 20250115111509.270484
22363, 1, 20250115111510.270510
22423, 1, 20250115111511.270553
22483, 1, 20250115111512.270568
22543, 1, 20250115111513.270586
22603, 1, 20250115111514.270647
22663, 1, 20250115111515.270686
22723, 1, 20250115111516.270683
22783, 1, 20250115111517.270715
22843, 1, 20250115111518.270752
22903, 1, 20250115111519.270770
22963, 1, 20250115111520.270811
23023, 1, 20250115111521.270831
23083, 1, 20250115111522.270864
23143, 1, 20250115111523.270916
23203, 1, 20250115111524.270931
23263, 1, 20250115111525.270939
23323, 1, 20250115111526.270978
23383, 1, 20250115111527.271014
23443, 1, 20250115111528.271028
23503, 1, 20250115111529.271063
23563, 1, 20250115111530.271099
23623, 1, 20250115111531.271136
23683, 1, 20250115111532.271162
23743, 1, 20250115111533.271183
23803, 1, 20250115111534.271212
23863, 1, 20250115111535.271250
23923, 1, 20250115111536.271270
23983, 1, 20250115111537.271286
24043, 1, 20250115111538.271333
24103, 1, 20250115111539.271362
24163, 1, 20250115111540.271389
24223, 1, 20250115111541.271429
24283, 1, 20250115111542.271449
24343, 1, 20250115111543.271493
24403, 1, 20250115111544.271513
24463, 1, 20250115111545.271538
24523, 1, 20250115111546.271564
24583, 1, 20250115111547.271596
24643, 1, 20250115111548.271627
24703, 1, 20250115111549.271662
24763, 1, 20250115111550.271676
24823, 1, 20250115111551.271709
24883, 1, 20250115111552.271731
24943, 1, 20250115111553.271777
25003, 1, 20250115111554.271790
25063, 1, 20250115111555.271822
