588231, 1, 20250106153208.007529
588291, 1, 20250106153209.007555
588351, 1, 20250106153210.007608
588411, 1, 20250106153211.007608
588471, 1, 20250106153212.007643
588531, 1, 20250106153213.007646
588591, 1, 20250106153214.007718
588651, 1, 20250106153215.007723
588711, 1, 20250106153216.007753
588771, 1, 20250106153217.007746
588831, 1, 20250106153218.007771
588891, 1, 20250106153219.007864
588951, 1, 20250106153220.007891
589011, 1, 20250106153221.007899
589071, 1, 20250106153222.007885
589131, 1, 20250106153223.007972
589191, 1, 20250106153224.007958
589251, 1, 20250106153225.008023
589311, 1, 20250106153226.008048
589371, 1, 20250106153227.008105
589431, 1, 20250106153228.008078
589491, 1, 20250106153229.008119
589551, 1, 20250106153230.008194
589611, 1, 20250106153231.008151
589671, 1, 20250106153232.008187
589731, 1, 20250106153233.008236
589791, 1, 20250106153234.008236
589851, 1, 20250106153235.008289
589911, 1, 20250106153236.008315
589971, 1, 20250106153237.008382
590031, 1, 20250106153238.008368
590091, 1, 20250106153239.008399
590151, 1, 20250106153240.008399
590211, 1, 20250106153241.008413
590271, 1, 20250106153242.008539
590331, 1, 20250106153243.008482
590391, 1, 20250106153244.008562
590451, 1, 20250106153245.008555
590511, 1, 20250106153246.008572
590571, 1, 20250106153247.008668
590631, 1, 20250106153248.008625
590691, 1, 20250106153249.008649
590751, 1, 20250106153250.008759
590811, 1, 20250106153251.008709
590871, 1, 20250106153252.008734
590931, 1, 20250106153253.008777
590991, 1, 20250106153254.008857
591051, 1, 20250106153255.008919
591111, 1, 20250106153256.008822
591171, 1, 20250106153257.008889
591231, 1, 20250106153258.008915
591291, 1, 20250106153259.008946
591351, 1, 20250106153300.008979
591411, 1, 20250106153301.009010
591471, 1, 20250106153302.009125
591531, 1, 20250106153303.009135
591591, 1, 20250106153304.009111
591651, 1, 20250106153305.009176
591711, 1, 20250106153306.009154
591771, 1, 20250106153307.009176
591831, 1, 20250106153308.009203
591891, 1, 20250106153309.009224
591951, 1, 20250106153310.009335
592011, 1, 20250106153311.009366
592071, 1, 20250106153312.009402
592131, 1, 20250106153313.009367
592191, 1, 20250106153314.009380
592251, 1, 20250106153315.009403
592311, 1, 20250106153316.009500
592371, 1, 20250106153317.009470
592431, 1, 20250106153318.009465
592491, 1, 20250106153319.009520
592551, 1, 20250106153320.009543
592611, 1, 20250106153321.009583
592671, 1, 20250106153322.009692
592731, 1, 20250106153323.009694
592791, 1, 20250106153324.009756
592851, 1, 20250106153325.009691
592911, 1, 20250106153326.009841
592971, 1, 20250106153327.009841
593031, 1, 20250106153328.009780
593091, 1, 20250106153329.009816
593151, 1, 20250106153330.009923
593211, 1, 20250106153331.009870
593271, 1, 20250106153332.009895
593331, 1, 20250106153333.009954
593391, 1, 20250106153334.010011
593451, 1, 20250106153335.009982
593511, 1, 20250106153336.010006
593571, 1, 20250106153337.010035
593631, 1, 20250106153338.010121
593691, 1, 20250106153339.010124
593751, 1, 20250106153340.010174
593811, 1, 20250106153341.010170
593871, 1, 20250106153342.010190
593931, 1, 20250106153343.010211
593991, 1, 20250106153344.010245
594051, 1, 20250106153345.010315
594111, 1, 20250106153346.010305
594171, 1, 20250106153347.010323
594231, 1, 20250106153348.010360
594291, 1, 20250106153349.010388
594351, 1, 20250106153350.010409
594411, 1, 20250106153351.010454
594471, 1, 20250106153352.010502
594531, 1, 20250106153353.010531
594591, 1, 20250106153354.010524
594651, 1, 20250106153355.010565
594711, 1, 20250106153356.010673
594771, 1, 20250106153357.010617
594831, 1, 20250106153358.010652
594891, 1, 20250106153359.010755
594951, 1, 20250106153400.010745
595011, 1, 20250106153401.010735
595071, 1, 20250106153402.010807
595131, 1, 20250106153403.010792
595191, 1, 20250106153404.010867
595251, 1, 20250106153405.010893
595311, 1, 20250106153406.010961
595371, 1, 20250106153407.010935
595431, 1, 20250106153408.011019
595491, 1, 20250106153409.011010
595551, 1, 20250106153410.011051
595611, 1, 20250106153411.011141
595671, 1, 20250106153412.011131
595731, 1, 20250106153413.011169
595791, 1, 20250106153414.011188
595851, 1, 20250106153415.011226
595911, 1, 20250106153416.011256
595971, 1, 20250106153417.011291
596031, 1, 20250106153418.011319
596091, 1, 20250106153419.011341
