329923, 1, 20250109112910.703448
329983, 1, 20250109112911.703475
330043, 1, 20250109112912.703497
330103, 1, 20250109112913.703536
330163, 1, 20250109112914.703556
330223, 1, 20250109112915.703640
330283, 1, 20250109112916.703619
330343, 1, 20250109112917.703650
330403, 1, 20250109112918.703682
330463, 1, 20250109112919.703708
330523, 1, 20250109112920.703741
330583, 1, 20250109112921.703888
330643, 1, 20250109112922.703886
330703, 1, 20250109112923.703898
330763, 1, 20250109112924.703880
330823, 1, 20250109112925.703887
330883, 1, 20250109112926.703921
330943, 1, 20250109112927.704027
