3267, 1, 20250121084450.761153
3327, 1, 20250121084451.761171
3387, 1, 20250121084452.761227
3447, 1, 20250121084453.761257
3507, 1, 20250121084454.761265
3567, 1, 20250121084455.761298
3627, 1, 20250121084456.761331
3687, 1, 20250121084457.761359
3747, 1, 20250121084458.761383
3807, 1, 20250121084459.761414
3867, 1, 20250121084500.761451
3927, 1, 20250121084501.761487
3987, 1, 20250121084502.761507
4047, 1, 20250121084503.761537
4107, 1, 20250121084504.761563
4167, 1, 20250121084505.761596
4227, 1, 20250121084506.761635
4287, 1, 20250121084507.761652
4347, 1, 20250121084508.761684
4407, 1, 20250121084509.761710
4467, 1, 20250121084510.761758
4527, 1, 20250121084511.761794
4587, 1, 20250121084512.761837
4647, 1, 20250121084513.761841
4707, 1, 20250121084514.761872
4767, 1, 20250121084515.761893
4827, 1, 20250121084516.761935
4887, 1, 20250121084517.761965
4947, 1, 20250121084518.761981
5007, 1, 20250121084519.762011
5067, 1, 20250121084520.762043
5127, 1, 20250121084521.762115
5187, 1, 20250121084522.762128
5247, 1, 20250121084523.762134
5307, 1, 20250121084524.762164
5367, 1, 20250121084525.762200
5427, 1, 20250121084526.762230
5487, 1, 20250121084527.762259
5547, 1, 20250121084528.762288
5607, 1, 20250121084529.762306
5667, 1, 20250121084530.762342
5727, 1, 20250121084531.762391
