119749, 1, 20241224125332.482336
119809, 1, 20241224125333.482363
119869, 1, 20241224125334.482388
119929, 1, 20241224125335.482412
119989, 1, 20241224125336.482444
120049, 1, 20241224125337.482466
120109, 1, 20241224125338.482500
120169, 1, 20241224125339.482522
120229, 1, 20241224125340.482553
120289, 1, 20241224125341.482589
120349, 1, 20241224125342.482624
120409, 1, 20241224125343.482637
120469, 1, 20241224125344.482681
120529, 1, 20241224125345.482701
120589, 1, 20241224125346.482728
120649, 1, 20241224125347.482750
120709, 1, 20241224125348.482795
120769, 1, 20241224125349.482831
120829, 1, 20241224125350.482867
