506107, 1, 20250115151129.337979
506167, 1, 20250115151130.338007
506227, 1, 20250115151131.338038
506287, 1, 20250115151132.338067
506347, 1, 20250115151133.338094
506407, 1, 20250115151134.338129
506467, 1, 20250115151135.338152
506527, 1, 20250115151136.338205
506587, 1, 20250115151137.338202
506647, 1, 20250115151138.338236
506707, 1, 20250115151139.338264
506767, 1, 20250115151140.338292
506827, 1, 20250115151141.338320
506887, 1, 20250115151142.338355
506947, 1, 20250115151143.338371
507007, 1, 20250115151144.338412
507067, 1, 20250115151145.338432
507127, 1, 20250115151146.338486
507187, 1, 20250115151147.338490
507247, 1, 20250115151148.338521
507307, 1, 20250115151149.338560
507367, 1, 20250115151150.338589
507427, 1, 20250115151151.338614
507487, 1, 20250115151152.338648
507547, 1, 20250115151153.338673
507607, 1, 20250115151154.338711
507667, 1, 20250115151155.338740
507727, 1, 20250115151156.338792
507787, 1, 20250115151157.338785
507847, 1, 20250115151158.338816
507907, 1, 20250115151159.338852
507967, 1, 20250115151200.338864
508027, 1, 20250115151201.338906
508087, 1, 20250115151202.338939
508147, 1, 20250115151203.338962
508207, 1, 20250115151204.338999
508267, 1, 20250115151205.339042
508327, 1, 20250115151206.339073
508387, 1, 20250115151207.339098
508447, 1, 20250115151208.339116
508507, 1, 20250115151209.339143
508567, 1, 20250115151210.339174
508627, 1, 20250115151211.339204
508687, 1, 20250115151212.339227
508747, 1, 20250115151213.339266
508807, 1, 20250115151214.339298
508867, 1, 20250115151215.339310
508927, 1, 20250115151216.339345
508987, 1, 20250115151217.339369
509047, 1, 20250115151218.339396
509107, 1, 20250115151219.339446
509167, 1, 20250115151220.339458
509227, 1, 20250115151221.339488
509287, 1, 20250115151222.339528
509347, 1, 20250115151223.339533
509407, 1, 20250115151224.339595
509467, 1, 20250115151225.339629
509527, 1, 20250115151226.339633
509587, 1, 20250115151227.339651
509647, 1, 20250115151228.339680
509707, 1, 20250115151229.339719
509767, 1, 20250115151230.339745
509827, 1, 20250115151231.339773
509887, 1, 20250115151232.339814
509947, 1, 20250115151233.339827
510007, 1, 20250115151234.339884
510067, 1, 20250115151235.339904
510127, 1, 20250115151236.339931
510187, 1, 20250115151237.339939
510247, 1, 20250115151238.339982
510307, 1, 20250115151239.339996
510367, 1, 20250115151240.340024
510427, 1, 20250115151241.340073
510487, 1, 20250115151242.340099
510547, 1, 20250115151243.340131
510607, 1, 20250115151244.340167
510667, 1, 20250115151245.340179
510727, 1, 20250115151246.340212
510787, 1, 20250115151247.340230
510847, 1, 20250115151248.340271
510907, 1, 20250115151249.340296
510967, 1, 20250115151250.340323
511027, 1, 20250115151251.340337
511087, 1, 20250115151252.340387
511147, 1, 20250115151253.340413
511207, 1, 20250115151254.340439
511267, 1, 20250115151255.340461
511327, 1, 20250115151256.340496
511387, 1, 20250115151257.340532
511447, 1, 20250115151258.340552
511507, 1, 20250115151259.340579
511567, 1, 20250115151300.340616
511627, 1, 20250115151301.340637
511687, 1, 20250115151302.340672
511747, 1, 20250115151303.340724
511807, 1, 20250115151304.340753
511867, 1, 20250115151305.340753
511927, 1, 20250115151306.340795
511987, 1, 20250115151307.340816
512047, 1, 20250115151308.340830
512107, 1, 20250115151309.340871
512167, 1, 20250115151310.340904
512227, 1, 20250115151311.340928
512287, 1, 20250115151312.340954
512347, 1, 20250115151313.341001
512407, 1, 20250115151314.341035
512467, 1, 20250115151315.341049
512527, 1, 20250115151316.341080
512587, 1, 20250115151317.341099
512647, 1, 20250115151318.341118
512707, 1, 20250115151319.341142
512767, 1, 20250115151320.341186
512827, 1, 20250115151321.341222
512887, 1, 20250115151322.341250
512947, 1, 20250115151323.341270
513007, 1, 20250115151324.341296
513067, 1, 20250115151325.341327
513127, 1, 20250115151326.341434
513187, 1, 20250115151327.341402
513247, 1, 20250115151328.341427
513307, 1, 20250115151329.341448
513367, 1, 20250115151330.341484
513427, 1, 20250115151331.341504
513487, 1, 20250115151332.341556
513547, 1, 20250115151333.341590
513607, 1, 20250115151334.341612
513667, 1, 20250115151335.341615
513727, 1, 20250115151336.341652
513787, 1, 20250115151337.341686
513847, 1, 20250115151338.341708
513907, 1, 20250115151339.341736
513967, 1, 20250115151340.341774
514027, 1, 20250115151341.341805
514087, 1, 20250115151342.341840
514147, 1, 20250115151343.341931
514207, 1, 20250115151344.341899
514267, 1, 20250115151345.341916
514327, 1, 20250115151346.341944
514387, 1, 20250115151347.341975
514447, 1, 20250115151348.341999
514507, 1, 20250115151349.342034
514567, 1, 20250115151350.342062
514627, 1, 20250115151351.342107
514687, 1, 20250115151352.342114
514747, 1, 20250115151353.342140
514807, 1, 20250115151354.342184
514867, 1, 20250115151355.342202
514927, 1, 20250115151356.342240
514987, 1, 20250115151357.342253
515047, 1, 20250115151358.342287
515107, 1, 20250115151359.342312
515167, 1, 20250115151400.342350
515227, 1, 20250115151401.342366
515287, 1, 20250115151402.342427
515347, 1, 20250115151403.342432
515407, 1, 20250115151404.342466
515467, 1, 20250115151405.342489
515527, 1, 20250115151406.342509
515587, 1, 20250115151407.342538
515647, 1, 20250115151408.342576
515707, 1, 20250115151409.342596
515767, 1, 20250115151410.342636
515827, 1, 20250115151411.342683
515887, 1, 20250115151412.342711
515947, 1, 20250115151413.342718
516007, 1, 20250115151414.342749
516067, 1, 20250115151415.342770
516127, 1, 20250115151416.342803
