508579, 1, 20250121154001.109486
508639, 1, 20250121154002.109513
508699, 1, 20250121154003.109555
508759, 1, 20250121154004.109564
508819, 1, 20250121154005.109606
508879, 1, 20250121154006.109652
508939, 1, 20250121154007.109682
508999, 1, 20250121154008.109696
509059, 1, 20250121154009.109728
509119, 1, 20250121154010.109752
509179, 1, 20250121154011.109782
509239, 1, 20250121154012.109812
509299, 1, 20250121154013.109842
509359, 1, 20250121154014.109865
509419, 1, 20250121154015.109918
509479, 1, 20250121154016.109958
509539, 1, 20250121154017.109971
509599, 1, 20250121154018.109982
509659, 1, 20250121154019.110022
509719, 1, 20250121154020.110042
509779, 1, 20250121154021.110078
509839, 1, 20250121154022.110106
509899, 1, 20250121154023.110133
509959, 1, 20250121154024.110166
510019, 1, 20250121154025.110199
510079, 1, 20250121154026.110224
510139, 1, 20250121154027.110258
510199, 1, 20250121154028.110286
510259, 1, 20250121154029.110320
510319, 1, 20250121154030.110342
510379, 1, 20250121154031.110382
510439, 1, 20250121154032.110407
510499, 1, 20250121154033.110432
510559, 1, 20250121154034.110465
510619, 1, 20250121154035.110518
510679, 1, 20250121154036.110536
510739, 1, 20250121154037.110557
510799, 1, 20250121154038.110585
510859, 1, 20250121154039.110606
510919, 1, 20250121154040.110633
510979, 1, 20250121154041.110665
511039, 1, 20250121154042.110691
511099, 1, 20250121154043.110720
511159, 1, 20250121154044.110765
511219, 1, 20250121154045.110801
511279, 1, 20250121154046.110842
511339, 1, 20250121154047.110841
511399, 1, 20250121154048.110868
511459, 1, 20250121154049.110894
511519, 1, 20250121154050.110925
511579, 1, 20250121154051.110956
511639, 1, 20250121154052.110989
511699, 1, 20250121154053.111022
511759, 1, 20250121154054.111062
511819, 1, 20250121154055.111069
511879, 1, 20250121154056.111112
511939, 1, 20250121154057.111140
511999, 1, 20250121154058.111164
512059, 1, 20250121154059.111203
512119, 1, 20250121154100.111226
512179, 1, 20250121154101.111257
512239, 1, 20250121154102.111279
512299, 1, 20250121154103.111308
512359, 1, 20250121154104.111332
512419, 1, 20250121154105.111388
512479, 1, 20250121154106.111392
512539, 1, 20250121154107.111428
512599, 1, 20250121154108.111470
512659, 1, 20250121154109.111494
512719, 1, 20250121154110.111535
512779, 1, 20250121154111.111552
512839, 1, 20250121154112.111574
512899, 1, 20250121154113.111608
512959, 1, 20250121154114.111651
513019, 1, 20250121154115.111692
513079, 1, 20250121154116.111680
513139, 1, 20250121154117.111720
513199, 1, 20250121154118.111749
513259, 1, 20250121154119.111783
513319, 1, 20250121154120.111814
513379, 1, 20250121154121.111833
513439, 1, 20250121154122.111866
513499, 1, 20250121154123.111891
513559, 1, 20250121154124.111939
513619, 1, 20250121154125.111964
513679, 1, 20250121154126.111974
513739, 1, 20250121154127.112026
513799, 1, 20250121154128.112046
513859, 1, 20250121154129.112070
513919, 1, 20250121154130.112102
513979, 1, 20250121154131.112131
514039, 1, 20250121154132.112164
514099, 1, 20250121154133.112192
514159, 1, 20250121154134.112219
514219, 1, 20250121154135.112251
514279, 1, 20250121154136.112281
514339, 1, 20250121154137.112304
514399, 1, 20250121154138.112334
514459, 1, 20250121154139.112360
514519, 1, 20250121154140.112399
514579, 1, 20250121154141.112420
514639, 1, 20250121154142.112451
514699, 1, 20250121154143.112509
514759, 1, 20250121154144.112513
514819, 1, 20250121154145.112540
514879, 1, 20250121154146.112577
514939, 1, 20250121154147.112608
514999, 1, 20250121154148.112628
515059, 1, 20250121154149.112660
515119, 1, 20250121154150.112678
515179, 1, 20250121154151.112716
515239, 1, 20250121154152.112752
515299, 1, 20250121154153.112804
515359, 1, 20250121154154.112826
515419, 1, 20250121154155.112831
515479, 1, 20250121154156.112859
515539, 1, 20250121154157.112900
515599, 1, 20250121154158.112934
515659, 1, 20250121154159.112947
515719, 1, 20250121154200.112983
515779, 1, 20250121154201.113004
515839, 1, 20250121154202.113038
515899, 1, 20250121154203.113097
515959, 1, 20250121154204.113100
516019, 1, 20250121154205.113140
516079, 1, 20250121154206.113150
516139, 1, 20250121154207.113185
516199, 1, 20250121154208.113219
516259, 1, 20250121154209.113244
516319, 1, 20250121154210.113268
516379, 1, 20250121154211.113310
516439, 1, 20250121154212.113324
516499, 1, 20250121154213.113358
516559, 1, 20250121154214.113390
516619, 1, 20250121154215.113423
516679, 1, 20250121154216.113451
516739, 1, 20250121154217.113477
516799, 1, 20250121154218.113508
516859, 1, 20250121154219.113537
516919, 1, 20250121154220.113563
516979, 1, 20250121154221.113602
517039, 1, 20250121154222.113650
517099, 1, 20250121154223.113678
517159, 1, 20250121154224.113681
517219, 1, 20250121154225.113716
517279, 1, 20250121154226.113733
517339, 1, 20250121154227.113779
517399, 1, 20250121154228.113800
517459, 1, 20250121154229.113841
517519, 1, 20250121154230.113862
517579, 1, 20250121154231.113894
517639, 1, 20250121154232.113931
517699, 1, 20250121154233.113970
517759, 1, 20250121154234.113972
517819, 1, 20250121154235.114006
517879, 1, 20250121154236.114042
517939, 1, 20250121154237.114080
517999, 1, 20250121154238.114098
518059, 1, 20250121154239.114132
518119, 1, 20250121154240.114150
518179, 1, 20250121154241.114183
518239, 1, 20250121154242.114243
518299, 1, 20250121154243.114237
518359, 1, 20250121154244.114269
518419, 1, 20250121154245.114310
518479, 1, 20250121154246.114327
518539, 1, 20250121154247.114355
518599, 1, 20250121154248.114383
518659, 1, 20250121154249.114430
518719, 1, 20250121154250.114450
518779, 1, 20250121154251.114480
518839, 1, 20250121154252.114499
518899, 1, 20250121154253.114532
518959, 1, 20250121154254.114563
519019, 1, 20250121154255.114595
519079, 1, 20250121154256.114622
519139, 1, 20250121154257.114667
519199, 1, 20250121154258.114697
519259, 1, 20250121154259.114716
