2603, 1, 20250107165731.257234
2663, 1, 20250107165732.257257
2723, 1, 20250107165733.257293
2783, 1, 20250107165734.257338
2843, 1, 20250107165735.257371
2903, 1, 20250107165736.257388
2963, 1, 20250107165737.257410
3023, 1, 20250107165738.257441
3083, 1, 20250107165739.257473
3143, 1, 20250107165740.257509
3203, 1, 20250107165741.257530
3263, 1, 20250107165742.257555
3323, 1, 20250107165743.257591
3383, 1, 20250107165744.257637
3443, 1, 20250107165745.257688
3503, 1, 20250107165746.257687
3563, 1, 20250107165747.257709
3623, 1, 20250107165748.257735
3683, 1, 20250107165749.257757
3743, 1, 20250107165750.257800
3803, 1, 20250107165751.257824
3863, 1, 20250107165752.257856
3923, 1, 20250107165753.257883
3983, 1, 20250107165754.257925
4043, 1, 20250107165755.257952
4103, 1, 20250107165756.257970
4163, 1, 20250107165757.258013
4223, 1, 20250107165758.258027
4283, 1, 20250107165759.258076
4343, 1, 20250107165800.258096
4403, 1, 20250107165801.258128
4463, 1, 20250107165802.258140
4523, 1, 20250107165803.258179
4583, 1, 20250107165804.258213
4643, 1, 20250107165805.258243
4703, 1, 20250107165806.258272
4763, 1, 20250107165807.258316
4823, 1, 20250107165808.258333
4883, 1, 20250107165809.258366
4943, 1, 20250107165810.258388
