404469, 1, 20250117143737.865863
404529, 1, 20250117143738.865894
404589, 1, 20250117143739.865946
404649, 1, 20250117143740.865992
404709, 1, 20250117143741.865998
404769, 1, 20250117143742.866008
404829, 1, 20250117143743.866040
404889, 1, 20250117143744.866061
404949, 1, 20250117143745.866095
405009, 1, 20250117143746.866126
405069, 1, 20250117143747.866169
405129, 1, 20250117143748.866193
405189, 1, 20250117143749.866216
405249, 1, 20250117143750.866246
405309, 1, 20250117143751.866294
405369, 1, 20250117143752.866302
405429, 1, 20250117143753.866338
405489, 1, 20250117143754.866353
405549, 1, 20250117143755.866391
405609, 1, 20250117143756.866426
