204045, 1, 20250122144346.408349
204105, 1, 20250122144347.408358
204165, 1, 20250122144348.408352
204225, 1, 20250122144349.408364
204285, 1, 20250122144350.408393
204345, 1, 20250122144351.408442
204405, 1, 20250122144352.408444
204465, 1, 20250122144353.408491
204525, 1, 20250122144354.408584
204585, 1, 20250122144355.408572
204645, 1, 20250122144356.408636
204705, 1, 20250122144357.408640
204765, 1, 20250122144358.408720
204825, 1, 20250122144359.408654
204885, 1, 20250122144400.408755
204945, 1, 20250122144401.408741
205005, 1, 20250122144402.408754
205065, 1, 20250122144403.408762
205125, 1, 20250122144404.408772
205185, 1, 20250122144405.408832
205245, 1, 20250122144406.408935
205305, 1, 20250122144407.408932
205365, 1, 20250122144408.408994
205425, 1, 20250122144409.408977
205485, 1, 20250122144410.408972
205545, 1, 20250122144411.409063
205605, 1, 20250122144412.409068
205665, 1, 20250122144413.409133
205725, 1, 20250122144414.409122
205785, 1, 20250122144415.409163
205845, 1, 20250122144416.409250
205905, 1, 20250122144417.409282
205965, 1, 20250122144418.409286
206025, 1, 20250122144419.409260
206085, 1, 20250122144420.409352
206145, 1, 20250122144421.409306
206205, 1, 20250122144422.409332
206265, 1, 20250122144423.409428
206325, 1, 20250122144424.409384
206385, 1, 20250122144425.409441
206445, 1, 20250122144426.409478
206505, 1, 20250122144427.409459
206565, 1, 20250122144428.409537
206625, 1, 20250122144429.409559
206685, 1, 20250122144430.409558
206745, 1, 20250122144431.409596
206805, 1, 20250122144432.409607
206865, 1, 20250122144433.409710
206925, 1, 20250122144434.409764
206985, 1, 20250122144435.409793
207045, 1, 20250122144436.409811
207105, 1, 20250122144437.409801
207165, 1, 20250122144438.409820
207225, 1, 20250122144439.409807
207285, 1, 20250122144440.409841
207345, 1, 20250122144441.409944
207405, 1, 20250122144442.409907
207465, 1, 20250122144443.409969
207525, 1, 20250122144444.410075
207585, 1, 20250122144445.410022
207645, 1, 20250122144446.410106
207705, 1, 20250122144447.410084
207765, 1, 20250122144448.410108
207825, 1, 20250122144449.410172
207885, 1, 20250122144450.410130
207945, 1, 20250122144451.410167
208005, 1, 20250122144452.410185
208065, 1, 20250122144453.410245
208125, 1, 20250122144454.410237
208185, 1, 20250122144455.410334
208245, 1, 20250122144456.410322
208305, 1, 20250122144457.410368
208365, 1, 20250122144458.410361
208425, 1, 20250122144459.410392
208485, 1, 20250122144500.410430
208545, 1, 20250122144501.410525
208605, 1, 20250122144502.410553
208665, 1, 20250122144503.410525
208725, 1, 20250122144504.410646
208785, 1, 20250122144505.410657
208845, 1, 20250122144506.410660
208905, 1, 20250122144507.410629
208965, 1, 20250122144508.410708
209025, 1, 20250122144509.410757
209085, 1, 20250122144510.410712
209145, 1, 20250122144511.410747
209205, 1, 20250122144512.410804
209265, 1, 20250122144513.410765
209325, 1, 20250122144514.410823
209385, 1, 20250122144515.410852
209445, 1, 20250122144516.410959
209505, 1, 20250122144517.410952
209565, 1, 20250122144518.410987
209625, 1, 20250122144519.411011
209685, 1, 20250122144520.411080
209745, 1, 20250122144521.411037
209805, 1, 20250122144522.411168
209865, 1, 20250122144523.411159
209925, 1, 20250122144524.411173
209985, 1, 20250122144525.411237
210045, 1, 20250122144526.411178
210105, 1, 20250122144527.411282
210165, 1, 20250122144528.411235
210225, 1, 20250122144529.411283
210285, 1, 20250122144530.411367
210345, 1, 20250122144531.411323
210405, 1, 20250122144532.411380
210465, 1, 20250122144533.411414
210525, 1, 20250122144534.411458
210585, 1, 20250122144535.411452
210645, 1, 20250122144536.411545
210705, 1, 20250122144537.411506
210765, 1, 20250122144538.411511
210825, 1, 20250122144539.411542
210885, 1, 20250122144540.411655
210945, 1, 20250122144541.411598
211005, 1, 20250122144542.411709
211065, 1, 20250122144543.411726
211125, 1, 20250122144544.411747
211185, 1, 20250122144545.411706
211245, 1, 20250122144546.411740
211305, 1, 20250122144547.411748
211365, 1, 20250122144548.411795
211425, 1, 20250122144549.411894
211485, 1, 20250122144550.411858
211545, 1, 20250122144551.411886
211605, 1, 20250122144552.411911
211665, 1, 20250122144553.412013
211725, 1, 20250122144554.411968
211785, 1, 20250122144555.412069
211845, 1, 20250122144556.412029
211905, 1, 20250122144557.412126
211965, 1, 20250122144558.412080
212025, 1, 20250122144559.412077
212085, 1, 20250122144600.412143
212145, 1, 20250122144601.412169
212205, 1, 20250122144602.412195
212265, 1, 20250122144603.412285
212325, 1, 20250122144604.412323
212385, 1, 20250122144605.412357
212445, 1, 20250122144606.412323
212505, 1, 20250122144607.412352
212565, 1, 20250122144608.412446
212625, 1, 20250122144609.412403
212685, 1, 20250122144610.412410
212745, 1, 20250122144611.412462
212805, 1, 20250122144612.412486
212865, 1, 20250122144613.412570
212925, 1, 20250122144614.412652
212985, 1, 20250122144615.412591
213045, 1, 20250122144616.412702
213105, 1, 20250122144617.412677
213165, 1, 20250122144618.412705
213225, 1, 20250122144619.412740
213285, 1, 20250122144620.412798
213345, 1, 20250122144621.412823
213405, 1, 20250122144622.412750
213465, 1, 20250122144623.412858
213525, 1, 20250122144624.412872
213585, 1, 20250122144625.412875
213645, 1, 20250122144626.412884
213705, 1, 20250122144627.412938
213765, 1, 20250122144628.412954
213825, 1, 20250122144629.412988
213885, 1, 20250122144630.413014
213945, 1, 20250122144631.413125
214005, 1, 20250122144632.413166
214065, 1, 20250122144633.413132
214125, 1, 20250122144634.413131
214185, 1, 20250122144635.413172
214245, 1, 20250122144636.413191
214305, 1, 20250122144637.413223
214365, 1, 20250122144638.413254
214425, 1, 20250122144639.413288
214485, 1, 20250122144640.413357
214545, 1, 20250122144641.413337
214605, 1, 20250122144642.413382
214665, 1, 20250122144643.413417
214725, 1, 20250122144644.413431
