22255, 1, 20250116180827.296151
22315, 1, 20250116180828.296262
22375, 1, 20250116180829.296210
22435, 1, 20250116180830.296244
22495, 1, 20250116180831.296267
22555, 1, 20250116180832.296299
22615, 1, 20250116180833.296397
22675, 1, 20250116180834.296392
22735, 1, 20250116180835.296366
22795, 1, 20250116180836.296446
22855, 1, 20250116180837.296504
22915, 1, 20250116180838.296477
22975, 1, 20250116180839.296542
23035, 1, 20250116180840.296564
23095, 1, 20250116180841.296627
23155, 1, 20250116180842.296641
23215, 1, 20250116180843.296633
23275, 1, 20250116180844.296695
23335, 1, 20250116180845.296678
23395, 1, 20250116180846.296732
