524373, 1, 20241224144556.469978
524433, 1, 20241224144557.470010
524493, 1, 20241224144558.470046
524553, 1, 20241224144559.470071
524613, 1, 20241224144600.470100
524673, 1, 20241224144601.470130
524733, 1, 20241224144602.470149
524793, 1, 20241224144603.470184
524853, 1, 20241224144604.470242
524913, 1, 20241224144605.470268
524973, 1, 20241224144606.470274
525033, 1, 20241224144607.470304
525093, 1, 20241224144608.470349
525153, 1, 20241224144609.470369
525213, 1, 20241224144610.470408
525273, 1, 20241224144611.470420
525333, 1, 20241224144612.470460
525393, 1, 20241224144613.470482
525453, 1, 20241224144614.470524
525513, 1, 20241224144615.470545
525573, 1, 20241224144616.470563
525633, 1, 20241224144617.470603
525693, 1, 20241224144618.470649
