240093, 1, 20241222122718.185569
240153, 1, 20241222122719.185601
240213, 1, 20241222122720.185626
240273, 1, 20241222122721.185681
240333, 1, 20241222122722.185693
240393, 1, 20241222122723.185714
240453, 1, 20241222122724.185754
240513, 1, 20241222122725.185779
240573, 1, 20241222122726.185796
240633, 1, 20241222122727.185824
240693, 1, 20241222122728.185873
240753, 1, 20241222122729.185897
240813, 1, 20241222122730.185925
240873, 1, 20241222122731.185964
240933, 1, 20241222122732.185976
240993, 1, 20241222122733.186017
241053, 1, 20241222122734.186049
241113, 1, 20241222122735.186073
241173, 1, 20241222122736.186099
241233, 1, 20241222122737.186135
241293, 1, 20241222122738.186157
241353, 1, 20241222122739.186181
241413, 1, 20241222122740.186216
241473, 1, 20241222122741.186264
241533, 1, 20241222122742.186281
241593, 1, 20241222122743.186305
241653, 1, 20241222122744.186334
241713, 1, 20241222122745.186366
241773, 1, 20241222122746.186391
241833, 1, 20241222122747.186425
241893, 1, 20241222122748.186450
241953, 1, 20241222122749.186472
242013, 1, 20241222122750.186529
242073, 1, 20241222122751.186553
242133, 1, 20241222122752.186557
242193, 1, 20241222122753.186592
242253, 1, 20241222122754.186619
242313, 1, 20241222122755.186654
242373, 1, 20241222122756.186688
242433, 1, 20241222122757.186703
242493, 1, 20241222122758.186747
242553, 1, 20241222122759.186775
242613, 1, 20241222122800.186820
242673, 1, 20241222122801.186834
242733, 1, 20241222122802.186851
242793, 1, 20241222122803.186893
242853, 1, 20241222122804.186913
242913, 1, 20241222122805.186942
242973, 1, 20241222122806.186964
243033, 1, 20241222122807.187015
243093, 1, 20241222122808.187032
243153, 1, 20241222122809.187060
243213, 1, 20241222122810.187096
243273, 1, 20241222122811.187119
243333, 1, 20241222122812.187143
243393, 1, 20241222122813.187186
243453, 1, 20241222122814.187206
243513, 1, 20241222122815.187237
243573, 1, 20241222122816.187259
243633, 1, 20241222122817.187284
243693, 1, 20241222122818.187313
243753, 1, 20241222122819.187369
243813, 1, 20241222122820.187395
243873, 1, 20241222122821.187408
243933, 1, 20241222122822.187429
243993, 1, 20241222122823.187473
244053, 1, 20241222122824.187494
244113, 1, 20241222122825.187528
244173, 1, 20241222122826.187552
244233, 1, 20241222122827.187576
244293, 1, 20241222122828.187604
244353, 1, 20241222122829.187663
244413, 1, 20241222122830.187685
244473, 1, 20241222122831.187695
244533, 1, 20241222122832.187720
244593, 1, 20241222122833.187758
244653, 1, 20241222122834.187772
244713, 1, 20241222122835.187819
244773, 1, 20241222122836.187836
244833, 1, 20241222122837.187865
244893, 1, 20241222122838.187928
244953, 1, 20241222122839.187942
245013, 1, 20241222122840.187964
245073, 1, 20241222122841.187985
245133, 1, 20241222122842.188014
245193, 1, 20241222122843.188039
245253, 1, 20241222122844.188076
245313, 1, 20241222122845.188098
245373, 1, 20241222122846.188133
245433, 1, 20241222122847.188171
245493, 1, 20241222122848.188199
245553, 1, 20241222122849.188236
245613, 1, 20241222122850.188256
245673, 1, 20241222122851.188280
245733, 1, 20241222122852.188316
245793, 1, 20241222122853.188357
245853, 1, 20241222122854.188369
245913, 1, 20241222122855.188406
245973, 1, 20241222122856.188428
246033, 1, 20241222122857.188455
246093, 1, 20241222122858.188503
246153, 1, 20241222122859.188525
246213, 1, 20241222122900.188541
246273, 1, 20241222122901.188572
246333, 1, 20241222122902.188615
246393, 1, 20241222122903.188644
246453, 1, 20241222122904.188664
246513, 1, 20241222122905.188695
246573, 1, 20241222122906.188716
246633, 1, 20241222122907.188740
246693, 1, 20241222122908.188797
246753, 1, 20241222122909.188833
246813, 1, 20241222122910.188847
246873, 1, 20241222122911.188869
246933, 1, 20241222122912.188889
246993, 1, 20241222122913.188934
247053, 1, 20241222122914.188962
247113, 1, 20241222122915.188987
247173, 1, 20241222122916.189018
247233, 1, 20241222122917.189052
247293, 1, 20241222122918.189074
247353, 1, 20241222122919.189106
247413, 1, 20241222122920.189121
247473, 1, 20241222122921.189164
247533, 1, 20241222122922.189187
247593, 1, 20241222122923.189212
247653, 1, 20241222122924.189251
247713, 1, 20241222122925.189261
247773, 1, 20241222122926.189306
247833, 1, 20241222122927.189355
247893, 1, 20241222122928.189382
247953, 1, 20241222122929.189400
248013, 1, 20241222122930.189425
248073, 1, 20241222122931.189460
248133, 1, 20241222122932.189483
248193, 1, 20241222122933.189507
248253, 1, 20241222122934.189541
248313, 1, 20241222122935.189570
248373, 1, 20241222122936.189591
248433, 1, 20241222122937.189636
248493, 1, 20241222122938.189670
248553, 1, 20241222122939.189681
248613, 1, 20241222122940.189712
248673, 1, 20241222122941.189726
248733, 1, 20241222122942.189774
248793, 1, 20241222122943.189801
248853, 1, 20241222122944.189830
248913, 1, 20241222122945.189842
248973, 1, 20241222122946.189889
249033, 1, 20241222122947.189945
249093, 1, 20241222122948.189966
249153, 1, 20241222122949.189972
249213, 1, 20241222122950.189999
249273, 1, 20241222122951.190042
249333, 1, 20241222122952.190063
249393, 1, 20241222122953.190091
249453, 1, 20241222122954.190124
249513, 1, 20241222122955.190153
249573, 1, 20241222122956.190180
249633, 1, 20241222122957.190205
249693, 1, 20241222122958.190227
249753, 1, 20241222122959.190268
249813, 1, 20241222123000.190306
249873, 1, 20241222123001.190329
249933, 1, 20241222123002.190354
249993, 1, 20241222123003.190390
250053, 1, 20241222123004.190413
250113, 1, 20241222123005.190447
250173, 1, 20241222123006.190472
250233, 1, 20241222123007.190526
250293, 1, 20241222123008.190531
250353, 1, 20241222123009.190553
250413, 1, 20241222123010.190592
250473, 1, 20241222123011.190620
250533, 1, 20241222123012.190661
250593, 1, 20241222123013.190684
250653, 1, 20241222123014.190717
250713, 1, 20241222123015.190733
250773, 1, 20241222123016.190776
