161931, 1, 20250112160717.632389
161991, 1, 20250112160718.632407
162051, 1, 20250112160719.632421
162111, 1, 20250112160720.632430
162171, 1, 20250112160721.632483
162231, 1, 20250112160722.632518
162291, 1, 20250112160723.632541
162351, 1, 20250112160724.632570
162411, 1, 20250112160725.632608
162471, 1, 20250112160726.632632
162531, 1, 20250112160727.632657
162591, 1, 20250112160728.632689
162651, 1, 20250112160729.632716
162711, 1, 20250112160730.632751
162771, 1, 20250112160731.632768
162831, 1, 20250112160732.632796
162891, 1, 20250112160733.632817
162951, 1, 20250112160734.632852
163011, 1, 20250112160735.632888
163071, 1, 20250112160736.632915
163131, 1, 20250112160737.632971
163191, 1, 20250112160738.632980
163251, 1, 20250112160739.633008
163311, 1, 20250112160740.633035
163371, 1, 20250112160741.633068
163431, 1, 20250112160742.633100
163491, 1, 20250112160743.633122
163551, 1, 20250112160744.633147
163611, 1, 20250112160745.633171
163671, 1, 20250112160746.633235
163731, 1, 20250112160747.633270
163791, 1, 20250112160748.633272
163851, 1, 20250112160749.633296
163911, 1, 20250112160750.633326
163971, 1, 20250112160751.633353
164031, 1, 20250112160752.633388
164091, 1, 20250112160753.633421
164151, 1, 20250112160754.633438
164211, 1, 20250112160755.633479
164271, 1, 20250112160756.633510
164331, 1, 20250112160757.633521
