254517, 1, 20250122145747.638166
254577, 1, 20250122145748.638236
254637, 1, 20250122145749.638246
254697, 1, 20250122145750.638267
254757, 1, 20250122145751.638307
254817, 1, 20250122145752.638354
254877, 1, 20250122145753.638386
254937, 1, 20250122145754.638387
254997, 1, 20250122145755.638415
255057, 1, 20250122145756.638443
255117, 1, 20250122145757.638479
255177, 1, 20250122145758.638503
255237, 1, 20250122145759.638530
255297, 1, 20250122145800.638555
255357, 1, 20250122145801.638635
255417, 1, 20250122145802.638648
255477, 1, 20250122145803.638659
255537, 1, 20250122145804.638681
255597, 1, 20250122145805.638710
255657, 1, 20250122145806.638742
255717, 1, 20250122145807.638764
255777, 1, 20250122145808.638788
255837, 1, 20250122145809.638820
255897, 1, 20250122145810.638839
255957, 1, 20250122145811.638880
256017, 1, 20250122145812.638912
256077, 1, 20250122145813.638947
256137, 1, 20250122145814.638979
256197, 1, 20250122145815.639003
256257, 1, 20250122145816.639030
256317, 1, 20250122145817.639064
256377, 1, 20250122145818.639086
256437, 1, 20250122145819.639123
256497, 1, 20250122145820.639162
256557, 1, 20250122145821.639198
256617, 1, 20250122145822.639229
256677, 1, 20250122145823.639239
256737, 1, 20250122145824.639260
256797, 1, 20250122145825.639305
256857, 1, 20250122145826.639322
256917, 1, 20250122145827.639360
256977, 1, 20250122145828.639378
257037, 1, 20250122145829.639409
257097, 1, 20250122145830.639436
257157, 1, 20250122145831.639488
257217, 1, 20250122145832.639506
257277, 1, 20250122145833.639538
257337, 1, 20250122145834.639545
257397, 1, 20250122145835.639600
257457, 1, 20250122145836.639616
257517, 1, 20250122145837.639655
257577, 1, 20250122145838.639681
257637, 1, 20250122145839.639702
257697, 1, 20250122145840.639739
257757, 1, 20250122145841.639755
257817, 1, 20250122145842.639781
257877, 1, 20250122145843.639822
257937, 1, 20250122145844.639859
257997, 1, 20250122145845.639875
258057, 1, 20250122145846.639899
258117, 1, 20250122145847.639929
258177, 1, 20250122145848.639945
258237, 1, 20250122145849.639980
258297, 1, 20250122145850.640034
258357, 1, 20250122145851.640065
258417, 1, 20250122145852.640073
258477, 1, 20250122145853.640104
258537, 1, 20250122145854.640130
258597, 1, 20250122145855.640157
258657, 1, 20250122145856.640185
258717, 1, 20250122145857.640212
258777, 1, 20250122145858.640246
258837, 1, 20250122145859.640271
258897, 1, 20250122145900.640327
258957, 1, 20250122145901.640353
259017, 1, 20250122145902.640361
259077, 1, 20250122145903.640382
259137, 1, 20250122145904.640414
259197, 1, 20250122145905.640443
259257, 1, 20250122145906.640494
259317, 1, 20250122145907.640499
259377, 1, 20250122145908.640525
259437, 1, 20250122145909.640587
259497, 1, 20250122145910.640611
259557, 1, 20250122145911.640626
259617, 1, 20250122145912.640652
259677, 1, 20250122145913.640670
259737, 1, 20250122145914.640722
259797, 1, 20250122145915.640718
259857, 1, 20250122145916.640754
259917, 1, 20250122145917.640798
259977, 1, 20250122145918.640815
260037, 1, 20250122145919.640849
260097, 1, 20250122145920.640893
260157, 1, 20250122145921.640905
260217, 1, 20250122145922.640940
260277, 1, 20250122145923.640973
260337, 1, 20250122145924.641005
260397, 1, 20250122145925.641030
260457, 1, 20250122145926.641048
260517, 1, 20250122145927.641074
260577, 1, 20250122145928.641104
260637, 1, 20250122145929.641155
260697, 1, 20250122145930.641185
260757, 1, 20250122145931.641200
260817, 1, 20250122145932.641223
260877, 1, 20250122145933.641257
260937, 1, 20250122145934.641283
260997, 1, 20250122145935.641313
261057, 1, 20250122145936.641332
261117, 1, 20250122145937.641359
261177, 1, 20250122145938.641392
261237, 1, 20250122145939.641436
261297, 1, 20250122145940.641485
261357, 1, 20250122145941.641489
261417, 1, 20250122145942.641508
261477, 1, 20250122145943.641544
261537, 1, 20250122145944.641565
261597, 1, 20250122145945.641594
261657, 1, 20250122145946.641625
261717, 1, 20250122145947.641654
261777, 1, 20250122145948.641687
261837, 1, 20250122145949.641711
261897, 1, 20250122145950.641741
261957, 1, 20250122145951.641774
262017, 1, 20250122145952.641799
262077, 1, 20250122145953.641832
262137, 1, 20250122145954.641853
262197, 1, 20250122145955.641904
262257, 1, 20250122145956.641928
262317, 1, 20250122145957.641943
262377, 1, 20250122145958.641990
262437, 1, 20250122145959.642030
262497, 1, 20250122150000.642029
262557, 1, 20250122150001.642050
262617, 1, 20250122150002.642141
262677, 1, 20250122150003.642121
262737, 1, 20250122150004.642147
262797, 1, 20250122150005.642190
262857, 1, 20250122150006.642199
262917, 1, 20250122150007.642235
262977, 1, 20250122150008.642284
263037, 1, 20250122150009.642318
263097, 1, 20250122150010.642332
263157, 1, 20250122150011.642347
263217, 1, 20250122150012.642406
263277, 1, 20250122150013.642405
263337, 1, 20250122150014.642447
263397, 1, 20250122150015.642481
263457, 1, 20250122150016.642486
263517, 1, 20250122150017.642537
263577, 1, 20250122150018.642551
263637, 1, 20250122150019.642575
263697, 1, 20250122150020.642597
263757, 1, 20250122150021.642635
263817, 1, 20250122150022.642667
263877, 1, 20250122150023.642689
263937, 1, 20250122150024.642713
263997, 1, 20250122150025.642742
264057, 1, 20250122150026.642787
264117, 1, 20250122150027.642803
264177, 1, 20250122150028.642831
264237, 1, 20250122150029.642860
264297, 1, 20250122150030.642889
264357, 1, 20250122150031.642919
264417, 1, 20250122150032.642959
264477, 1, 20250122150033.642980
264537, 1, 20250122150034.643006
264597, 1, 20250122150035.643033
264657, 1, 20250122150036.643062
264717, 1, 20250122150037.643113
264777, 1, 20250122150038.643131
264837, 1, 20250122150039.643153
264897, 1, 20250122150040.643170
264957, 1, 20250122150041.643217
265017, 1, 20250122150042.643237
265077, 1, 20250122150043.643269
265137, 1, 20250122150044.643316
265197, 1, 20250122150045.643342
