17071, 1, 20250112214244.433288
17131, 1, 20250112214245.433331
17191, 1, 20250112214246.433358
17251, 1, 20250112214247.433393
17311, 1, 20250112214248.433419
17371, 1, 20250112214249.433453
17431, 1, 20250112214250.433284
17491, 1, 20250112214251.433306
17551, 1, 20250112214252.433362
17611, 1, 20250112214253.433434
17671, 1, 20250112214254.433462
17731, 1, 20250112214255.433449
17791, 1, 20250112214256.433437
17851, 1, 20250112214257.433526
17911, 1, 20250112214258.433559
17971, 1, 20250112214259.433523
18031, 1, 20250112214300.433593
18091, 1, 20250112214301.433628
18151, 1, 20250112214302.433573
18211, 1, 20250112214303.433758
18271, 1, 20250112214304.433871
18331, 1, 20250112214305.433867
18391, 1, 20250112214306.433931
18451, 1, 20250112214307.433939
18511, 1, 20250112214308.433964
18571, 1, 20250112214309.433964
18631, 1, 20250112214310.434025
18691, 1, 20250112214311.434017
18751, 1, 20250112214312.434078
18811, 1, 20250112214313.434153
18871, 1, 20250112214314.434081
18931, 1, 20250112214315.434171
18991, 1, 20250112214316.434166
19051, 1, 20250112214317.434233
19111, 1, 20250112214318.434267
19171, 1, 20250112214319.434166
19231, 1, 20250112214320.434260
19291, 1, 20250112214321.434343
19351, 1, 20250112214322.434326
19411, 1, 20250112214323.434416
19471, 1, 20250112214324.434380
19531, 1, 20250112214325.434412
19591, 1, 20250112214326.434401
19651, 1, 20250112214327.434487
19711, 1, 20250112214328.434578
19771, 1, 20250112214329.434565
19831, 1, 20250112214330.434625
19891, 1, 20250112214331.434650
19951, 1, 20250112214332.434662
20011, 1, 20250112214333.434659
20071, 1, 20250112214334.434706
20131, 1, 20250112214335.434767
20191, 1, 20250112214336.434775
20251, 1, 20250112214337.434756
20311, 1, 20250112214338.434781
