1482077, 1, 20250117193658.673323
1482137, 1, 20250117193659.673345
1482197, 1, 20250117193700.673371
1482257, 1, 20250117193701.673392
1482317, 1, 20250117193702.673455
1482377, 1, 20250117193703.673477
1482437, 1, 20250117193704.673501
1482497, 1, 20250117193705.673520
1482557, 1, 20250117193706.673544
1482617, 1, 20250117193707.673572
1482677, 1, 20250117193708.673614
1482737, 1, 20250117193709.673639
1482797, 1, 20250117193710.673542
1482857, 1, 20250117193711.673551
1482917, 1, 20250117193712.673602
1482977, 1, 20250117193713.673628
1483037, 1, 20250117193714.673655
1483097, 1, 20250117193715.673679
1483157, 1, 20250117193716.673713
1483217, 1, 20250117193717.673736
1483277, 1, 20250117193718.673774
1483337, 1, 20250117193719.673800
1483397, 1, 20250117193720.673829
1483457, 1, 20250117193721.673858
1483517, 1, 20250117193722.673894
1483577, 1, 20250117193723.673903
1483637, 1, 20250117193724.673938
1483697, 1, 20250117193725.673969
1483757, 1, 20250117193726.673996
1483817, 1, 20250117193727.674174
1483877, 1, 20250117193728.674205
1483937, 1, 20250117193729.674223
1483997, 1, 20250117193730.674236
1484057, 1, 20250117193731.674289
1484117, 1, 20250117193732.674308
1484177, 1, 20250117193733.674340
1484237, 1, 20250117193734.674368
1484297, 1, 20250117193735.674407
1484357, 1, 20250117193736.674426
1484417, 1, 20250117193737.674467
1484477, 1, 20250117193738.674469
1484537, 1, 20250117193739.674508
1484597, 1, 20250117193740.674541
1484657, 1, 20250117193741.674611
1484717, 1, 20250117193742.674627
1484777, 1, 20250117193743.674640
1484837, 1, 20250117193744.674649
1484897, 1, 20250117193745.674691
1484957, 1, 20250117193746.674715
1485017, 1, 20250117193747.674755
1485077, 1, 20250117193748.674779
1485137, 1, 20250117193749.674812
1485197, 1, 20250117193750.674839
1485257, 1, 20250117193751.674874
1485317, 1, 20250117193752.674906
1485377, 1, 20250117193753.674917
1485437, 1, 20250117193754.674944
1485497, 1, 20250117193755.674981
1485557, 1, 20250117193756.675023
1485617, 1, 20250117193757.675028
1485677, 1, 20250117193758.675066
1485737, 1, 20250117193759.675080
1485797, 1, 20250117193800.675124
1485857, 1, 20250117193801.675149
1485917, 1, 20250117193802.675177
1485977, 1, 20250117193803.675216
1486037, 1, 20250117193804.675124
1486097, 1, 20250117193805.675144
1486157, 1, 20250117193806.675304
1486217, 1, 20250117193807.675333
1486277, 1, 20250117193808.675369
1486337, 1, 20250117193809.675389
1486397, 1, 20250117193810.675304
1486457, 1, 20250117193811.675339
1486517, 1, 20250117193812.675358
1486577, 1, 20250117193813.675382
1486637, 1, 20250117193814.675399
1486697, 1, 20250117193815.675563
1486757, 1, 20250117193816.675607
1486817, 1, 20250117193817.675635
1486877, 1, 20250117193818.675654
1486937, 1, 20250117193819.675682
1486997, 1, 20250117193820.675741
1487057, 1, 20250117193821.675757
1487117, 1, 20250117193822.675787
1487177, 1, 20250117193823.675815
1487237, 1, 20250117193824.675837
1487297, 1, 20250117193825.675869
1487357, 1, 20250117193826.675899
1487417, 1, 20250117193827.675921
1487477, 1, 20250117193828.675947
1487537, 1, 20250117193829.675975
1487597, 1, 20250117193830.676023
1487657, 1, 20250117193831.676040
1487717, 1, 20250117193832.676076
1487777, 1, 20250117193833.676093
1487837, 1, 20250117193834.676124
1487897, 1, 20250117193835.676152
1487957, 1, 20250117193836.676194
1488017, 1, 20250117193837.676215
1488077, 1, 20250117193838.676246
1488137, 1, 20250117193839.676267
1488197, 1, 20250117193840.676305
1488257, 1, 20250117193841.676343
1488317, 1, 20250117193842.676357
1488377, 1, 20250117193843.676392
1488437, 1, 20250117193844.676422
1488497, 1, 20250117193845.676449
1488557, 1, 20250117193846.676465
1488617, 1, 20250117193847.676503
1488677, 1, 20250117193848.676541
1488737, 1, 20250117193849.676585
1488797, 1, 20250117193850.676605
1488857, 1, 20250117193851.676606
1488917, 1, 20250117193852.676647
1488977, 1, 20250117193853.676678
1489037, 1, 20250117193854.676711
1489097, 1, 20250117193855.676752
1489157, 1, 20250117193856.676767
1489217, 1, 20250117193857.676785
1489277, 1, 20250117193858.676820
1489337, 1, 20250117193859.676872
1489397, 1, 20250117193900.676912
1489457, 1, 20250117193901.676916
1489517, 1, 20250117193902.676943
1489577, 1, 20250117193903.676971
1489637, 1, 20250117193904.677010
1489697, 1, 20250117193905.677038
1489757, 1, 20250117193906.677078
1489817, 1, 20250117193907.677076
1489877, 1, 20250117193908.677118
1489937, 1, 20250117193909.677148
1489997, 1, 20250117193910.677176
1490057, 1, 20250117193911.677197
1490117, 1, 20250117193912.677231
1490177, 1, 20250117193913.677268
1490237, 1, 20250117193914.677293
1490297, 1, 20250117193915.677326
1490357, 1, 20250117193916.677342
1490417, 1, 20250117193917.677371
1490477, 1, 20250117193918.677422
1490537, 1, 20250117193919.677443
1490597, 1, 20250117193920.677457
1490657, 1, 20250117193921.677490
1490717, 1, 20250117193922.677521
1490777, 1, 20250117193923.677558
1490837, 1, 20250117193924.677583
1490897, 1, 20250117193925.677596
1490957, 1, 20250117193926.677635
1491017, 1, 20250117193927.677661
1491077, 1, 20250117193928.677707
1491137, 1, 20250117193929.677750
1491197, 1, 20250117193930.677753
1491257, 1, 20250117193931.677645
1491317, 1, 20250117193932.677683
1491377, 1, 20250117193933.677709
1491437, 1, 20250117193934.677875
1491497, 1, 20250117193935.677892
1491557, 1, 20250117193936.677926
1491617, 1, 20250117193937.677964
1491677, 1, 20250117193938.677865
1491737, 1, 20250117193939.677867
1491797, 1, 20250117193940.677903
1491857, 1, 20250117193941.677947
1491917, 1, 20250117193942.677964
1491977, 1, 20250117193943.677992
1492037, 1, 20250117193944.678023
1492097, 1, 20250117193945.678055
1492157, 1, 20250117193946.678085
1492217, 1, 20250117193947.678118
1492277, 1, 20250117193948.678137
1492337, 1, 20250117193949.678169
1492397, 1, 20250117193950.678203
1492457, 1, 20250117193951.678232
1492517, 1, 20250117193952.678247
1492577, 1, 20250117193953.678301
1492637, 1, 20250117193954.678319
1492697, 1, 20250117193955.678360
1492757, 1, 20250117193956.678388
