363843, 1, 20250121145948.753176
363903, 1, 20250121145949.753139
363963, 1, 20250121145950.753204
364023, 1, 20250121145951.753199
364083, 1, 20250121145952.753223
364143, 1, 20250121145953.753304
364203, 1, 20250121145954.753292
364263, 1, 20250121145955.753295
364323, 1, 20250121145956.753344
364383, 1, 20250121145957.753381
364443, 1, 20250121145958.753483
364503, 1, 20250121145959.753438
364563, 1, 20250121150000.753490
364623, 1, 20250121150001.753581
364683, 1, 20250121150002.753598
364743, 1, 20250121150003.753550
364803, 1, 20250121150004.753614
364863, 1, 20250121150005.753609
364923, 1, 20250121150006.753673
364983, 1, 20250121150007.753648
365043, 1, 20250121150008.753696
365103, 1, 20250121150009.753721
365163, 1, 20250121150010.753778
365223, 1, 20250121150011.753799
365283, 1, 20250121150012.753825
365343, 1, 20250121150013.753844
365403, 1, 20250121150014.753885
365463, 1, 20250121150015.753915
365523, 1, 20250121150016.753931
365583, 1, 20250121150017.754034
365643, 1, 20250121150018.753999
365703, 1, 20250121150019.754033
365763, 1, 20250121150020.754076
365823, 1, 20250121150021.754099
365883, 1, 20250121150022.754118
365943, 1, 20250121150023.754142
366003, 1, 20250121150024.754246
366063, 1, 20250121150025.754206
366123, 1, 20250121150026.754236
366183, 1, 20250121150027.754272
366243, 1, 20250121150028.754301
366303, 1, 20250121150029.754326
366363, 1, 20250121150030.754419
366423, 1, 20250121150031.754380
366483, 1, 20250121150032.754422
366543, 1, 20250121150033.754403
366603, 1, 20250121150034.754478
366663, 1, 20250121150035.754502
366723, 1, 20250121150036.754535
366783, 1, 20250121150037.754563
366843, 1, 20250121150038.754595
366903, 1, 20250121150039.754673
366963, 1, 20250121150040.754668
367023, 1, 20250121150041.754690
367083, 1, 20250121150042.754712
367143, 1, 20250121150043.754825
367203, 1, 20250121150044.754777
367263, 1, 20250121150045.754789
367323, 1, 20250121150046.754828
367383, 1, 20250121150047.754862
367443, 1, 20250121150048.754972
367503, 1, 20250121150049.754977
367563, 1, 20250121150050.754973
367623, 1, 20250121150051.755052
367683, 1, 20250121150052.755083
367743, 1, 20250121150053.755116
367803, 1, 20250121150054.755145
367863, 1, 20250121150055.755085
367923, 1, 20250121150056.755208
367983, 1, 20250121150057.755202
368043, 1, 20250121150058.755244
368103, 1, 20250121150059.755278
368163, 1, 20250121150100.755280
368223, 1, 20250121150101.755273
368283, 1, 20250121150102.755384
368343, 1, 20250121150103.755332
368403, 1, 20250121150104.755361
368463, 1, 20250121150105.755389
368523, 1, 20250121150106.755460
368583, 1, 20250121150107.755451
368643, 1, 20250121150108.755478
368703, 1, 20250121150109.755564
368763, 1, 20250121150110.755569
368823, 1, 20250121150111.755537
368883, 1, 20250121150112.755603
368943, 1, 20250121150113.755623
369003, 1, 20250121150114.755735
369063, 1, 20250121150115.755683
369123, 1, 20250121150116.755712
369183, 1, 20250121150117.755753
369243, 1, 20250121150118.755789
369303, 1, 20250121150119.755825
369363, 1, 20250121150120.755830
369423, 1, 20250121150121.755863
369483, 1, 20250121150122.755940
369543, 1, 20250121150123.755939
369603, 1, 20250121150124.755905
369663, 1, 20250121150125.755984
369723, 1, 20250121150126.756099
369783, 1, 20250121150127.756116
369843, 1, 20250121150128.756123
369903, 1, 20250121150129.756185
369963, 1, 20250121150130.756161
370023, 1, 20250121150131.756158
370083, 1, 20250121150132.756177
370143, 1, 20250121150133.756216
370203, 1, 20250121150134.756320
370263, 1, 20250121150135.756273
370323, 1, 20250121150136.756311
370383, 1, 20250121150137.756307
370443, 1, 20250121150138.756401
370503, 1, 20250121150139.756391
370563, 1, 20250121150140.756422
370623, 1, 20250121150141.756450
370683, 1, 20250121150142.756478
370743, 1, 20250121150143.756519
370803, 1, 20250121150144.756589
370863, 1, 20250121150145.756578
370923, 1, 20250121150146.756606
370983, 1, 20250121150147.756628
371043, 1, 20250121150148.756678
371103, 1, 20250121150149.756686
371163, 1, 20250121150150.756722
371223, 1, 20250121150151.756822
371283, 1, 20250121150152.756771
371343, 1, 20250121150153.756800
371403, 1, 20250121150154.756910
371463, 1, 20250121150155.756864
371523, 1, 20250121150156.756925
371583, 1, 20250121150157.757025
371643, 1, 20250121150158.756969
371703, 1, 20250121150159.756977
371763, 1, 20250121150200.757086
371823, 1, 20250121150201.757042
371883, 1, 20250121150202.757076
371943, 1, 20250121150203.757106
372003, 1, 20250121150204.757137
372063, 1, 20250121150205.757159
372123, 1, 20250121150206.757257
372183, 1, 20250121150207.757272
372243, 1, 20250121150208.757267
372303, 1, 20250121150209.757275
372363, 1, 20250121150210.757302
372423, 1, 20250121150211.757328
372483, 1, 20250121150212.757438
372543, 1, 20250121150213.757389
372603, 1, 20250121150214.757460
372663, 1, 20250121150215.757414
372723, 1, 20250121150216.757488
372783, 1, 20250121150217.757510
372843, 1, 20250121150218.757620
372903, 1, 20250121150219.757644
372963, 1, 20250121150220.757636
373023, 1, 20250121150221.757620
373083, 1, 20250121150222.757741
373143, 1, 20250121150223.757687
373203, 1, 20250121150224.757745
373263, 1, 20250121150225.757746
373323, 1, 20250121150226.757829
373383, 1, 20250121150227.757888
373443, 1, 20250121150228.757786
373503, 1, 20250121150229.757873
373563, 1, 20250121150230.757896
373623, 1, 20250121150231.757924
373683, 1, 20250121150232.758033
373743, 1, 20250121150233.757988
373803, 1, 20250121150234.758050
373863, 1, 20250121150235.758036
373923, 1, 20250121150236.758121
373983, 1, 20250121150237.758116
374043, 1, 20250121150238.758124
374103, 1, 20250121150239.758178
374163, 1, 20250121150240.758228
374223, 1, 20250121150241.758173
374283, 1, 20250121150242.758241
374343, 1, 20250121150243.758345
374403, 1, 20250121150244.758305
374463, 1, 20250121150245.758411
374523, 1, 20250121150246.758466
