353043, 1, 20241223164422.808028
353103, 1, 20241223164423.808087
353163, 1, 20241223164424.808020
353223, 1, 20241223164425.808089
353283, 1, 20241223164426.808072
353343, 1, 20241223164427.808121
353403, 1, 20241223164428.808197
353463, 1, 20241223164429.808152
353523, 1, 20241223164430.808257
353583, 1, 20241223164431.808224
353643, 1, 20241223164432.808321
353703, 1, 20241223164433.808377
353763, 1, 20241223164434.808348
353823, 1, 20241223164435.808374
353883, 1, 20241223164436.808402
353943, 1, 20241223164437.808476
354003, 1, 20241223164438.808427
354063, 1, 20241223164439.808464
354123, 1, 20241223164440.808552
354183, 1, 20241223164441.808577
354243, 1, 20241223164442.808516
354303, 1, 20241223164443.808645
354363, 1, 20241223164444.808596
354423, 1, 20241223164445.808628
354483, 1, 20241223164446.808672
354543, 1, 20241223164447.808731
354603, 1, 20241223164448.808793
354663, 1, 20241223164449.808784
354723, 1, 20241223164450.808851
