629539, 1, 20250111163928.072197
629599, 1, 20250111163929.072231
629659, 1, 20250111163930.072254
629719, 1, 20250111163931.072272
629779, 1, 20250111163932.072312
629839, 1, 20250111163933.072356
629899, 1, 20250111163934.072387
629959, 1, 20250111163935.072408
630019, 1, 20250111163936.072422
630079, 1, 20250111163937.072448
630139, 1, 20250111163938.072401
630199, 1, 20250111163939.072508
630259, 1, 20250111163940.072539
630319, 1, 20250111163941.072580
630379, 1, 20250111163942.072603
630439, 1, 20250111163943.072621
630499, 1, 20250111163944.072660
630559, 1, 20250111163945.072694
630619, 1, 20250111163946.072721
630679, 1, 20250111163947.072750
630739, 1, 20250111163948.072788
630799, 1, 20250111163949.072824
630859, 1, 20250111163950.072839
630919, 1, 20250111163951.072881
630979, 1, 20250111163952.072899
631039, 1, 20250111163953.072951
631099, 1, 20250111163954.072962
631159, 1, 20250111163955.072984
631219, 1, 20250111163956.073015
631279, 1, 20250111163957.073039
631339, 1, 20250111163958.073075
631399, 1, 20250111163959.073106
631459, 1, 20250111164000.073138
631519, 1, 20250111164001.073168
631579, 1, 20250111164002.073199
631639, 1, 20250111164003.073241
631699, 1, 20250111164004.073283
631759, 1, 20250111164005.073286
631819, 1, 20250111164006.073310
631879, 1, 20250111164007.073335
631939, 1, 20250111164008.073376
631999, 1, 20250111164009.073405
632059, 1, 20250111164010.073416
632119, 1, 20250111164011.073473
632179, 1, 20250111164012.073479
632239, 1, 20250111164013.073512
