7299, 1, 20250106125045.430941
7359, 1, 20250106125046.430988
7419, 1, 20250106125047.431004
7479, 1, 20250106125048.431132
7539, 1, 20250106125049.431086
7599, 1, 20250106125050.431094
7659, 1, 20250106125051.431136
7719, 1, 20250106125052.431134
7779, 1, 20250106125053.431194
7839, 1, 20250106125054.431225
7899, 1, 20250106125055.431247
7959, 1, 20250106125056.431347
8019, 1, 20250106125057.431387
8079, 1, 20250106125058.431339
8139, 1, 20250106125059.431372
8199, 1, 20250106125100.431396
8259, 1, 20250106125101.431431
8319, 1, 20250106125102.431462
8379, 1, 20250106125103.431484
8439, 1, 20250106125104.431520
