265265, 1, 20250122150046.776722
265325, 1, 20250122150047.776710
265385, 1, 20250122150048.776740
265445, 1, 20250122150049.776762
265505, 1, 20250122150050.776814
265565, 1, 20250122150051.776822
265625, 1, 20250122150052.776852
265685, 1, 20250122150053.776904
265745, 1, 20250122150054.776911
265805, 1, 20250122150055.776930
265865, 1, 20250122150056.776967
265925, 1, 20250122150057.776998
265985, 1, 20250122150058.776988
266045, 1, 20250122150059.776952
266105, 1, 20250122150100.777033
266165, 1, 20250122150101.777071
266225, 1, 20250122150102.777067
266285, 1, 20250122150103.777241
266345, 1, 20250122150104.777220
266405, 1, 20250122150105.777240
266465, 1, 20250122150106.777241
266525, 1, 20250122150107.777286
266585, 1, 20250122150108.777323
266645, 1, 20250122150109.777335
266705, 1, 20250122150110.777467
266765, 1, 20250122150111.777293
266825, 1, 20250122150112.777498
266885, 1, 20250122150113.777463
266945, 1, 20250122150114.777549
267005, 1, 20250122150115.777513
267065, 1, 20250122150116.777632
267125, 1, 20250122150117.777652
267185, 1, 20250122150118.777650
267245, 1, 20250122150119.777654
267305, 1, 20250122150120.777751
267365, 1, 20250122150121.777775
267425, 1, 20250122150122.777754
267485, 1, 20250122150123.777767
267545, 1, 20250122150124.777817
267605, 1, 20250122150125.777953
