312487, 1, 20250111222143.847756
312547, 1, 20250111222144.847796
312607, 1, 20250111222145.847816
312667, 1, 20250111222146.847847
312727, 1, 20250111222147.847863
312787, 1, 20250111222148.847891
312847, 1, 20250111222149.847940
312907, 1, 20250111222150.847953
312967, 1, 20250111222151.847994
313027, 1, 20250111222152.848018
313087, 1, 20250111222153.848054
313147, 1, 20250111222154.848083
313207, 1, 20250111222155.848108
313267, 1, 20250111222156.848130
313327, 1, 20250111222157.848032
313387, 1, 20250111222158.848056
313447, 1, 20250111222159.848116
313507, 1, 20250111222200.848274
313567, 1, 20250111222201.848283
313627, 1, 20250111222202.848325
313687, 1, 20250111222203.848353
313747, 1, 20250111222204.848380
313807, 1, 20250111222205.848407
313867, 1, 20250111222206.848432
313927, 1, 20250111222207.848459
313987, 1, 20250111222208.848477
314047, 1, 20250111222209.848548
314107, 1, 20250111222210.848575
314167, 1, 20250111222211.848589
314227, 1, 20250111222212.848598
314287, 1, 20250111222213.848634
314347, 1, 20250111222214.848679
314407, 1, 20250111222215.848704
314467, 1, 20250111222216.848724
314527, 1, 20250111222217.848759
314587, 1, 20250111222218.848792
314647, 1, 20250111222219.848819
314707, 1, 20250111222220.848840
314767, 1, 20250111222221.848864
314827, 1, 20250111222222.848913
314887, 1, 20250111222223.848936
