117817, 1, 20241220161105.143096
117877, 1, 20241220161106.143141
117937, 1, 20241220161107.143163
117997, 1, 20241220161108.143182
118057, 1, 20241220161109.143223
118117, 1, 20241220161110.143241
118177, 1, 20241220161111.143269
118237, 1, 20241220161112.143313
118297, 1, 20241220161113.143346
118357, 1, 20241220161114.143371
118417, 1, 20241220161115.143400
118477, 1, 20241220161116.143431
118537, 1, 20241220161117.143457
118597, 1, 20241220161118.143474
118657, 1, 20241220161119.143533
118717, 1, 20241220161120.143544
118777, 1, 20241220161121.143569
118837, 1, 20241220161122.143610
118897, 1, 20241220161123.143630
118957, 1, 20241220161124.143663
119017, 1, 20241220161125.143686
119077, 1, 20241220161126.143721
119137, 1, 20241220161127.143748
119197, 1, 20241220161128.143787
119257, 1, 20241220161129.143824
119317, 1, 20241220161130.143852
119377, 1, 20241220161131.143868
119437, 1, 20241220161132.143894
119497, 1, 20241220161133.143918
119557, 1, 20241220161134.143955
119617, 1, 20241220161135.143985
119677, 1, 20241220161136.144004
119737, 1, 20241220161137.144027
119797, 1, 20241220161138.144088
119857, 1, 20241220161139.144096
119917, 1, 20241220161140.144120
119977, 1, 20241220161141.144158
120037, 1, 20241220161142.144183
120097, 1, 20241220161143.144210
120157, 1, 20241220161144.144233
120217, 1, 20241220161145.144269
120277, 1, 20241220161146.144296
120337, 1, 20241220161147.144328
120397, 1, 20241220161148.144346
120457, 1, 20241220161149.144385
120517, 1, 20241220161150.144419
120577, 1, 20241220161151.144439
120637, 1, 20241220161152.144476
120697, 1, 20241220161153.144507
120757, 1, 20241220161154.144546
120817, 1, 20241220161155.144556
120877, 1, 20241220161156.144599
120937, 1, 20241220161157.144608
120997, 1, 20241220161158.144668
121057, 1, 20241220161159.144701
121117, 1, 20241220161200.144711
121177, 1, 20241220161201.144736
121237, 1, 20241220161202.144776
121297, 1, 20241220161203.144795
121357, 1, 20241220161204.144780
121417, 1, 20241220161205.144855
121477, 1, 20241220161206.144884
121537, 1, 20241220161207.144905
121597, 1, 20241220161208.144953
121657, 1, 20241220161209.144988
121717, 1, 20241220161210.145000
121777, 1, 20241220161211.145030
121837, 1, 20241220161212.145065
121897, 1, 20241220161213.145085
121957, 1, 20241220161214.145117
122017, 1, 20241220161215.145140
122077, 1, 20241220161216.145168
122137, 1, 20241220161217.145206
122197, 1, 20241220161218.145238
122257, 1, 20241220161219.145273
122317, 1, 20241220161220.145286
122377, 1, 20241220161221.145306
122437, 1, 20241220161222.145349
122497, 1, 20241220161223.145378
122557, 1, 20241220161224.145415
122617, 1, 20241220161225.145441
122677, 1, 20241220161226.145468
122737, 1, 20241220161227.145513
122797, 1, 20241220161228.145549
122857, 1, 20241220161229.145560
122917, 1, 20241220161230.145588
122977, 1, 20241220161231.145606
123037, 1, 20241220161232.145656
123097, 1, 20241220161233.145675
123157, 1, 20241220161234.145693
123217, 1, 20241220161235.145730
123277, 1, 20241220161236.145757
123337, 1, 20241220161237.145811
123397, 1, 20241220161238.145842
123457, 1, 20241220161239.145839
123517, 1, 20241220161240.145879
123577, 1, 20241220161241.145888
123637, 1, 20241220161242.145929
123697, 1, 20241220161243.145967
123757, 1, 20241220161244.145993
123817, 1, 20241220161245.146022
123877, 1, 20241220161246.146051
123937, 1, 20241220161247.146113
123997, 1, 20241220161248.146127
124057, 1, 20241220161249.146144
124117, 1, 20241220161250.146177
124177, 1, 20241220161251.146217
124237, 1, 20241220161252.146244
124297, 1, 20241220161253.146258
124357, 1, 20241220161254.146307
124417, 1, 20241220161255.146324
124477, 1, 20241220161256.146345
124537, 1, 20241220161257.146380
124597, 1, 20241220161258.146414
124657, 1, 20241220161259.146441
124717, 1, 20241220161300.146472
124777, 1, 20241220161301.146494
124837, 1, 20241220161302.146526
124897, 1, 20241220161303.146557
124957, 1, 20241220161304.146573
125017, 1, 20241220161305.146617
125077, 1, 20241220161306.146658
125137, 1, 20241220161307.146693
125197, 1, 20241220161308.146711
125257, 1, 20241220161309.146744
125317, 1, 20241220161310.146761
125377, 1, 20241220161311.146784
125437, 1, 20241220161312.146820
125497, 1, 20241220161313.146852
125557, 1, 20241220161314.146873
125617, 1, 20241220161315.146904
125677, 1, 20241220161316.146945
125737, 1, 20241220161317.146981
125797, 1, 20241220161318.146995
125857, 1, 20241220161319.147033
125917, 1, 20241220161320.147049
125977, 1, 20241220161321.147081
126037, 1, 20241220161322.147108
126097, 1, 20241220161323.147139
126157, 1, 20241220161324.147156
126217, 1, 20241220161325.147195
126277, 1, 20241220161326.147248
126337, 1, 20241220161327.147254
126397, 1, 20241220161328.147289
126457, 1, 20241220161329.147310
126517, 1, 20241220161330.147348
126577, 1, 20241220161331.147367
126637, 1, 20241220161332.147397
126697, 1, 20241220161333.147425
126757, 1, 20241220161334.147453
126817, 1, 20241220161335.147494
126877, 1, 20241220161336.147526
126937, 1, 20241220161337.147554
126997, 1, 20241220161338.147568
127057, 1, 20241220161339.147602
127117, 1, 20241220161340.147629
127177, 1, 20241220161341.147661
127237, 1, 20241220161342.147694
127297, 1, 20241220161343.147720
127357, 1, 20241220161344.147761
127417, 1, 20241220161345.147772
127477, 1, 20241220161346.147814
127537, 1, 20241220161347.147821
127597, 1, 20241220161348.147856
127657, 1, 20241220161349.147894
127717, 1, 20241220161350.147912
127777, 1, 20241220161351.147948
127837, 1, 20241220161352.147977
127897, 1, 20241220161353.147988
127957, 1, 20241220161354.148035
128017, 1, 20241220161355.148087
128077, 1, 20241220161356.148099
128137, 1, 20241220161357.148123
128197, 1, 20241220161358.148147
128257, 1, 20241220161359.148185
128317, 1, 20241220161400.148203
128377, 1, 20241220161401.148240
128437, 1, 20241220161402.148271
128497, 1, 20241220161403.148293
128557, 1, 20241220161404.148342
