230257, 1, 20241222122434.244549
230317, 1, 20241222122435.244596
230377, 1, 20241222122436.244599
230437, 1, 20241222122437.244628
230497, 1, 20241222122438.244664
230557, 1, 20241222122439.244681
230617, 1, 20241222122440.244720
230677, 1, 20241222122441.244754
230737, 1, 20241222122442.244777
230797, 1, 20241222122443.244800
230857, 1, 20241222122444.244834
230917, 1, 20241222122445.244867
230977, 1, 20241222122446.244898
231037, 1, 20241222122447.244915
231097, 1, 20241222122448.244940
231157, 1, 20241222122449.244973
231217, 1, 20241222122450.244998
231277, 1, 20241222122451.245037
231337, 1, 20241222122452.245054
231397, 1, 20241222122453.245088
231457, 1, 20241222122454.245122
231517, 1, 20241222122455.245163
231577, 1, 20241222122456.245167
231637, 1, 20241222122457.245210
231697, 1, 20241222122458.245228
231757, 1, 20241222122459.245257
231817, 1, 20241222122500.245287
231877, 1, 20241222122501.245327
231937, 1, 20241222122502.245351
231997, 1, 20241222122503.245384
232057, 1, 20241222122504.245417
232117, 1, 20241222122505.245441
232177, 1, 20241222122506.245462
232237, 1, 20241222122507.245497
232297, 1, 20241222122508.245520
232357, 1, 20241222122509.245543
232417, 1, 20241222122510.245591
232477, 1, 20241222122511.245618
232537, 1, 20241222122512.245651
232597, 1, 20241222122513.245670
232657, 1, 20241222122514.245718
232717, 1, 20241222122515.245754
232777, 1, 20241222122516.245764
232837, 1, 20241222122517.245799
232897, 1, 20241222122518.245827
232957, 1, 20241222122519.245848
233017, 1, 20241222122520.245868
233077, 1, 20241222122521.245902
233137, 1, 20241222122522.245934
233197, 1, 20241222122523.245976
233257, 1, 20241222122524.246021
233317, 1, 20241222122525.246052
233377, 1, 20241222122526.246052
233437, 1, 20241222122527.246082
233497, 1, 20241222122528.246121
233557, 1, 20241222122529.246148
233617, 1, 20241222122530.246177
233677, 1, 20241222122531.246206
233737, 1, 20241222122532.246227
233797, 1, 20241222122533.246252
233857, 1, 20241222122534.246280
233917, 1, 20241222122535.246311
233977, 1, 20241222122536.246352
234037, 1, 20241222122537.246366
234097, 1, 20241222122538.246397
234157, 1, 20241222122539.246433
234217, 1, 20241222122540.246467
234277, 1, 20241222122541.246496
234337, 1, 20241222122542.246511
234397, 1, 20241222122543.246552
234457, 1, 20241222122544.246573
234517, 1, 20241222122545.246611
234577, 1, 20241222122546.246642
234637, 1, 20241222122547.246669
234697, 1, 20241222122548.246700
234757, 1, 20241222122549.246723
234817, 1, 20241222122550.246740
234877, 1, 20241222122551.246776
234937, 1, 20241222122552.246824
234997, 1, 20241222122553.246848
235057, 1, 20241222122554.246891
235117, 1, 20241222122555.246906
235177, 1, 20241222122556.246939
235237, 1, 20241222122557.246952
235297, 1, 20241222122558.246988
235357, 1, 20241222122559.247021
235417, 1, 20241222122600.247054
235477, 1, 20241222122601.247067
235537, 1, 20241222122602.247098
235597, 1, 20241222122603.247154
235657, 1, 20241222122604.247183
235717, 1, 20241222122605.247190
235777, 1, 20241222122606.247215
235837, 1, 20241222122607.247257
235897, 1, 20241222122608.247292
235957, 1, 20241222122609.247312
236017, 1, 20241222122610.247337
