256055, 1, 20250110203455.177018
256115, 1, 20250110203456.177063
256175, 1, 20250110203457.177064
256235, 1, 20250110203458.177126
256295, 1, 20250110203459.177156
256355, 1, 20250110203500.177159
256415, 1, 20250110203501.177189
256475, 1, 20250110203502.177228
256535, 1, 20250110203503.177263
256595, 1, 20250110203504.177295
256655, 1, 20250110203505.177314
256715, 1, 20250110203506.177331
256775, 1, 20250110203507.177367
256835, 1, 20250110203508.177427
256895, 1, 20250110203509.177444
256955, 1, 20250110203510.177462
257015, 1, 20250110203511.177498
257075, 1, 20250110203512.177532
257135, 1, 20250110203513.177558
257195, 1, 20250110203514.177582
257255, 1, 20250110203515.177611
257315, 1, 20250110203516.177659
257375, 1, 20250110203517.177683
257435, 1, 20250110203518.177704
257495, 1, 20250110203519.177735
257555, 1, 20250110203520.177753
257615, 1, 20250110203521.177800
257675, 1, 20250110203522.177826
257735, 1, 20250110203523.177848
257795, 1, 20250110203524.177876
257855, 1, 20250110203525.177901
257915, 1, 20250110203526.177936
257975, 1, 20250110203527.177975
258035, 1, 20250110203528.178011
258095, 1, 20250110203529.178035
258155, 1, 20250110203530.178052
258215, 1, 20250110203531.178087
258275, 1, 20250110203532.178117
258335, 1, 20250110203533.178141
258395, 1, 20250110203534.178174
258455, 1, 20250110203535.178214
