63453, 1, 20241220155559.040646
63513, 1, 20241220155600.040699
63573, 1, 20241220155601.040709
63633, 1, 20241220155602.040726
63693, 1, 20241220155603.040759
63753, 1, 20241220155604.040786
63813, 1, 20241220155605.040822
63873, 1, 20241220155606.040848
63933, 1, 20241220155607.040887
63993, 1, 20241220155608.040898
64053, 1, 20241220155609.040934
64113, 1, 20241220155610.040971
64173, 1, 20241220155611.040978
64233, 1, 20241220155612.041028
64293, 1, 20241220155613.041049
64353, 1, 20241220155614.041102
64413, 1, 20241220155615.041129
64473, 1, 20241220155616.041142
64533, 1, 20241220155617.041169
64593, 1, 20241220155618.041192
64653, 1, 20241220155619.041225
64713, 1, 20241220155620.041251
64773, 1, 20241220155621.041285
64833, 1, 20241220155622.041318
64893, 1, 20241220155623.041334
64953, 1, 20241220155624.041377
65013, 1, 20241220155625.041428
65073, 1, 20241220155626.041426
65133, 1, 20241220155627.041456
65193, 1, 20241220155628.041480
65253, 1, 20241220155629.041517
65313, 1, 20241220155630.041539
65373, 1, 20241220155631.041572
65433, 1, 20241220155632.041603
65493, 1, 20241220155633.041634
65553, 1, 20241220155634.041683
65613, 1, 20241220155635.041693
65673, 1, 20241220155636.041722
65733, 1, 20241220155637.041753
65793, 1, 20241220155638.041775
65853, 1, 20241220155639.041806
65913, 1, 20241220155640.041837
65973, 1, 20241220155641.041873
66033, 1, 20241220155642.041889
66093, 1, 20241220155643.041932
66153, 1, 20241220155644.041950
66213, 1, 20241220155645.041984
66273, 1, 20241220155646.042006
66333, 1, 20241220155647.042028
66393, 1, 20241220155648.042068
66453, 1, 20241220155649.042084
66513, 1, 20241220155650.042138
66573, 1, 20241220155651.042166
66633, 1, 20241220155652.042184
66693, 1, 20241220155653.042226
66753, 1, 20241220155654.042253
66813, 1, 20241220155655.042275
66873, 1, 20241220155656.042308
66933, 1, 20241220155657.042339
66993, 1, 20241220155658.042365
67053, 1, 20241220155659.042392
67113, 1, 20241220155700.042416
67173, 1, 20241220155701.042441
67233, 1, 20241220155702.042476
67293, 1, 20241220155703.042519
67353, 1, 20241220155704.042555
67413, 1, 20241220155705.042561
67473, 1, 20241220155706.042589
67533, 1, 20241220155707.042614
67593, 1, 20241220155708.042648
67653, 1, 20241220155709.042682
67713, 1, 20241220155710.042710
67773, 1, 20241220155711.042740
67833, 1, 20241220155712.042774
67893, 1, 20241220155713.042790
67953, 1, 20241220155714.042830
68013, 1, 20241220155715.042851
68073, 1, 20241220155716.042877
68133, 1, 20241220155717.042902
68193, 1, 20241220155718.042926
68253, 1, 20241220155719.042964
68313, 1, 20241220155720.042990
68373, 1, 20241220155721.043021
68433, 1, 20241220155722.043052
68493, 1, 20241220155723.043091
68553, 1, 20241220155724.043106
68613, 1, 20241220155725.043137
68673, 1, 20241220155726.043159
68733, 1, 20241220155727.043195
68793, 1, 20241220155728.043222
68853, 1, 20241220155729.043255
68913, 1, 20241220155730.043288
68973, 1, 20241220155731.043308
69033, 1, 20241220155732.043365
69093, 1, 20241220155733.043406
69153, 1, 20241220155734.043395
69213, 1, 20241220155735.043440
69273, 1, 20241220155736.043448
69333, 1, 20241220155737.043484
69393, 1, 20241220155738.043510
69453, 1, 20241220155739.043553
69513, 1, 20241220155740.043566
69573, 1, 20241220155741.043602
69633, 1, 20241220155742.043649
69693, 1, 20241220155743.043678
69753, 1, 20241220155744.043705
69813, 1, 20241220155745.043726
69873, 1, 20241220155746.043740
69933, 1, 20241220155747.043770
69993, 1, 20241220155748.043803
70053, 1, 20241220155749.043840
70113, 1, 20241220155750.043865
70173, 1, 20241220155751.043895
70233, 1, 20241220155752.043939
70293, 1, 20241220155753.043962
70353, 1, 20241220155754.043979
70413, 1, 20241220155755.044000
70473, 1, 20241220155756.044035
70533, 1, 20241220155757.044066
70593, 1, 20241220155758.044094
70653, 1, 20241220155759.044126
70713, 1, 20241220155800.044153
70773, 1, 20241220155801.044214
70833, 1, 20241220155802.044231
70893, 1, 20241220155803.044243
70953, 1, 20241220155804.044264
71013, 1, 20241220155805.044301
71073, 1, 20241220155806.044325
71133, 1, 20241220155807.044359
71193, 1, 20241220155808.044384
71253, 1, 20241220155809.044420
71313, 1, 20241220155810.044444
71373, 1, 20241220155811.044495
71433, 1, 20241220155812.044523
71493, 1, 20241220155813.044538
71553, 1, 20241220155814.044555
71613, 1, 20241220155815.044579
71673, 1, 20241220155816.044625
71733, 1, 20241220155817.044651
71793, 1, 20241220155818.044680
71853, 1, 20241220155819.044719
71913, 1, 20241220155820.044737
71973, 1, 20241220155821.044785
72033, 1, 20241220155822.044797
72093, 1, 20241220155823.044817
72153, 1, 20241220155824.044850
72213, 1, 20241220155825.044889
72273, 1, 20241220155826.044913
72333, 1, 20241220155827.044941
72393, 1, 20241220155828.044977
72453, 1, 20241220155829.045000
72513, 1, 20241220155830.045031
72573, 1, 20241220155831.045059
72633, 1, 20241220155832.045088
72693, 1, 20241220155833.045115
72753, 1, 20241220155834.045144
72813, 1, 20241220155835.045159
72873, 1, 20241220155836.045190
72933, 1, 20241220155837.045239
72993, 1, 20241220155838.045262
73053, 1, 20241220155839.045295
73113, 1, 20241220155840.045340
73173, 1, 20241220155841.045378
73233, 1, 20241220155842.045371
73293, 1, 20241220155843.045399
73353, 1, 20241220155844.045434
73413, 1, 20241220155845.045474
73473, 1, 20241220155846.045489
73533, 1, 20241220155847.045534
73593, 1, 20241220155848.045552
73653, 1, 20241220155849.045600
73713, 1, 20241220155850.045628
73773, 1, 20241220155851.045665
73833, 1, 20241220155852.045667
73893, 1, 20241220155853.045704
73953, 1, 20241220155854.045723
74013, 1, 20241220155855.045761
74073, 1, 20241220155856.045773
74133, 1, 20241220155857.045811
74193, 1, 20241220155858.045840
