234761, 1, 20250106135356.610598
234821, 1, 20250106135357.610642
234881, 1, 20250106135358.610735
234941, 1, 20250106135359.610696
235001, 1, 20250106135400.610717
235061, 1, 20250106135401.610809
235121, 1, 20250106135402.610807
235181, 1, 20250106135403.610820
235241, 1, 20250106135404.610848
235301, 1, 20250106135405.610876
235361, 1, 20250106135406.610915
235421, 1, 20250106135407.610932
235481, 1, 20250106135408.610946
235541, 1, 20250106135409.610991
235601, 1, 20250106135410.611017
235661, 1, 20250106135411.611047
235721, 1, 20250106135412.611154
235781, 1, 20250106135413.611105
235841, 1, 20250106135414.611130
235901, 1, 20250106135415.611161
235961, 1, 20250106135416.611195
236021, 1, 20250106135417.611218
236081, 1, 20250106135418.611262
236141, 1, 20250106135419.611279
236201, 1, 20250106135420.611373
236261, 1, 20250106135421.611373
236321, 1, 20250106135422.611373
236381, 1, 20250106135423.611407
236441, 1, 20250106135424.611438
236501, 1, 20250106135425.611473
