107023, 1, 20241220160805.237918
107083, 1, 20241220160806.237947
107143, 1, 20241220160807.237961
107203, 1, 20241220160808.238013
107263, 1, 20241220160809.238028
107323, 1, 20241220160810.238082
107383, 1, 20241220160811.238095
107443, 1, 20241220160812.238109
107503, 1, 20241220160813.238152
107563, 1, 20241220160814.238166
107623, 1, 20241220160815.238196
107683, 1, 20241220160816.238234
107743, 1, 20241220160817.238259
107803, 1, 20241220160818.238292
107863, 1, 20241220160819.238344
107923, 1, 20241220160820.238363
107983, 1, 20241220160821.238365
108043, 1, 20241220160822.238408
108103, 1, 20241220160823.238432
108163, 1, 20241220160824.238462
108223, 1, 20241220160825.238496
108283, 1, 20241220160826.238526
108343, 1, 20241220160827.238548
108403, 1, 20241220160828.238568
108463, 1, 20241220160829.238632
108523, 1, 20241220160830.238661
108583, 1, 20241220160831.238658
108643, 1, 20241220160832.238703
108703, 1, 20241220160833.238720
108763, 1, 20241220160834.238759
108823, 1, 20241220160835.238780
108883, 1, 20241220160836.238816
108943, 1, 20241220160837.238838
109003, 1, 20241220160838.238881
109063, 1, 20241220160839.238892
109123, 1, 20241220160840.238910
109183, 1, 20241220160841.238961
109243, 1, 20241220160842.238974
109303, 1, 20241220160843.239022
109363, 1, 20241220160844.239036
109423, 1, 20241220160845.239080
109483, 1, 20241220160846.239101
109543, 1, 20241220160847.239127
109603, 1, 20241220160848.239185
109663, 1, 20241220160849.239203
109723, 1, 20241220160850.239208
109783, 1, 20241220160851.239229
109843, 1, 20241220160852.239265
109903, 1, 20241220160853.239303
109963, 1, 20241220160854.239326
110023, 1, 20241220160855.239352
110083, 1, 20241220160856.239386
110143, 1, 20241220160857.239417
110203, 1, 20241220160858.239463
110263, 1, 20241220160859.239492
110323, 1, 20241220160900.239495
110383, 1, 20241220160901.239525
110443, 1, 20241220160902.239554
110503, 1, 20241220160903.239595
110563, 1, 20241220160904.239623
110623, 1, 20241220160905.239631
110683, 1, 20241220160906.239676
110743, 1, 20241220160907.239712
110803, 1, 20241220160908.239757
110863, 1, 20241220160909.239758
110923, 1, 20241220160910.239793
110983, 1, 20241220160911.239808
111043, 1, 20241220160912.239842
111103, 1, 20241220160913.239866
111163, 1, 20241220160914.239904
111223, 1, 20241220160915.239936
111283, 1, 20241220160916.239969
111343, 1, 20241220160917.239990
111403, 1, 20241220160918.240016
111463, 1, 20241220160919.240048
111523, 1, 20241220160920.240088
111583, 1, 20241220160921.240102
111643, 1, 20241220160922.240140
111703, 1, 20241220160923.240165
111763, 1, 20241220160924.240203
111823, 1, 20241220160925.240219
111883, 1, 20241220160926.240257
111943, 1, 20241220160927.240297
112003, 1, 20241220160928.240326
112063, 1, 20241220160929.240334
112123, 1, 20241220160930.240361
112183, 1, 20241220160931.240406
112243, 1, 20241220160932.240425
112303, 1, 20241220160933.240442
112363, 1, 20241220160934.240474
112423, 1, 20241220160935.240508
112483, 1, 20241220160936.240531
112543, 1, 20241220160937.240591
112603, 1, 20241220160938.240616
112663, 1, 20241220160939.240616
112723, 1, 20241220160940.240654
112783, 1, 20241220160941.240685
112843, 1, 20241220160942.240712
112903, 1, 20241220160943.240742
112963, 1, 20241220160944.240762
113023, 1, 20241220160945.240791
113083, 1, 20241220160946.240848
113143, 1, 20241220160947.240859
113203, 1, 20241220160948.240887
113263, 1, 20241220160949.240914
113323, 1, 20241220160950.240940
113383, 1, 20241220160951.240977
113443, 1, 20241220160952.240989
113503, 1, 20241220160953.241032
113563, 1, 20241220160954.241048
113623, 1, 20241220160955.241095
113683, 1, 20241220160956.241126
113743, 1, 20241220160957.241137
113803, 1, 20241220160958.241168
113863, 1, 20241220160959.241206
113923, 1, 20241220161000.241223
113983, 1, 20241220161001.241264
114043, 1, 20241220161002.241300
114103, 1, 20241220161003.241313
114163, 1, 20241220161004.241338
114223, 1, 20241220161005.241373
114283, 1, 20241220161006.241408
114343, 1, 20241220161007.241445
114403, 1, 20241220161008.241470
114463, 1, 20241220161009.241486
114523, 1, 20241220161010.241522
114583, 1, 20241220161011.241543
114643, 1, 20241220161012.241569
114703, 1, 20241220161013.241617
114763, 1, 20241220161014.241636
114823, 1, 20241220161015.241668
114883, 1, 20241220161016.241719
114943, 1, 20241220161017.241745
115003, 1, 20241220161018.241746
115063, 1, 20241220161019.241768
115123, 1, 20241220161020.241797
115183, 1, 20241220161021.241835
115243, 1, 20241220161022.241871
115303, 1, 20241220161023.241894
115363, 1, 20241220161024.241904
115423, 1, 20241220161025.241945
115483, 1, 20241220161026.241987
115543, 1, 20241220161027.242004
115603, 1, 20241220161028.242044
115663, 1, 20241220161029.242056
115723, 1, 20241220161030.242096
115783, 1, 20241220161031.242121
115843, 1, 20241220161032.242157
115903, 1, 20241220161033.242176
115963, 1, 20241220161034.242211
116023, 1, 20241220161035.242254
116083, 1, 20241220161036.242281
116143, 1, 20241220161037.242286
116203, 1, 20241220161038.242324
116263, 1, 20241220161039.242361
116323, 1, 20241220161040.242381
116383, 1, 20241220161041.242424
116443, 1, 20241220161042.242441
116503, 1, 20241220161043.242463
116563, 1, 20241220161044.242499
116623, 1, 20241220161045.242552
116683, 1, 20241220161046.242574
116743, 1, 20241220161047.242582
116803, 1, 20241220161048.242616
116863, 1, 20241220161049.242647
116923, 1, 20241220161050.242672
116983, 1, 20241220161051.242696
117043, 1, 20241220161052.242729
117103, 1, 20241220161053.242774
117163, 1, 20241220161054.242788
117223, 1, 20241220161055.242832
117283, 1, 20241220161056.242868
117343, 1, 20241220161057.242867
117403, 1, 20241220161058.242899
117463, 1, 20241220161059.242921
117523, 1, 20241220161100.242957
117583, 1, 20241220161101.242999
117643, 1, 20241220161102.243026
117703, 1, 20241220161103.243056
117763, 1, 20241220161104.243079
