324069, 1, 20241224112640.158103
324129, 1, 20241224112641.158124
324189, 1, 20241224112642.158152
324249, 1, 20241224112643.158187
324309, 1, 20241224112644.158221
324369, 1, 20241224112645.158237
324429, 1, 20241224112646.158270
324489, 1, 20241224112647.158315
324549, 1, 20241224112648.158301
324609, 1, 20241224112649.158381
324669, 1, 20241224112650.158418
324729, 1, 20241224112651.158428
324789, 1, 20241224112652.158449
324849, 1, 20241224112653.158482
324909, 1, 20241224112654.158518
324969, 1, 20241224112655.158535
325029, 1, 20241224112656.158558
325089, 1, 20241224112657.158607
325149, 1, 20241224112658.158628
325209, 1, 20241224112659.158662
325269, 1, 20241224112700.158697
325329, 1, 20241224112701.158701
325389, 1, 20241224112702.158729
325449, 1, 20241224112703.158778
