54641, 1, 20250110120213.552918
54701, 1, 20250110120214.552937
54761, 1, 20250110120215.552966
54821, 1, 20250110120216.552988
54881, 1, 20250110120217.553016
54941, 1, 20250110120218.553057
55001, 1, 20250110120219.553082
55061, 1, 20250110120220.553114
55121, 1, 20250110120221.553147
55181, 1, 20250110120222.553178
55241, 1, 20250110120223.553217
55301, 1, 20250110120224.553219
55361, 1, 20250110120225.553248
55421, 1, 20250110120226.553282
55481, 1, 20250110120227.553313
55541, 1, 20250110120228.553335
55601, 1, 20250110120229.553369
55661, 1, 20250110120230.553401
55721, 1, 20250110120231.553422
55781, 1, 20250110120232.553464
55841, 1, 20250110120233.553481
55901, 1, 20250110120234.553519
55961, 1, 20250110120235.553550
56021, 1, 20250110120236.553590
56081, 1, 20250110120237.553611
56141, 1, 20250110120238.553634
56201, 1, 20250110120239.553670
56261, 1, 20250110120240.553684
56321, 1, 20250110120241.553711
56381, 1, 20250110120242.553767
56441, 1, 20250110120243.553782
56501, 1, 20250110120244.553808
56561, 1, 20250110120245.553839
56621, 1, 20250110120246.553873
56681, 1, 20250110120247.553897
56741, 1, 20250110120248.553926
56801, 1, 20250110120249.553949
56861, 1, 20250110120250.553995
56921, 1, 20250110120251.554029
56981, 1, 20250110120252.554064
57041, 1, 20250110120253.554071
57101, 1, 20250110120254.554102
57161, 1, 20250110120255.554132
57221, 1, 20250110120256.554167
57281, 1, 20250110120257.554192
57341, 1, 20250110120258.554235
57401, 1, 20250110120259.554246
57461, 1, 20250110120300.554294
57521, 1, 20250110120301.554332
57581, 1, 20250110120302.554341
57641, 1, 20250110120303.554363
57701, 1, 20250110120304.554385
57761, 1, 20250110120305.554422
57821, 1, 20250110120306.554443
57881, 1, 20250110120307.554483
57941, 1, 20250110120308.554501
58001, 1, 20250110120309.554526
58061, 1, 20250110120310.554562
58121, 1, 20250110120311.554599
58181, 1, 20250110120312.554620
58241, 1, 20250110120313.554654
58301, 1, 20250110120314.554685
58361, 1, 20250110120315.554701
58421, 1, 20250110120316.554737
58481, 1, 20250110120317.554760
58541, 1, 20250110120318.554791
58601, 1, 20250110120319.554828
58661, 1, 20250110120320.554860
58721, 1, 20250110120321.554904
58781, 1, 20250110120322.554918
58841, 1, 20250110120323.554932
58901, 1, 20250110120324.554968
58961, 1, 20250110120325.555021
59021, 1, 20250110120326.555033
59081, 1, 20250110120327.555066
59141, 1, 20250110120328.555084
59201, 1, 20250110120329.555104
59261, 1, 20250110120330.555172
59321, 1, 20250110120331.555196
59381, 1, 20250110120332.555206
59441, 1, 20250110120333.555229
59501, 1, 20250110120334.555264
59561, 1, 20250110120335.555300
59621, 1, 20250110120336.555324
59681, 1, 20250110120337.555354
59741, 1, 20250110120338.555366
59801, 1, 20250110120339.555406
59861, 1, 20250110120340.555427
59921, 1, 20250110120341.555469
59981, 1, 20250110120342.555493
60041, 1, 20250110120343.555522
60101, 1, 20250110120344.555550
60161, 1, 20250110120345.555577
60221, 1, 20250110120346.555603
60281, 1, 20250110120347.555633
60341, 1, 20250110120348.555661
60401, 1, 20250110120349.555706
60461, 1, 20250110120350.555737
60521, 1, 20250110120351.555757
60581, 1, 20250110120352.555783
60641, 1, 20250110120353.555820
60701, 1, 20250110120354.555844
60761, 1, 20250110120355.555867
60821, 1, 20250110120356.555883
60881, 1, 20250110120357.555928
60941, 1, 20250110120358.555944
61001, 1, 20250110120359.556009
61061, 1, 20250110120400.556019
61121, 1, 20250110120401.556047
61181, 1, 20250110120402.556065
61241, 1, 20250110120403.556087
61301, 1, 20250110120404.556116
61361, 1, 20250110120405.556151
61421, 1, 20250110120406.556183
61481, 1, 20250110120407.556210
61541, 1, 20250110120408.556230
61601, 1, 20250110120409.556301
61661, 1, 20250110120410.556297
61721, 1, 20250110120411.556323
61781, 1, 20250110120412.556346
61841, 1, 20250110120413.556384
61901, 1, 20250110120414.556421
61961, 1, 20250110120415.556452
62021, 1, 20250110120416.556477
62081, 1, 20250110120417.556508
62141, 1, 20250110120418.556536
62201, 1, 20250110120419.556567
62261, 1, 20250110120420.556570
62321, 1, 20250110120421.556631
62381, 1, 20250110120422.556652
