4241, 1, 20250108110535.298731
4301, 1, 20250108110536.298799
4361, 1, 20250108110537.298800
4421, 1, 20250108110538.298817
4481, 1, 20250108110539.298866
4541, 1, 20250108110540.298866
4601, 1, 20250108110541.298875
4661, 1, 20250108110542.298960
4721, 1, 20250108110543.299002
4781, 1, 20250108110544.299022
4841, 1, 20250108110545.299030
4901, 1, 20250108110546.299053
4961, 1, 20250108110547.299092
5021, 1, 20250108110548.299113
5081, 1, 20250108110549.299112
5141, 1, 20250108110550.299182
5201, 1, 20250108110551.299117
5261, 1, 20250108110552.299268
5321, 1, 20250108110553.299249
5381, 1, 20250108110554.299252
5441, 1, 20250108110555.299276
5501, 1, 20250108110556.299309
5561, 1, 20250108110557.299331
5621, 1, 20250108110558.299431
5681, 1, 20250108110559.299431
5741, 1, 20250108110600.299410
5801, 1, 20250108110601.299491
5861, 1, 20250108110602.299524
5921, 1, 20250108110603.299489
5981, 1, 20250108110604.299598
6041, 1, 20250108110605.299565
6101, 1, 20250108110606.299612
6161, 1, 20250108110607.299612
6221, 1, 20250108110608.299645
6281, 1, 20250108110609.299674
6341, 1, 20250108110610.299710
6401, 1, 20250108110611.299789
6461, 1, 20250108110612.299736
6521, 1, 20250108110613.299782
6581, 1, 20250108110614.299813
6641, 1, 20250108110615.299840
6701, 1, 20250108110616.299876
6761, 1, 20250108110617.299899
6821, 1, 20250108110618.299936
6881, 1, 20250108110619.300024
6941, 1, 20250108110620.300036
7001, 1, 20250108110621.300069
7061, 1, 20250108110622.300032
7121, 1, 20250108110623.300077
7181, 1, 20250108110624.300098
7241, 1, 20250108110625.300125
7301, 1, 20250108110626.300167
7361, 1, 20250108110627.300261
7421, 1, 20250108110628.300221
7481, 1, 20250108110629.300244
7541, 1, 20250108110630.300282
7601, 1, 20250108110631.300293
7661, 1, 20250108110632.300332
7721, 1, 20250108110633.300306
7781, 1, 20250108110634.300388
7841, 1, 20250108110635.300410
7901, 1, 20250108110636.300512
7961, 1, 20250108110637.300465
8021, 1, 20250108110638.300571
8081, 1, 20250108110639.300594
8141, 1, 20250108110640.300602
8201, 1, 20250108110641.300598
8261, 1, 20250108110642.300667
8321, 1, 20250108110643.300688
8381, 1, 20250108110644.300733
8441, 1, 20250108110645.300771
8501, 1, 20250108110646.300788
8561, 1, 20250108110647.300826
8621, 1, 20250108110648.300858
8681, 1, 20250108110649.300900
8741, 1, 20250108110650.300937
8801, 1, 20250108110651.300945
8861, 1, 20250108110652.300973
8921, 1, 20250108110653.301004
8981, 1, 20250108110654.301038
9041, 1, 20250108110655.301059
9101, 1, 20250108110656.301106
9161, 1, 20250108110657.301120
9221, 1, 20250108110658.301146
9281, 1, 20250108110659.301184
9341, 1, 20250108110700.301208
9401, 1, 20250108110701.301243
9461, 1, 20250108110702.301256
9521, 1, 20250108110703.301289
9581, 1, 20250108110704.301316
9641, 1, 20250108110705.301355
9701, 1, 20250108110706.301383
9761, 1, 20250108110707.301412
9821, 1, 20250108110708.301434
9881, 1, 20250108110709.301491
9941, 1, 20250108110710.301511
10001, 1, 20250108110711.301521
10061, 1, 20250108110712.301552
10121, 1, 20250108110713.301580
10181, 1, 20250108110714.301605
10241, 1, 20250108110715.301644
10301, 1, 20250108110716.301664
10361, 1, 20250108110717.301686
10421, 1, 20250108110718.301703
10481, 1, 20250108110719.301775
10541, 1, 20250108110720.301805
10601, 1, 20250108110721.301815
10661, 1, 20250108110722.301816
10721, 1, 20250108110723.301860
10781, 1, 20250108110724.301886
10841, 1, 20250108110725.301904
10901, 1, 20250108110726.301943
10961, 1, 20250108110727.301972
11021, 1, 20250108110728.301987
11081, 1, 20250108110729.302031
11141, 1, 20250108110730.302063
11201, 1, 20250108110731.302078
11261, 1, 20250108110732.302103
11321, 1, 20250108110733.302144
11381, 1, 20250108110734.302163
11441, 1, 20250108110735.302176
11501, 1, 20250108110736.302233
11561, 1, 20250108110737.302247
11621, 1, 20250108110738.302289
11681, 1, 20250108110739.302324
11741, 1, 20250108110740.302333
11801, 1, 20250108110741.302354
11861, 1, 20250108110742.302396
11921, 1, 20250108110743.302407
11981, 1, 20250108110744.302445
12041, 1, 20250108110745.302462
12101, 1, 20250108110746.302486
12161, 1, 20250108110747.302518
12221, 1, 20250108110748.302572
12281, 1, 20250108110749.302598
12341, 1, 20250108110750.302597
12401, 1, 20250108110751.302630
12461, 1, 20250108110752.302663
12521, 1, 20250108110753.302684
12581, 1, 20250108110754.302722
12641, 1, 20250108110755.302733
12701, 1, 20250108110756.302774
12761, 1, 20250108110757.302819
12821, 1, 20250108110758.302834
12881, 1, 20250108110759.302859
12941, 1, 20250108110800.302889
13001, 1, 20250108110801.302908
13061, 1, 20250108110802.302939
13121, 1, 20250108110803.302970
13181, 1, 20250108110804.302995
13241, 1, 20250108110805.303028
13301, 1, 20250108110806.303020
13361, 1, 20250108110807.303106
13421, 1, 20250108110808.303132
13481, 1, 20250108110809.303154
13541, 1, 20250108110810.303163
13601, 1, 20250108110811.303181
13661, 1, 20250108110812.303241
13721, 1, 20250108110813.303240
13781, 1, 20250108110814.303291
