403455, 1, 20250121151048.977488
403515, 1, 20250121151049.977536
403575, 1, 20250121151050.977550
403635, 1, 20250121151051.977586
403695, 1, 20250121151052.977650
403755, 1, 20250121151053.977654
403815, 1, 20250121151054.977679
403875, 1, 20250121151055.977704
403935, 1, 20250121151056.977735
403995, 1, 20250121151057.977761
404055, 1, 20250121151058.977799
404115, 1, 20250121151059.977830
404175, 1, 20250121151100.977850
404235, 1, 20250121151101.977884
404295, 1, 20250121151102.977953
404355, 1, 20250121151103.977960
404415, 1, 20250121151104.977960
404475, 1, 20250121151105.978003
404535, 1, 20250121151106.978025
404595, 1, 20250121151107.978059
404655, 1, 20250121151108.978092
404715, 1, 20250121151109.978125
404775, 1, 20250121151110.978149
404835, 1, 20250121151111.978182
404895, 1, 20250121151112.978231
404955, 1, 20250121151113.978256
405015, 1, 20250121151114.978326
405075, 1, 20250121151115.978342
405135, 1, 20250121151116.978324
405195, 1, 20250121151117.978364
405255, 1, 20250121151118.978382
405315, 1, 20250121151119.978461
405375, 1, 20250121151120.978482
405435, 1, 20250121151121.978519
405495, 1, 20250121151122.978537
405555, 1, 20250121151123.978540
405615, 1, 20250121151124.978558
405675, 1, 20250121151125.978601
405735, 1, 20250121151126.978624
405795, 1, 20250121151127.978753
405855, 1, 20250121151128.978772
405915, 1, 20250121151129.978714
405975, 1, 20250121151130.978741
406035, 1, 20250121151131.978769
406095, 1, 20250121151132.978857
406155, 1, 20250121151133.978830
406215, 1, 20250121151134.978894
406275, 1, 20250121151135.978995
406335, 1, 20250121151136.978905
406395, 1, 20250121151137.979032
406455, 1, 20250121151138.978981
406515, 1, 20250121151139.978996
406575, 1, 20250121151140.979042
406635, 1, 20250121151141.979088
406695, 1, 20250121151142.979106
406755, 1, 20250121151143.979235
406815, 1, 20250121151144.979148
406875, 1, 20250121151145.979191
406935, 1, 20250121151146.979218
406995, 1, 20250121151147.979288
407055, 1, 20250121151148.979279
407115, 1, 20250121151149.979334
407175, 1, 20250121151150.979363
407235, 1, 20250121151151.979491
407295, 1, 20250121151152.979394
407355, 1, 20250121151153.979420
407415, 1, 20250121151154.979443
407475, 1, 20250121151155.979477
407535, 1, 20250121151156.979504
407595, 1, 20250121151157.979571
407655, 1, 20250121151158.979567
407715, 1, 20250121151159.979579
407775, 1, 20250121151200.979620
407835, 1, 20250121151201.979661
407895, 1, 20250121151202.979691
407955, 1, 20250121151203.979748
408015, 1, 20250121151204.979737
408075, 1, 20250121151205.979798
408135, 1, 20250121151206.979810
408195, 1, 20250121151207.979814
408255, 1, 20250121151208.979856
408315, 1, 20250121151209.979892
408375, 1, 20250121151210.979936
408435, 1, 20250121151211.979965
408495, 1, 20250121151212.979974
408555, 1, 20250121151213.980015
408615, 1, 20250121151214.980079
408675, 1, 20250121151215.980064
408735, 1, 20250121151216.980099
408795, 1, 20250121151217.980168
408855, 1, 20250121151218.980151
408915, 1, 20250121151219.980185
408975, 1, 20250121151220.980263
409035, 1, 20250121151221.980261
409095, 1, 20250121151222.980283
409155, 1, 20250121151223.980297
409215, 1, 20250121151224.980334
409275, 1, 20250121151225.980376
409335, 1, 20250121151226.980390
409395, 1, 20250121151227.980526
409455, 1, 20250121151228.980444
409515, 1, 20250121151229.980488
409575, 1, 20250121151230.980519
409635, 1, 20250121151231.980536
409695, 1, 20250121151232.980567
409755, 1, 20250121151233.980606
409815, 1, 20250121151234.980673
409875, 1, 20250121151235.980765
409935, 1, 20250121151236.980713
409995, 1, 20250121151237.980712
410055, 1, 20250121151238.980787
410115, 1, 20250121151239.980776
410175, 1, 20250121151240.980801
410235, 1, 20250121151241.980838
410295, 1, 20250121151242.980976
410355, 1, 20250121151243.980923
410415, 1, 20250121151244.980925
410475, 1, 20250121151245.980950
410535, 1, 20250121151246.980977
410595, 1, 20250121151247.981050
410655, 1, 20250121151248.981040
410715, 1, 20250121151249.981097
410775, 1, 20250121151250.981112
410835, 1, 20250121151251.981128
410895, 1, 20250121151252.981201
410955, 1, 20250121151253.981234
411015, 1, 20250121151254.981216
411075, 1, 20250121151255.981251
411135, 1, 20250121151256.981275
411195, 1, 20250121151257.981303
411255, 1, 20250121151258.981331
411315, 1, 20250121151259.981389
411375, 1, 20250121151300.981422
411435, 1, 20250121151301.981530
411495, 1, 20250121151302.981491
411555, 1, 20250121151303.981474
411615, 1, 20250121151304.981524
411675, 1, 20250121151305.981560
411735, 1, 20250121151306.981577
411795, 1, 20250121151307.981618
411855, 1, 20250121151308.981675
411915, 1, 20250121151309.981755
411975, 1, 20250121151310.981689
412035, 1, 20250121151311.981704
412095, 1, 20250121151312.981795
412155, 1, 20250121151313.981786
412215, 1, 20250121151314.981929
412275, 1, 20250121151315.981949
412335, 1, 20250121151316.981865
412395, 1, 20250121151317.981949
412455, 1, 20250121151318.981921
412515, 1, 20250121151319.981969
412575, 1, 20250121151320.982032
412635, 1, 20250121151321.982022
412695, 1, 20250121151322.982043
412755, 1, 20250121151323.982081
412815, 1, 20250121151324.982119
412875, 1, 20250121151325.982147
412935, 1, 20250121151326.982160
412995, 1, 20250121151327.982215
413055, 1, 20250121151328.982251
413115, 1, 20250121151329.982323
413175, 1, 20250121151330.982286
413235, 1, 20250121151331.982320
413295, 1, 20250121151332.982341
413355, 1, 20250121151333.982383
413415, 1, 20250121151334.982451
413475, 1, 20250121151335.982438
413535, 1, 20250121151336.982472
413595, 1, 20250121151337.982494
413655, 1, 20250121151338.982622
413715, 1, 20250121151339.982574
413775, 1, 20250121151340.982582
413835, 1, 20250121151341.982625
413895, 1, 20250121151342.982640
413955, 1, 20250121151343.982672
414015, 1, 20250121151344.982708
414075, 1, 20250121151345.982732
414135, 1, 20250121151346.982759
