219519, 1, 20241222122135.272649
219579, 1, 20241222122136.272684
219639, 1, 20241222122137.272690
219699, 1, 20241222122138.272718
219759, 1, 20241222122139.272749
219819, 1, 20241222122140.272775
219879, 1, 20241222122141.272797
219939, 1, 20241222122142.272843
219999, 1, 20241222122143.272867
220059, 1, 20241222122144.272898
220119, 1, 20241222122145.272940
220179, 1, 20241222122146.272974
220239, 1, 20241222122147.272978
220299, 1, 20241222122148.273006
220359, 1, 20241222122149.273050
220419, 1, 20241222122150.273067
220479, 1, 20241222122151.273102
220539, 1, 20241222122152.273123
220599, 1, 20241222122153.273165
220659, 1, 20241222122154.273179
220719, 1, 20241222122155.273228
220779, 1, 20241222122156.273246
220839, 1, 20241222122157.273273
220899, 1, 20241222122158.273312
220959, 1, 20241222122159.273335
221019, 1, 20241222122200.273374
221079, 1, 20241222122201.273396
221139, 1, 20241222122202.273421
221199, 1, 20241222122203.273453
221259, 1, 20241222122204.273477
221319, 1, 20241222122205.273506
221379, 1, 20241222122206.273545
221439, 1, 20241222122207.273574
221499, 1, 20241222122208.273592
221559, 1, 20241222122209.273624
221619, 1, 20241222122210.273634
221679, 1, 20241222122211.273696
221739, 1, 20241222122212.273698
221799, 1, 20241222122213.273752
221859, 1, 20241222122214.273801
221919, 1, 20241222122215.273832
221979, 1, 20241222122216.273832
222039, 1, 20241222122217.273871
222099, 1, 20241222122218.273901
222159, 1, 20241222122219.273925
222219, 1, 20241222122220.273946
222279, 1, 20241222122221.273979
222339, 1, 20241222122222.274010
222399, 1, 20241222122223.274051
222459, 1, 20241222122224.274086
222519, 1, 20241222122225.274113
222579, 1, 20241222122226.274120
222639, 1, 20241222122227.274151
222699, 1, 20241222122228.274185
222759, 1, 20241222122229.274224
222819, 1, 20241222122230.274259
222879, 1, 20241222122231.274274
222939, 1, 20241222122232.274295
222999, 1, 20241222122233.274344
223059, 1, 20241222122234.274354
223119, 1, 20241222122235.274394
223179, 1, 20241222122236.274425
223239, 1, 20241222122237.274446
223299, 1, 20241222122238.274476
223359, 1, 20241222122239.274496
223419, 1, 20241222122240.274533
223479, 1, 20241222122241.274571
223539, 1, 20241222122242.274589
223599, 1, 20241222122243.274640
223659, 1, 20241222122244.274675
223719, 1, 20241222122245.274684
223779, 1, 20241222122246.274710
223839, 1, 20241222122247.274739
223899, 1, 20241222122248.274775
223959, 1, 20241222122249.274804
224019, 1, 20241222122250.274832
224079, 1, 20241222122251.274857
224139, 1, 20241222122252.274880
224199, 1, 20241222122253.274930
224259, 1, 20241222122254.274953
224319, 1, 20241222122255.274981
224379, 1, 20241222122256.274993
224439, 1, 20241222122257.275028
224499, 1, 20241222122258.275065
224559, 1, 20241222122259.275085
224619, 1, 20241222122300.275121
224679, 1, 20241222122301.275150
224739, 1, 20241222122302.275181
224799, 1, 20241222122303.275223
224859, 1, 20241222122304.275244
224919, 1, 20241222122305.275259
224979, 1, 20241222122306.275304
225039, 1, 20241222122307.275314
225099, 1, 20241222122308.275346
225159, 1, 20241222122309.275387
225219, 1, 20241222122310.275412
225279, 1, 20241222122311.275443
225339, 1, 20241222122312.275464
225399, 1, 20241222122313.275504
225459, 1, 20241222122314.275525
225519, 1, 20241222122315.275563
225579, 1, 20241222122316.275581
225639, 1, 20241222122317.275606
225699, 1, 20241222122318.275634
225759, 1, 20241222122319.275679
225819, 1, 20241222122320.275703
225879, 1, 20241222122321.275741
225939, 1, 20241222122322.275779
225999, 1, 20241222122323.275804
226059, 1, 20241222122324.275821
226119, 1, 20241222122325.275856
226179, 1, 20241222122326.275878
226239, 1, 20241222122327.275902
226299, 1, 20241222122328.275943
226359, 1, 20241222122329.275955
226419, 1, 20241222122330.275996
226479, 1, 20241222122331.276025
226539, 1, 20241222122332.276071
226599, 1, 20241222122333.276103
226659, 1, 20241222122334.276094
226719, 1, 20241222122335.276133
226779, 1, 20241222122336.276165
226839, 1, 20241222122337.276196
226899, 1, 20241222122338.276225
226959, 1, 20241222122339.276246
227019, 1, 20241222122340.276288
227079, 1, 20241222122341.276329
227139, 1, 20241222122342.276366
227199, 1, 20241222122343.276357
227259, 1, 20241222122344.276390
227319, 1, 20241222122345.276434
227379, 1, 20241222122346.276448
227439, 1, 20241222122347.276487
227499, 1, 20241222122348.276515
227559, 1, 20241222122349.276563
227619, 1, 20241222122350.276590
227679, 1, 20241222122351.276598
227739, 1, 20241222122352.276631
227799, 1, 20241222122353.276665
227859, 1, 20241222122354.276613
227919, 1, 20241222122355.276732
227979, 1, 20241222122356.276762
228039, 1, 20241222122357.276783
228099, 1, 20241222122358.276806
228159, 1, 20241222122359.276829
228219, 1, 20241222122400.276870
228279, 1, 20241222122401.276925
228339, 1, 20241222122402.276945
228399, 1, 20241222122403.276957
228459, 1, 20241222122404.276994
228519, 1, 20241222122405.277017
228579, 1, 20241222122406.277047
228639, 1, 20241222122407.277086
228699, 1, 20241222122408.277107
228759, 1, 20241222122409.277133
228819, 1, 20241222122410.277165
228879, 1, 20241222122411.277213
228939, 1, 20241222122412.277227
228999, 1, 20241222122413.277248
229059, 1, 20241222122414.277285
229119, 1, 20241222122415.277296
229179, 1, 20241222122416.277339
229239, 1, 20241222122417.277355
229299, 1, 20241222122418.277390
229359, 1, 20241222122419.277432
229419, 1, 20241222122420.277451
229479, 1, 20241222122421.277473
229539, 1, 20241222122422.277501
229599, 1, 20241222122423.277543
229659, 1, 20241222122424.277560
229719, 1, 20241222122425.277597
229779, 1, 20241222122426.277626
229839, 1, 20241222122427.277664
229899, 1, 20241222122428.277687
229959, 1, 20241222122429.277715
230019, 1, 20241222122430.277753
230079, 1, 20241222122431.277805
230139, 1, 20241222122432.277800
230199, 1, 20241222122433.277821
