25125, 1, 20250112072851.206361
25185, 1, 20250112072852.206393
25245, 1, 20250112072853.206420
25305, 1, 20250112072854.206461
25365, 1, 20250112072855.206484
25425, 1, 20250112072856.206521
25485, 1, 20250112072857.206546
25545, 1, 20250112072858.206577
25605, 1, 20250112072859.206604
25665, 1, 20250112072900.206640
25725, 1, 20250112072901.206667
25785, 1, 20250112072902.206699
25845, 1, 20250112072903.206746
25905, 1, 20250112072904.206778
25965, 1, 20250112072905.206789
26025, 1, 20250112072906.206803
26085, 1, 20250112072907.206842
26145, 1, 20250112072908.206886
26205, 1, 20250112072909.206900
26265, 1, 20250112072910.206928
26325, 1, 20250112072911.206962
26385, 1, 20250112072912.206985
26445, 1, 20250112072913.207034
26505, 1, 20250112072914.207076
26565, 1, 20250112072915.207081
26625, 1, 20250112072916.207109
26685, 1, 20250112072917.207142
26745, 1, 20250112072918.207171
26805, 1, 20250112072919.207192
26865, 1, 20250112072920.207244
26925, 1, 20250112072921.207257
26985, 1, 20250112072922.207288
27045, 1, 20250112072923.207334
27105, 1, 20250112072924.207358
27165, 1, 20250112072925.207386
27225, 1, 20250112072926.207415
27285, 1, 20250112072927.207441
27345, 1, 20250112072928.207479
27405, 1, 20250112072929.207505
27465, 1, 20250112072930.207525
