70299, 1, 20250108112356.303009
70359, 1, 20250108112357.303033
70419, 1, 20250108112358.303069
70479, 1, 20250108112359.303092
70539, 1, 20250108112400.303116
70599, 1, 20250108112401.303139
70659, 1, 20250108112402.303177
70719, 1, 20250108112403.303198
70779, 1, 20250108112404.303229
70839, 1, 20250108112405.303268
70899, 1, 20250108112406.303287
70959, 1, 20250108112407.303313
71019, 1, 20250108112408.303348
71079, 1, 20250108112409.303368
71139, 1, 20250108112410.303404
71199, 1, 20250108112411.303450
71259, 1, 20250108112412.303472
71319, 1, 20250108112413.303469
71379, 1, 20250108112414.303503
71439, 1, 20250108112415.303528
71499, 1, 20250108112416.303559
71559, 1, 20250108112417.303579
71619, 1, 20250108112418.303616
71679, 1, 20250108112419.303652
71739, 1, 20250108112420.303678
71799, 1, 20250108112421.303719
71859, 1, 20250108112422.303752
71919, 1, 20250108112423.303757
71979, 1, 20250108112424.303791
72039, 1, 20250108112425.303805
72099, 1, 20250108112426.303855
72159, 1, 20250108112427.303868
72219, 1, 20250108112428.303896
72279, 1, 20250108112429.303927
72339, 1, 20250108112430.303951
72399, 1, 20250108112431.303983
72459, 1, 20250108112432.304003
72519, 1, 20250108112433.304071
72579, 1, 20250108112434.304080
72639, 1, 20250108112435.304092
72699, 1, 20250108112436.304122
72759, 1, 20250108112437.304150
72819, 1, 20250108112438.304184
72879, 1, 20250108112439.304203
72939, 1, 20250108112440.304253
72999, 1, 20250108112441.304275
73059, 1, 20250108112442.304281
73119, 1, 20250108112443.304320
73179, 1, 20250108112444.304344
73239, 1, 20250108112445.304375
73299, 1, 20250108112446.304413
73359, 1, 20250108112447.304425
73419, 1, 20250108112448.304455
73479, 1, 20250108112449.304496
73539, 1, 20250108112450.304524
73599, 1, 20250108112451.304559
73659, 1, 20250108112452.304569
73719, 1, 20250108112453.304615
73779, 1, 20250108112454.304624
73839, 1, 20250108112455.304653
73899, 1, 20250108112456.304686
73959, 1, 20250108112457.304709
74019, 1, 20250108112458.304733
74079, 1, 20250108112459.304797
74139, 1, 20250108112500.304814
74199, 1, 20250108112501.304819
74259, 1, 20250108112502.304841
74319, 1, 20250108112503.304875
74379, 1, 20250108112504.304905
74439, 1, 20250108112505.304927
74499, 1, 20250108112506.304964
74559, 1, 20250108112507.304982
74619, 1, 20250108112508.305000
74679, 1, 20250108112509.305043
74739, 1, 20250108112510.305079
74799, 1, 20250108112511.305094
74859, 1, 20250108112512.305133
74919, 1, 20250108112513.305144
74979, 1, 20250108112514.305184
75039, 1, 20250108112515.305211
75099, 1, 20250108112516.305233
75159, 1, 20250108112517.305277
75219, 1, 20250108112518.305284
75279, 1, 20250108112519.305344
75339, 1, 20250108112520.305381
75399, 1, 20250108112521.305376
75459, 1, 20250108112522.305413
75519, 1, 20250108112523.305432
75579, 1, 20250108112524.305465
75639, 1, 20250108112525.305492
75699, 1, 20250108112526.305516
75759, 1, 20250108112527.305545
75819, 1, 20250108112528.305582
75879, 1, 20250108112529.305623
75939, 1, 20250108112530.305623
75999, 1, 20250108112531.305649
76059, 1, 20250108112532.305690
76119, 1, 20250108112533.305710
76179, 1, 20250108112534.305733
76239, 1, 20250108112535.305777
76299, 1, 20250108112536.305794
76359, 1, 20250108112537.305819
76419, 1, 20250108112538.305854
76479, 1, 20250108112539.305890
76539, 1, 20250108112540.305917
76599, 1, 20250108112541.305951
76659, 1, 20250108112542.305979
76719, 1, 20250108112543.306010
76779, 1, 20250108112544.306045
76839, 1, 20250108112545.306040
76899, 1, 20250108112546.306065
76959, 1, 20250108112547.306097
77019, 1, 20250108112548.306153
77079, 1, 20250108112549.306180
77139, 1, 20250108112550.306183
77199, 1, 20250108112551.306180
77259, 1, 20250108112552.306225
77319, 1, 20250108112553.306246
77379, 1, 20250108112554.306267
77439, 1, 20250108112555.306305
77499, 1, 20250108112556.306365
77559, 1, 20250108112557.306423
77619, 1, 20250108112558.306452
77679, 1, 20250108112559.306462
77739, 1, 20250108112600.306478
77799, 1, 20250108112601.306544
77859, 1, 20250108112602.306624
77919, 1, 20250108112603.306711
77979, 1, 20250108112604.306546
78039, 1, 20250108112605.306576
78099, 1, 20250108112606.306604
78159, 1, 20250108112607.306632
78219, 1, 20250108112608.306669
78279, 1, 20250108112609.306700
78339, 1, 20250108112610.306716
78399, 1, 20250108112611.306750
78459, 1, 20250108112612.306770
78519, 1, 20250108112613.306798
78579, 1, 20250108112614.306814
78639, 1, 20250108112615.306854
78699, 1, 20250108112616.306884
78759, 1, 20250108112617.306935
78819, 1, 20250108112618.306968
78879, 1, 20250108112619.306972
78939, 1, 20250108112620.307008
78999, 1, 20250108112621.307025
79059, 1, 20250108112622.307059
79119, 1, 20250108112623.307073
79179, 1, 20250108112624.307107
79239, 1, 20250108112625.307141
79299, 1, 20250108112626.307166
79359, 1, 20250108112627.307222
79419, 1, 20250108112628.307240
79479, 1, 20250108112629.307244
79539, 1, 20250108112630.307273
79599, 1, 20250108112631.307316
79659, 1, 20250108112632.307337
79719, 1, 20250108112633.307373
79779, 1, 20250108112634.307385
79839, 1, 20250108112635.307425
79899, 1, 20250108112636.307447
79959, 1, 20250108112637.307481
80019, 1, 20250108112638.307496
80079, 1, 20250108112639.307534
80139, 1, 20250108112640.307565
80199, 1, 20250108112641.307576
80259, 1, 20250108112642.307612
80319, 1, 20250108112643.307638
80379, 1, 20250108112644.307677
80439, 1, 20250108112645.307688
80499, 1, 20250108112646.307755
80559, 1, 20250108112647.307770
80619, 1, 20250108112648.307770
80679, 1, 20250108112649.307800
80739, 1, 20250108112650.307845
80799, 1, 20250108112651.307870
80859, 1, 20250108112652.307904
80919, 1, 20250108112653.307913
80979, 1, 20250108112654.307943
