151443, 1, 20241222120240.628449
151503, 1, 20241222120241.628472
151563, 1, 20241222120242.628509
151623, 1, 20241222120243.628536
151683, 1, 20241222120244.628562
151743, 1, 20241222120245.628599
151803, 1, 20241222120246.628630
151863, 1, 20241222120247.628644
151923, 1, 20241222120248.628695
151983, 1, 20241222120249.628720
152043, 1, 20241222120250.628748
152103, 1, 20241222120251.628776
152163, 1, 20241222120252.628793
152223, 1, 20241222120253.628824
152283, 1, 20241222120254.628862
152343, 1, 20241222120255.628899
152403, 1, 20241222120256.628922
152463, 1, 20241222120257.628963
152523, 1, 20241222120258.628977
152583, 1, 20241222120259.629008
152643, 1, 20241222120300.629035
152703, 1, 20241222120301.629069
152763, 1, 20241222120302.629100
152823, 1, 20241222120303.629128
152883, 1, 20241222120304.629152
152943, 1, 20241222120305.629200
153003, 1, 20241222120306.629234
153063, 1, 20241222120307.629230
153123, 1, 20241222120308.629271
153183, 1, 20241222120309.629300
153243, 1, 20241222120310.629335
153303, 1, 20241222120311.629345
153363, 1, 20241222120312.629400
153423, 1, 20241222120313.629412
153483, 1, 20241222120314.629453
153543, 1, 20241222120315.629492
153603, 1, 20241222120316.629538
153663, 1, 20241222120317.629529
153723, 1, 20241222120318.629569
153783, 1, 20241222120319.629594
153843, 1, 20241222120320.629623
153903, 1, 20241222120321.629656
153963, 1, 20241222120322.629683
154023, 1, 20241222120323.629712
154083, 1, 20241222120324.629750
154143, 1, 20241222120325.629776
154203, 1, 20241222120326.629810
154263, 1, 20241222120327.629824
154323, 1, 20241222120328.629867
154383, 1, 20241222120329.629889
154443, 1, 20241222120330.629931
154503, 1, 20241222120331.629955
154563, 1, 20241222120332.629966
154623, 1, 20241222120333.629990
154683, 1, 20241222120334.630052
154743, 1, 20241222120335.630095
154803, 1, 20241222120336.630109
154863, 1, 20241222120337.630112
154923, 1, 20241222120338.630161
154983, 1, 20241222120339.630182
155043, 1, 20241222120340.630212
155103, 1, 20241222120341.630244
155163, 1, 20241222120342.630281
155223, 1, 20241222120343.630300
155283, 1, 20241222120344.630354
155343, 1, 20241222120345.630381
155403, 1, 20241222120346.630403
155463, 1, 20241222120347.630408
155523, 1, 20241222120348.630458
155583, 1, 20241222120349.630461
155643, 1, 20241222120350.630491
155703, 1, 20241222120351.630543
155763, 1, 20241222120352.630564
155823, 1, 20241222120353.630590
155883, 1, 20241222120354.630650
155943, 1, 20241222120355.630671
156003, 1, 20241222120356.630689
156063, 1, 20241222120357.630713
156123, 1, 20241222120358.630738
156183, 1, 20241222120359.630757
156243, 1, 20241222120400.630804
156303, 1, 20241222120401.630832
156363, 1, 20241222120402.630861
156423, 1, 20241222120403.630892
156483, 1, 20241222120404.630919
156543, 1, 20241222120405.630953
156603, 1, 20241222120406.630974
156663, 1, 20241222120407.630991
156723, 1, 20241222120408.631040
156783, 1, 20241222120409.631067
156843, 1, 20241222120410.631098
156903, 1, 20241222120411.631140
156963, 1, 20241222120412.631143
157023, 1, 20241222120413.631179
157083, 1, 20241222120414.631215
157143, 1, 20241222120415.631246
157203, 1, 20241222120416.631254
157263, 1, 20241222120417.631298
157323, 1, 20241222120418.631323
157383, 1, 20241222120419.631355
157443, 1, 20241222120420.631385
157503, 1, 20241222120421.631397
157563, 1, 20241222120422.631438
157623, 1, 20241222120423.631493
157683, 1, 20241222120424.631521
157743, 1, 20241222120425.631531
157803, 1, 20241222120426.631567
157863, 1, 20241222120427.631591
157923, 1, 20241222120428.631616
157983, 1, 20241222120429.631647
158043, 1, 20241222120430.631674
158103, 1, 20241222120431.631710
158163, 1, 20241222120432.631736
158223, 1, 20241222120433.631783
158283, 1, 20241222120434.631793
158343, 1, 20241222120435.631822
158403, 1, 20241222120436.631858
158463, 1, 20241222120437.631875
158523, 1, 20241222120438.631918
158583, 1, 20241222120439.631941
158643, 1, 20241222120440.631973
158703, 1, 20241222120441.631987
158763, 1, 20241222120442.632029
158823, 1, 20241222120443.632060
158883, 1, 20241222120444.632088
158943, 1, 20241222120445.632121
159003, 1, 20241222120446.632140
159063, 1, 20241222120447.632167
159123, 1, 20241222120448.632198
159183, 1, 20241222120449.632231
159243, 1, 20241222120450.632263
159303, 1, 20241222120451.632289
159363, 1, 20241222120452.632320
159423, 1, 20241222120453.632355
159483, 1, 20241222120454.632376
159543, 1, 20241222120455.632407
159603, 1, 20241222120456.632440
159663, 1, 20241222120457.632466
159723, 1, 20241222120458.632494
159783, 1, 20241222120459.632520
159843, 1, 20241222120500.632550
159903, 1, 20241222120501.632581
159963, 1, 20241222120502.632630
160023, 1, 20241222120503.632660
160083, 1, 20241222120504.632674
160143, 1, 20241222120505.632699
160203, 1, 20241222120506.632728
160263, 1, 20241222120507.632745
160323, 1, 20241222120508.632787
160383, 1, 20241222120509.632806
160443, 1, 20241222120510.632855
160503, 1, 20241222120511.632893
160563, 1, 20241222120512.632915
160623, 1, 20241222120513.632942
160683, 1, 20241222120514.632952
160743, 1, 20241222120515.632996
160803, 1, 20241222120516.633024
160863, 1, 20241222120517.633052
160923, 1, 20241222120518.633079
160983, 1, 20241222120519.633104
161043, 1, 20241222120520.633136
161103, 1, 20241222120521.633178
161163, 1, 20241222120522.633199
161223, 1, 20241222120523.633227
161283, 1, 20241222120524.633251
161343, 1, 20241222120525.633285
161403, 1, 20241222120526.633324
161463, 1, 20241222120527.633344
161523, 1, 20241222120528.633361
161583, 1, 20241222120529.633402
161643, 1, 20241222120530.633426
161703, 1, 20241222120531.633480
161763, 1, 20241222120532.633517
161823, 1, 20241222120533.633518
161883, 1, 20241222120534.633546
161943, 1, 20241222120535.633575
162003, 1, 20241222120536.633615
162063, 1, 20241222120537.633636
162123, 1, 20241222120538.633675
162183, 1, 20241222120539.633687
