222633, 1, 20250117212554.793678
222693, 1, 20250117212555.793699
222753, 1, 20250117212556.793736
222813, 1, 20250117212557.793775
222873, 1, 20250117212558.793804
222933, 1, 20250117212559.793826
222993, 1, 20250117212600.793837
223053, 1, 20250117212601.793873
223113, 1, 20250117212602.793891
223173, 1, 20250117212603.793929
223233, 1, 20250117212604.793952
223293, 1, 20250117212605.793989
223353, 1, 20250117212606.794035
223413, 1, 20250117212607.794050
223473, 1, 20250117212608.794070
223533, 1, 20250117212609.794116
223593, 1, 20250117212610.794130
223653, 1, 20250117212611.794177
223713, 1, 20250117212612.794189
223773, 1, 20250117212613.794220
223833, 1, 20250117212614.794226
223893, 1, 20250117212615.794274
223953, 1, 20250117212616.794321
