123071, 1, 20250108113835.866635
123131, 1, 20250108113836.866744
123191, 1, 20250108113837.866686
123251, 1, 20250108113838.866713
123311, 1, 20250108113839.866746
123371, 1, 20250108113840.866835
123431, 1, 20250108113841.866797
123491, 1, 20250108113842.866860
123551, 1, 20250108113843.866902
123611, 1, 20250108113844.866905
123671, 1, 20250108113845.866944
123731, 1, 20250108113846.866947
123791, 1, 20250108113847.866976
123851, 1, 20250108113848.867011
123911, 1, 20250108113849.867023
123971, 1, 20250108113850.867012
124031, 1, 20250108113851.867120
124091, 1, 20250108113852.867113
124151, 1, 20250108113853.867186
124211, 1, 20250108113854.867250
124271, 1, 20250108113855.867229
124331, 1, 20250108113856.867297
124391, 1, 20250108113857.867248
124451, 1, 20250108113858.867294
124511, 1, 20250108113859.867300
124571, 1, 20250108113900.867408
124631, 1, 20250108113901.867376
124691, 1, 20250108113902.867460
124751, 1, 20250108113903.867429
124811, 1, 20250108113904.867451
124871, 1, 20250108113905.867546
124931, 1, 20250108113906.867506
124991, 1, 20250108113907.867523
125051, 1, 20250108113908.867599
125111, 1, 20250108113909.867609
125171, 1, 20250108113910.867620
125231, 1, 20250108113911.867616
125291, 1, 20250108113912.867724
125351, 1, 20250108113913.867724
125411, 1, 20250108113914.867724
125471, 1, 20250108113915.867825
125531, 1, 20250108113916.867789
125591, 1, 20250108113917.867811
125651, 1, 20250108113918.867851
125711, 1, 20250108113919.867937
125771, 1, 20250108113920.867904
125831, 1, 20250108113921.867921
125891, 1, 20250108113922.867943
125951, 1, 20250108113923.868011
126011, 1, 20250108113924.868092
126071, 1, 20250108113925.868109
126131, 1, 20250108113926.868075
126191, 1, 20250108113927.868102
126251, 1, 20250108113928.868135
126311, 1, 20250108113929.868163
126371, 1, 20250108113930.868182
126431, 1, 20250108113931.868211
126491, 1, 20250108113932.868241
126551, 1, 20250108113933.868262
126611, 1, 20250108113934.868307
126671, 1, 20250108113935.868397
126731, 1, 20250108113936.868360
126791, 1, 20250108113937.868376
126851, 1, 20250108113938.868424
126911, 1, 20250108113939.868453
126971, 1, 20250108113940.868545
127031, 1, 20250108113941.868552
127091, 1, 20250108113942.868606
127151, 1, 20250108113943.868534
127211, 1, 20250108113944.868591
127271, 1, 20250108113945.868679
127331, 1, 20250108113946.868712
127391, 1, 20250108113947.868730
127451, 1, 20250108113948.868697
127511, 1, 20250108113949.868797
127571, 1, 20250108113950.868741
127631, 1, 20250108113951.868918
127691, 1, 20250108113952.868832
127751, 1, 20250108113953.868899
127811, 1, 20250108113954.868835
127871, 1, 20250108113955.868931
127931, 1, 20250108113956.868925
127991, 1, 20250108113957.868963
128051, 1, 20250108113958.868956
128111, 1, 20250108113959.869065
128171, 1, 20250108114000.869022
128231, 1, 20250108114001.869189
128291, 1, 20250108114002.869154
128351, 1, 20250108114003.869096
128411, 1, 20250108114004.869133
128471, 1, 20250108114005.869172
128531, 1, 20250108114006.869273
128591, 1, 20250108114007.869224
128651, 1, 20250108114008.869252
128711, 1, 20250108114009.869280
128771, 1, 20250108114010.869308
128831, 1, 20250108114011.869335
128891, 1, 20250108114012.869363
128951, 1, 20250108114013.869398
129011, 1, 20250108114014.869411
129071, 1, 20250108114015.869405
129131, 1, 20250108114016.869477
129191, 1, 20250108114017.869508
129251, 1, 20250108114018.869533
129311, 1, 20250108114019.869587
129371, 1, 20250108114020.869633
129431, 1, 20250108114021.869720
129491, 1, 20250108114022.869679
129551, 1, 20250108114023.869669
129611, 1, 20250108114024.869713
129671, 1, 20250108114025.869733
129731, 1, 20250108114026.869762
129791, 1, 20250108114027.869798
129851, 1, 20250108114028.869814
129911, 1, 20250108114029.869883
129971, 1, 20250108114030.869894
130031, 1, 20250108114031.869910
130091, 1, 20250108114032.869960
130151, 1, 20250108114033.869956
130211, 1, 20250108114034.869992
130271, 1, 20250108114035.870060
130331, 1, 20250108114036.870033
130391, 1, 20250108114037.870112
130451, 1, 20250108114038.870141
130511, 1, 20250108114039.870179
130571, 1, 20250108114040.870168
130631, 1, 20250108114041.870299
130691, 1, 20250108114042.870295
130751, 1, 20250108114043.870320
130811, 1, 20250108114044.870342
130871, 1, 20250108114045.870387
130931, 1, 20250108114046.870400
130991, 1, 20250108114047.870445
131051, 1, 20250108114048.870493
131111, 1, 20250108114049.870550
131171, 1, 20250108114050.870557
131231, 1, 20250108114051.870588
131291, 1, 20250108114052.870608
131351, 1, 20250108114053.870637
131411, 1, 20250108114054.870663
131471, 1, 20250108114055.870683
131531, 1, 20250108114056.870721
131591, 1, 20250108114057.870758
131651, 1, 20250108114058.870779
131711, 1, 20250108114059.870834
131771, 1, 20250108114100.870855
131831, 1, 20250108114101.870857
131891, 1, 20250108114102.870887
131951, 1, 20250108114103.870908
132011, 1, 20250108114104.870944
132071, 1, 20250108114105.870980
132131, 1, 20250108114106.871010
132191, 1, 20250108114107.870991
132251, 1, 20250108114108.871057
132311, 1, 20250108114109.871084
132371, 1, 20250108114110.871072
132431, 1, 20250108114111.871149
132491, 1, 20250108114112.871150
132551, 1, 20250108114113.871213
132611, 1, 20250108114114.871207
132671, 1, 20250108114115.871268
132731, 1, 20250108114116.871293
132791, 1, 20250108114117.871310
132851, 1, 20250108114118.871366
132911, 1, 20250108114119.871393
132971, 1, 20250108114120.871414
133031, 1, 20250108114121.871438
133091, 1, 20250108114122.871459
133151, 1, 20250108114123.871489
133211, 1, 20250108114124.871508
133271, 1, 20250108114125.871556
133331, 1, 20250108114126.871567
133391, 1, 20250108114127.871591
133451, 1, 20250108114128.871640
133511, 1, 20250108114129.871684
133571, 1, 20250108114130.871689
133631, 1, 20250108114131.871728
133691, 1, 20250108114132.871747
133751, 1, 20250108114133.871786
