230097, 1, 20250106112630.864568
230157, 1, 20250106112631.864614
230217, 1, 20250106112632.864635
230277, 1, 20250106112633.864666
230337, 1, 20250106112634.864691
230397, 1, 20250106112635.864743
230457, 1, 20250106112636.864758
230517, 1, 20250106112637.864791
230577, 1, 20250106112638.864811
230637, 1, 20250106112639.864852
230697, 1, 20250106112640.864876
230757, 1, 20250106112641.864905
230817, 1, 20250106112642.864929
230877, 1, 20250106112643.864963
230937, 1, 20250106112644.865003
230997, 1, 20250106112645.865030
231057, 1, 20250106112646.865057
231117, 1, 20250106112647.865086
231177, 1, 20250106112648.865114
231237, 1, 20250106112649.865149
231297, 1, 20250106112650.865153
231357, 1, 20250106112651.865196
231417, 1, 20250106112652.865216
231477, 1, 20250106112653.865243
231537, 1, 20250106112654.865302
231597, 1, 20250106112655.865331
231657, 1, 20250106112656.865339
231717, 1, 20250106112657.865362
231777, 1, 20250106112658.865389
231837, 1, 20250106112659.865441
231897, 1, 20250106112700.865454
231957, 1, 20250106112701.865488
232017, 1, 20250106112702.865516
