339665, 1, 20250111222916.832372
339725, 1, 20250111222917.832410
339785, 1, 20250111222918.832428
339845, 1, 20250111222919.832472
339905, 1, 20250111222920.832484
339965, 1, 20250111222921.832546
340025, 1, 20250111222922.832582
340085, 1, 20250111222923.832570
340145, 1, 20250111222924.832616
340205, 1, 20250111222925.832637
340265, 1, 20250111222926.832674
340325, 1, 20250111222927.832699
340385, 1, 20250111222928.832734
340445, 1, 20250111222929.832772
340505, 1, 20250111222930.832787
340565, 1, 20250111222931.832839
340625, 1, 20250111222932.832869
340685, 1, 20250111222933.832879
340745, 1, 20250111222934.832921
340805, 1, 20250111222935.832945
340865, 1, 20250111222936.832954
340925, 1, 20250111222937.833004
340985, 1, 20250111222938.833019
341045, 1, 20250111222939.833061
341105, 1, 20250111222940.833086
341165, 1, 20250111222941.833139
341225, 1, 20250111222942.833139
341285, 1, 20250111222943.833184
341345, 1, 20250111222944.833203
341405, 1, 20250111222945.833228
341465, 1, 20250111222946.833257
341525, 1, 20250111222947.833293
341585, 1, 20250111222948.833309
341645, 1, 20250111222949.833349
341705, 1, 20250111222950.833381
341765, 1, 20250111222951.833401
341825, 1, 20250111222952.833431
341885, 1, 20250111222953.833458
341945, 1, 20250111222954.833508
342005, 1, 20250111222955.833532
342065, 1, 20250111222956.833555
342125, 1, 20250111222957.833583
342185, 1, 20250111222958.833625
342245, 1, 20250111222959.833650
342305, 1, 20250111223000.833689
342365, 1, 20250111223001.833725
342425, 1, 20250111223002.833726
342485, 1, 20250111223003.833765
342545, 1, 20250111223004.833794
342605, 1, 20250111223005.833828
342665, 1, 20250111223006.833857
342725, 1, 20250111223007.833885
342785, 1, 20250111223008.833910
342845, 1, 20250111223009.833942
342905, 1, 20250111223010.833997
342965, 1, 20250111223011.834016
343025, 1, 20250111223012.834021
343085, 1, 20250111223013.834049
343145, 1, 20250111223014.834078
343205, 1, 20250111223015.834124
343265, 1, 20250111223016.834135
343325, 1, 20250111223017.834171
343385, 1, 20250111223018.834212
343445, 1, 20250111223019.834247
343505, 1, 20250111223020.834258
343565, 1, 20250111223021.834301
343625, 1, 20250111223022.834326
343685, 1, 20250111223023.834371
343745, 1, 20250111223024.834380
343805, 1, 20250111223025.834411
343865, 1, 20250111223026.834449
343925, 1, 20250111223027.834477
343985, 1, 20250111223028.834487
344045, 1, 20250111223029.834541
344105, 1, 20250111223030.834575
344165, 1, 20250111223031.834595
344225, 1, 20250111223032.834614
344285, 1, 20250111223033.834640
344345, 1, 20250111223034.834688
344405, 1, 20250111223035.834707
344465, 1, 20250111223036.834740
344525, 1, 20250111223037.834777
344585, 1, 20250111223038.834793
344645, 1, 20250111223039.834852
344705, 1, 20250111223040.834866
344765, 1, 20250111223041.834889
344825, 1, 20250111223042.834907
344885, 1, 20250111223043.834935
344945, 1, 20250111223044.834966
345005, 1, 20250111223045.835019
345065, 1, 20250111223046.835031
345125, 1, 20250111223047.835063
345185, 1, 20250111223048.835091
345245, 1, 20250111223049.835133
345305, 1, 20250111223050.835155
345365, 1, 20250111223051.835199
345425, 1, 20250111223052.835208
345485, 1, 20250111223053.835235
345545, 1, 20250111223054.835268
345605, 1, 20250111223055.835282
345665, 1, 20250111223056.835321
345725, 1, 20250111223057.835352
345785, 1, 20250111223058.835385
