177925, 1, 20241224104604.330499
177985, 1, 20241224104605.330539
178045, 1, 20241224104606.330553
178105, 1, 20241224104607.330589
178165, 1, 20241224104608.330640
178225, 1, 20241224104609.330665
178285, 1, 20241224104610.330676
178345, 1, 20241224104611.330703
178405, 1, 20241224104612.330740
178465, 1, 20241224104613.330771
178525, 1, 20241224104614.330791
178585, 1, 20241224104615.330816
178645, 1, 20241224104616.330842
178705, 1, 20241224104617.330887
178765, 1, 20241224104618.330941
178825, 1, 20241224104619.330943
178885, 1, 20241224104620.330957
178945, 1, 20241224104621.330996
179005, 1, 20241224104622.331033
179065, 1, 20241224104623.331047
179125, 1, 20241224104624.331083
179185, 1, 20241224104625.331108
179245, 1, 20241224104626.331144
179305, 1, 20241224104627.331188
179365, 1, 20241224104628.331190
179425, 1, 20241224104629.331219
179485, 1, 20241224104630.331267
179545, 1, 20241224104631.331290
179605, 1, 20241224104632.331309
179665, 1, 20241224104633.331352
179725, 1, 20241224104634.331365
179785, 1, 20241224104635.331411
179845, 1, 20241224104636.331427
179905, 1, 20241224104637.331481
179965, 1, 20241224104638.331522
180025, 1, 20241224104639.331501
180085, 1, 20241224104640.331561
180145, 1, 20241224104641.331581
180205, 1, 20241224104642.331613
