823833, 1, 20250116113308.254162
823893, 1, 20250116113309.254199
823953, 1, 20250116113310.254214
824013, 1, 20250116113311.254259
824073, 1, 20250116113312.254272
824133, 1, 20250116113313.254316
824193, 1, 20250116113314.254334
824253, 1, 20250116113315.254374
824313, 1, 20250116113316.254437
824373, 1, 20250116113317.254432
824433, 1, 20250116113318.254451
824493, 1, 20250116113319.254491
824553, 1, 20250116113320.254516
824613, 1, 20250116113321.254568
824673, 1, 20250116113322.254586
824733, 1, 20250116113323.254610
824793, 1, 20250116113324.254640
824853, 1, 20250116113325.254671
824913, 1, 20250116113326.254694
824973, 1, 20250116113327.254733
825033, 1, 20250116113328.254752
825093, 1, 20250116113329.254780
825153, 1, 20250116113330.254803
825213, 1, 20250116113331.254852
825273, 1, 20250116113332.254883
825333, 1, 20250116113333.254910
825393, 1, 20250116113334.254919
825453, 1, 20250116113335.254957
825513, 1, 20250116113336.254993
825573, 1, 20250116113337.255016
825633, 1, 20250116113338.255047
825693, 1, 20250116113339.255070
825753, 1, 20250116113340.255112
825813, 1, 20250116113341.255130
825873, 1, 20250116113342.255172
825933, 1, 20250116113343.255196
825993, 1, 20250116113344.255214
826053, 1, 20250116113345.255259
826113, 1, 20250116113346.255273
826173, 1, 20250116113347.255302
826233, 1, 20250116113348.255340
826293, 1, 20250116113349.255414
826353, 1, 20250116113350.255398
826413, 1, 20250116113351.255441
826473, 1, 20250116113352.255450
826533, 1, 20250116113353.255490
826593, 1, 20250116113354.255516
826653, 1, 20250116113355.255525
826713, 1, 20250116113356.255568
826773, 1, 20250116113357.255618
826833, 1, 20250116113358.255642
826893, 1, 20250116113359.255665
826953, 1, 20250116113400.255696
827013, 1, 20250116113401.255714
827073, 1, 20250116113402.255740
827133, 1, 20250116113403.255767
827193, 1, 20250116113404.255766
827253, 1, 20250116113405.255837
827313, 1, 20250116113406.255837
827373, 1, 20250116113407.255888
827433, 1, 20250116113408.255908
827493, 1, 20250116113409.255939
827553, 1, 20250116113410.256001
827613, 1, 20250116113411.256016
827673, 1, 20250116113412.256007
827733, 1, 20250116113413.256041
827793, 1, 20250116113414.256100
827853, 1, 20250116113415.256082
827913, 1, 20250116113416.256120
827973, 1, 20250116113417.256145
828033, 1, 20250116113418.256148
828093, 1, 20250116113419.256182
828153, 1, 20250116113420.256227
828213, 1, 20250116113421.256257
828273, 1, 20250116113422.256342
828333, 1, 20250116113423.256323
828393, 1, 20250116113424.256337
828453, 1, 20250116113425.256377
828513, 1, 20250116113426.256390
828573, 1, 20250116113427.256433
828633, 1, 20250116113428.256450
828693, 1, 20250116113429.256539
828753, 1, 20250116113430.256505
828813, 1, 20250116113431.256585
828873, 1, 20250116113432.256602
828933, 1, 20250116113433.256656
828993, 1, 20250116113434.256680
829053, 1, 20250116113435.256700
829113, 1, 20250116113436.256678
829173, 1, 20250116113437.256722
829233, 1, 20250116113438.256794
829293, 1, 20250116113439.256807
829353, 1, 20250116113440.256869
829413, 1, 20250116113441.256848
