73503, 1, 20250112203358.100621
73563, 1, 20250112203359.100673
73623, 1, 20250112203400.100681
73683, 1, 20250112203401.100583
73743, 1, 20250112203402.100601
73803, 1, 20250112203403.100646
73863, 1, 20250112203404.100668
73923, 1, 20250112203405.100722
73983, 1, 20250112203406.100756
74043, 1, 20250112203407.100898
74103, 1, 20250112203408.100795
74163, 1, 20250112203409.100819
74223, 1, 20250112203410.100845
74283, 1, 20250112203411.101020
74343, 1, 20250112203412.100910
74403, 1, 20250112203413.100941
74463, 1, 20250112203414.100972
74523, 1, 20250112203415.101156
74583, 1, 20250112203416.101026
74643, 1, 20250112203417.101192
74703, 1, 20250112203418.101222
74763, 1, 20250112203419.101252
74823, 1, 20250112203420.101291
74883, 1, 20250112203421.101312
74943, 1, 20250112203422.101340
75003, 1, 20250112203423.101371
75063, 1, 20250112203424.101403
75123, 1, 20250112203425.101427
75183, 1, 20250112203426.101447
75243, 1, 20250112203427.101491
75303, 1, 20250112203428.101522
75363, 1, 20250112203429.101541
75423, 1, 20250112203430.101569
75483, 1, 20250112203431.101607
75543, 1, 20250112203432.101635
75603, 1, 20250112203433.101583
75663, 1, 20250112203434.101591
75723, 1, 20250112203435.101732
75783, 1, 20250112203436.101743
75843, 1, 20250112203437.101767
75903, 1, 20250112203438.101807
75963, 1, 20250112203439.101836
76023, 1, 20250112203440.101878
