86835, 1, 20250121185049.788878
86895, 1, 20250121185050.788928
86955, 1, 20250121185051.788940
87015, 1, 20250121185052.788976
87075, 1, 20250121185053.789014
87135, 1, 20250121185054.789031
87195, 1, 20250121185055.789056
87255, 1, 20250121185056.789107
87315, 1, 20250121185057.789135
87375, 1, 20250121185058.789166
87435, 1, 20250121185059.789181
87495, 1, 20250121185100.789204
87555, 1, 20250121185101.789252
87615, 1, 20250121185102.789274
87675, 1, 20250121185103.789302
87735, 1, 20250121185104.789332
