205409, 1, 20250121141548.088099
205469, 1, 20250121141549.088164
205529, 1, 20250121141550.088176
205589, 1, 20250121141551.088197
205649, 1, 20250121141552.088218
205709, 1, 20250121141553.088253
205769, 1, 20250121141554.088283
205829, 1, 20250121141555.088324
205889, 1, 20250121141556.088332
205949, 1, 20250121141557.088374
206009, 1, 20250121141558.088398
206069, 1, 20250121141559.088439
206129, 1, 20250121141600.088467
206189, 1, 20250121141601.088478
206249, 1, 20250121141602.088509
206309, 1, 20250121141603.088546
206369, 1, 20250121141604.088563
206429, 1, 20250121141605.088609
206489, 1, 20250121141606.088623
206549, 1, 20250121141607.088644
206609, 1, 20250121141608.088696
206669, 1, 20250121141609.088734
206729, 1, 20250121141610.088762
206789, 1, 20250121141611.088769
206849, 1, 20250121141612.088801
206909, 1, 20250121141613.088823
206969, 1, 20250121141614.088862
207029, 1, 20250121141615.088903
207089, 1, 20250121141616.088915
207149, 1, 20250121141617.088963
207209, 1, 20250121141618.088974
207269, 1, 20250121141619.089014
207329, 1, 20250121141620.089039
