240273, 1, 20241220164506.154179
240333, 1, 20241220164507.154200
240393, 1, 20241220164508.154223
240453, 1, 20241220164509.154249
240513, 1, 20241220164510.154292
240573, 1, 20241220164511.154321
240633, 1, 20241220164512.154344
240693, 1, 20241220164513.154390
240753, 1, 20241220164514.154414
240813, 1, 20241220164515.154433
240873, 1, 20241220164516.154561
240933, 1, 20241220164517.154503
240993, 1, 20241220164518.154625
241053, 1, 20241220164519.154552
241113, 1, 20241220164520.154617
241173, 1, 20241220164521.154696
241233, 1, 20241220164522.154649
241293, 1, 20241220164523.154774
241353, 1, 20241220164524.154717
241413, 1, 20241220164525.154725
241473, 1, 20241220164526.154754
241533, 1, 20241220164527.154792
241593, 1, 20241220164528.154917
241653, 1, 20241220164529.154845
241713, 1, 20241220164530.154872
241773, 1, 20241220164531.154896
241833, 1, 20241220164532.155028
241893, 1, 20241220164533.155034
241953, 1, 20241220164534.154985
242013, 1, 20241220164535.155015
242073, 1, 20241220164536.155051
242133, 1, 20241220164537.155065
242193, 1, 20241220164538.155107
242253, 1, 20241220164539.155139
242313, 1, 20241220164540.155166
242373, 1, 20241220164541.155288
242433, 1, 20241220164542.155222
242493, 1, 20241220164543.155246
242553, 1, 20241220164544.155375
242613, 1, 20241220164545.155301
242673, 1, 20241220164546.155436
242733, 1, 20241220164547.155375
242793, 1, 20241220164548.155403
242853, 1, 20241220164549.155510
242913, 1, 20241220164550.155452
242973, 1, 20241220164551.155575
243033, 1, 20241220164552.155590
243093, 1, 20241220164553.155660
243153, 1, 20241220164554.155569
243213, 1, 20241220164555.155603
243273, 1, 20241220164556.155718
243333, 1, 20241220164557.155688
243393, 1, 20241220164558.155688
243453, 1, 20241220164559.155683
243513, 1, 20241220164600.155739
243573, 1, 20241220164601.155762
243633, 1, 20241220164602.155812
243693, 1, 20241220164603.155848
243753, 1, 20241220164604.155858
243813, 1, 20241220164605.155877
243873, 1, 20241220164606.155913
243933, 1, 20241220164607.156030
243993, 1, 20241220164608.155988
244053, 1, 20241220164609.156097
244113, 1, 20241220164610.156033
244173, 1, 20241220164611.156145
244233, 1, 20241220164612.156088
244293, 1, 20241220164613.156128
244353, 1, 20241220164614.156227
244413, 1, 20241220164615.156267
244473, 1, 20241220164616.156205
244533, 1, 20241220164617.156225
244593, 1, 20241220164618.156259
244653, 1, 20241220164619.156392
244713, 1, 20241220164620.156420
244773, 1, 20241220164621.156354
244833, 1, 20241220164622.156457
244893, 1, 20241220164623.156477
244953, 1, 20241220164624.156427
245013, 1, 20241220164625.156460
245073, 1, 20241220164626.156489
245133, 1, 20241220164627.156514
245193, 1, 20241220164628.156635
245253, 1, 20241220164629.156667
245313, 1, 20241220164630.156689
245373, 1, 20241220164631.156649
245433, 1, 20241220164632.156687
245493, 1, 20241220164633.156692
245553, 1, 20241220164634.156729
245613, 1, 20241220164635.156744
245673, 1, 20241220164636.156780
245733, 1, 20241220164637.156793
245793, 1, 20241220164638.156843
245853, 1, 20241220164639.156860
245913, 1, 20241220164640.156896
245973, 1, 20241220164641.157035
246033, 1, 20241220164642.156979
246093, 1, 20241220164643.156990
246153, 1, 20241220164644.157017
246213, 1, 20241220164645.157041
246273, 1, 20241220164646.157159
246333, 1, 20241220164647.157100
246393, 1, 20241220164648.157132
246453, 1, 20241220164649.157246
246513, 1, 20241220164650.157264
246573, 1, 20241220164651.157242
