31583, 1, 20241222112922.883174
31643, 1, 20241222112923.883217
31703, 1, 20241222112924.883248
31763, 1, 20241222112925.883266
31823, 1, 20241222112926.883311
31883, 1, 20241222112927.883332
31943, 1, 20241222112928.883356
32003, 1, 20241222112929.883415
32063, 1, 20241222112930.883428
32123, 1, 20241222112931.883451
32183, 1, 20241222112932.883481
32243, 1, 20241222112933.883527
32303, 1, 20241222112934.883544
32363, 1, 20241222112935.883560
32423, 1, 20241222112936.883603
32483, 1, 20241222112937.883621
32543, 1, 20241222112938.883635
32603, 1, 20241222112939.883698
32663, 1, 20241222112940.883719
32723, 1, 20241222112941.883739
32783, 1, 20241222112942.883773
32843, 1, 20241222112943.883806
32903, 1, 20241222112944.883820
32963, 1, 20241222112945.883858
33023, 1, 20241222112946.883891
33083, 1, 20241222112947.883922
33143, 1, 20241222112948.883958
33203, 1, 20241222112949.883970
33263, 1, 20241222112950.884012
33323, 1, 20241222112951.884037
33383, 1, 20241222112952.884066
33443, 1, 20241222112953.884092
33503, 1, 20241222112954.884131
33563, 1, 20241222112955.884146
33623, 1, 20241222112956.884183
33683, 1, 20241222112957.884208
33743, 1, 20241222112958.884249
33803, 1, 20241222112959.884273
33863, 1, 20241222113000.884301
33923, 1, 20241222113001.884337
33983, 1, 20241222113002.884374
34043, 1, 20241222113003.884396
34103, 1, 20241222113004.884426
34163, 1, 20241222113005.884443
34223, 1, 20241222113006.884478
34283, 1, 20241222113007.884500
34343, 1, 20241222113008.884546
34403, 1, 20241222113009.884582
34463, 1, 20241222113010.884596
34523, 1, 20241222113011.884635
34583, 1, 20241222113012.884656
34643, 1, 20241222113013.884691
34703, 1, 20241222113014.884718
34763, 1, 20241222113015.884759
34823, 1, 20241222113016.884777
34883, 1, 20241222113017.884809
34943, 1, 20241222113018.884856
35003, 1, 20241222113019.884881
35063, 1, 20241222113020.884907
35123, 1, 20241222113021.884933
35183, 1, 20241222113022.884962
35243, 1, 20241222113023.884975
35303, 1, 20241222113024.885001
35363, 1, 20241222113025.885044
35423, 1, 20241222113026.885078
35483, 1, 20241222113027.885097
35543, 1, 20241222113028.885126
35603, 1, 20241222113029.885158
35663, 1, 20241222113030.885186
35723, 1, 20241222113031.885230
35783, 1, 20241222113032.885263
35843, 1, 20241222113033.885287
35903, 1, 20241222113034.885308
35963, 1, 20241222113035.885342
36023, 1, 20241222113036.885360
36083, 1, 20241222113037.885411
36143, 1, 20241222113038.885437
36203, 1, 20241222113039.885458
36263, 1, 20241222113040.885487
36323, 1, 20241222113041.885508
36383, 1, 20241222113042.885533
36443, 1, 20241222113043.885570
36503, 1, 20241222113044.885603
36563, 1, 20241222113045.885634
36623, 1, 20241222113046.885658
36683, 1, 20241222113047.885713
36743, 1, 20241222113048.885735
36803, 1, 20241222113049.885745
36863, 1, 20241222113050.885778
36923, 1, 20241222113051.885812
36983, 1, 20241222113052.885847
37043, 1, 20241222113053.885869
37103, 1, 20241222113054.885905
37163, 1, 20241222113055.885935
37223, 1, 20241222113056.885960
37283, 1, 20241222113057.885998
37343, 1, 20241222113058.886035
37403, 1, 20241222113059.886055
37463, 1, 20241222113100.886076
37523, 1, 20241222113101.886120
37583, 1, 20241222113102.886153
37643, 1, 20241222113103.886172
37703, 1, 20241222113104.886214
37763, 1, 20241222113105.886225
37823, 1, 20241222113106.886252
37883, 1, 20241222113107.886294
37943, 1, 20241222113108.886323
38003, 1, 20241222113109.886347
38063, 1, 20241222113110.886372
38123, 1, 20241222113111.886418
38183, 1, 20241222113112.886440
38243, 1, 20241222113113.886467
38303, 1, 20241222113114.886491
38363, 1, 20241222113115.886523
38423, 1, 20241222113116.886560
38483, 1, 20241222113117.886610
38543, 1, 20241222113118.886612
38603, 1, 20241222113119.886650
38663, 1, 20241222113120.886676
38723, 1, 20241222113121.886704
38783, 1, 20241222113122.886735
38843, 1, 20241222113123.886756
38903, 1, 20241222113124.886800
38963, 1, 20241222113125.886821
39023, 1, 20241222113126.886862
39083, 1, 20241222113127.886893
39143, 1, 20241222113128.886900
39203, 1, 20241222113129.886936
39263, 1, 20241222113130.886953
39323, 1, 20241222113131.887001
39383, 1, 20241222113132.887025
39443, 1, 20241222113133.887053
39503, 1, 20241222113134.887096
39563, 1, 20241222113135.887119
39623, 1, 20241222113136.887159
39683, 1, 20241222113137.887181
39743, 1, 20241222113138.887217
39803, 1, 20241222113139.887237
39863, 1, 20241222113140.887265
39923, 1, 20241222113141.887290
39983, 1, 20241222113142.887328
40043, 1, 20241222113143.887353
40103, 1, 20241222113144.887384
40163, 1, 20241222113145.887418
40223, 1, 20241222113146.887440
40283, 1, 20241222113147.887473
40343, 1, 20241222113148.887492
40403, 1, 20241222113149.887540
40463, 1, 20241222113150.887563
40523, 1, 20241222113151.887592
40583, 1, 20241222113152.887623
40643, 1, 20241222113153.887651
40703, 1, 20241222113154.887680
40763, 1, 20241222113155.887713
40823, 1, 20241222113156.887755
40883, 1, 20241222113157.887769
40943, 1, 20241222113158.887790
41003, 1, 20241222113159.887823
41063, 1, 20241222113200.887860
41123, 1, 20241222113201.887883
41183, 1, 20241222113202.887918
41243, 1, 20241222113203.887960
41303, 1, 20241222113204.887974
41363, 1, 20241222113205.888012
41423, 1, 20241222113206.888045
41483, 1, 20241222113207.888067
41543, 1, 20241222113208.888094
41603, 1, 20241222113209.888133
41663, 1, 20241222113210.888158
41723, 1, 20241222113211.888189
41783, 1, 20241222113212.888225
41843, 1, 20241222113213.888241
41903, 1, 20241222113214.888265
41963, 1, 20241222113215.888338
42023, 1, 20241222113216.888328
42083, 1, 20241222113217.888366
42143, 1, 20241222113218.888389
42203, 1, 20241222113219.888425
42263, 1, 20241222113220.888456
42323, 1, 20241222113221.888477
