167383, 1, 20241224104308.623729
167443, 1, 20241224104309.623729
167503, 1, 20241224104310.623752
167563, 1, 20241224104311.623785
167623, 1, 20241224104312.623802
167683, 1, 20241224104313.623837
167743, 1, 20241224104314.623864
167803, 1, 20241224104315.623909
167863, 1, 20241224104316.623920
167923, 1, 20241224104317.623960
167983, 1, 20241224104318.623990
168043, 1, 20241224104319.624028
168103, 1, 20241224104320.624038
168163, 1, 20241224104321.624078
168223, 1, 20241224104322.624109
168283, 1, 20241224104323.624140
168343, 1, 20241224104324.624162
168403, 1, 20241224104325.624193
168463, 1, 20241224104326.624225
168523, 1, 20241224104327.624273
168583, 1, 20241224104328.624301
168643, 1, 20241224104329.624310
168703, 1, 20241224104330.624339
168763, 1, 20241224104331.624366
168823, 1, 20241224104332.624419
168883, 1, 20241224104333.624433
168943, 1, 20241224104334.624460
169003, 1, 20241224104335.624488
169063, 1, 20241224104336.624512
169123, 1, 20241224104337.624556
169183, 1, 20241224104338.624581
169243, 1, 20241224104339.624600
