126045, 1, 20250111120747.688174
126105, 1, 20250111120748.688201
126165, 1, 20250111120749.688237
126225, 1, 20250111120750.688250
126285, 1, 20250111120751.688307
126345, 1, 20250111120752.688321
126405, 1, 20250111120753.688353
126465, 1, 20250111120754.688397
126525, 1, 20250111120755.688424
126585, 1, 20250111120756.688455
126645, 1, 20250111120757.688469
126705, 1, 20250111120758.688512
126765, 1, 20250111120759.688536
126825, 1, 20250111120800.688574
126885, 1, 20250111120801.688612
126945, 1, 20250111120802.688617
127005, 1, 20250111120803.688646
127065, 1, 20250111120804.688676
127125, 1, 20250111120805.688712
127185, 1, 20250111120806.688740
127245, 1, 20250111120807.688780
127305, 1, 20250111120808.688785
127365, 1, 20250111120809.688836
127425, 1, 20250111120810.688872
127485, 1, 20250111120811.688903
127545, 1, 20250111120812.688913
127605, 1, 20250111120813.688942
127665, 1, 20250111120814.688962
127725, 1, 20250111120815.689006
127785, 1, 20250111120816.689019
127845, 1, 20250111120817.689070
127905, 1, 20250111120818.689104
127965, 1, 20250111120819.689135
128025, 1, 20250111120820.689166
128085, 1, 20250111120821.689174
128145, 1, 20250111120822.689210
128205, 1, 20250111120823.689240
128265, 1, 20250111120824.689277
128325, 1, 20250111120825.689296
128385, 1, 20250111120826.689330
