1097859, 1, 20241227180046.773477
1097919, 1, 20241227180047.773516
1097979, 1, 20241227180048.773670
1098039, 1, 20241227180049.773699
1098099, 1, 20241227180050.773736
1098159, 1, 20241227180051.773767
1098219, 1, 20241227180052.773789
1098279, 1, 20241227180053.773818
1098339, 1, 20241227180054.773847
1098399, 1, 20241227180055.773873
1098459, 1, 20241227180056.773938
1098519, 1, 20241227180057.773926
1098579, 1, 20241227180058.773964
1098639, 1, 20241227180059.773992
1098699, 1, 20241227180100.774018
1098759, 1, 20241227180101.774040
1098819, 1, 20241227180102.774076
1098879, 1, 20241227180103.774097
1098939, 1, 20241227180104.774139
1098999, 1, 20241227180105.774162
1099059, 1, 20241227180106.774192
1099119, 1, 20241227180107.774219
1099179, 1, 20241227180108.774255
1099239, 1, 20241227180109.774276
1099299, 1, 20241227180110.774311
1099359, 1, 20241227180111.774347
1099419, 1, 20241227180112.774377
1099479, 1, 20241227180113.774404
1099539, 1, 20241227180114.774425
1099599, 1, 20241227180115.774487
1099659, 1, 20241227180116.774514
1099719, 1, 20241227180117.774521
1099779, 1, 20241227180118.774547
1099839, 1, 20241227180119.774585
1099899, 1, 20241227180120.774617
1099959, 1, 20241227180121.774630
1100019, 1, 20241227180122.774663
1100079, 1, 20241227180123.774713
1100139, 1, 20241227180124.774722
1100199, 1, 20241227180125.774775
1100259, 1, 20241227180126.774769
1100319, 1, 20241227180127.774818
1100379, 1, 20241227180128.774844
1100439, 1, 20241227180129.774868
1100499, 1, 20241227180130.774908
1100559, 1, 20241227180131.774932
1100619, 1, 20241227180132.774967
1100679, 1, 20241227180133.774984
1100739, 1, 20241227180134.775030
1100799, 1, 20241227180135.775072
1100859, 1, 20241227180136.775084
1100919, 1, 20241227180137.775106
1100979, 1, 20241227180138.775139
1101039, 1, 20241227180139.775172
1101099, 1, 20241227180140.775194
1101159, 1, 20241227180141.775223
1101219, 1, 20241227180142.775257
1101279, 1, 20241227180143.775290
1101339, 1, 20241227180144.775315
1101399, 1, 20241227180145.775342
1101459, 1, 20241227180146.775378
1101519, 1, 20241227180147.775412
1101579, 1, 20241227180148.775433
1101639, 1, 20241227180149.775469
1101699, 1, 20241227180150.775488
1101759, 1, 20241227180151.775536
1101819, 1, 20241227180152.775549
1101879, 1, 20241227180153.775581
1101939, 1, 20241227180154.775623
1101999, 1, 20241227180155.775651
1102059, 1, 20241227180156.775665
1102119, 1, 20241227180157.775695
1102179, 1, 20241227180158.775726
1102239, 1, 20241227180159.775745
1102299, 1, 20241227180200.775790
1102359, 1, 20241227180201.775816
1102419, 1, 20241227180202.775846
1102479, 1, 20241227180203.775859
1102539, 1, 20241227180204.775916
1102599, 1, 20241227180205.775955
1102659, 1, 20241227180206.775964
1102719, 1, 20241227180207.775990
1102779, 1, 20241227180208.776029
1102839, 1, 20241227180209.776052
1102899, 1, 20241227180210.776068
1102959, 1, 20241227180211.776103
1103019, 1, 20241227180212.776137
1103079, 1, 20241227180213.776192
1103139, 1, 20241227180214.776213
1103199, 1, 20241227180215.776222
1103259, 1, 20241227180216.776246
1103319, 1, 20241227180217.776282
1103379, 1, 20241227180218.776283
1103439, 1, 20241227180219.776339
1103499, 1, 20241227180220.776364
1103559, 1, 20241227180221.776398
1103619, 1, 20241227180222.776432
1103679, 1, 20241227180223.776465
1103739, 1, 20241227180224.776474
1103799, 1, 20241227180225.776514
1103859, 1, 20241227180226.776557
1103919, 1, 20241227180227.776583
1103979, 1, 20241227180228.776609
1104039, 1, 20241227180229.776640
1104099, 1, 20241227180230.776658
1104159, 1, 20241227180231.776695
1104219, 1, 20241227180232.776729
1104279, 1, 20241227180233.776772
1104339, 1, 20241227180234.776807
1104399, 1, 20241227180235.776824
1104459, 1, 20241227180236.776834
1104519, 1, 20241227180237.776856
1104579, 1, 20241227180238.776905
1104639, 1, 20241227180239.776932
1104699, 1, 20241227180240.776960
1104759, 1, 20241227180241.776987
1104819, 1, 20241227180242.777019
1104879, 1, 20241227180243.777064
1104939, 1, 20241227180244.777097
1104999, 1, 20241227180245.777091
1105059, 1, 20241227180246.777131
1105119, 1, 20241227180247.777163
1105179, 1, 20241227180248.777198
1105239, 1, 20241227180249.777221
