396487, 1, 20241227144556.796364
396547, 1, 20241227144557.796387
396607, 1, 20241227144558.796414
396667, 1, 20241227144559.796456
396727, 1, 20241227144600.796471
396787, 1, 20241227144601.796518
396847, 1, 20241227144602.796529
396907, 1, 20241227144603.796562
396967, 1, 20241227144604.796600
397027, 1, 20241227144605.796652
397087, 1, 20241227144606.796664
397147, 1, 20241227144607.796689
397207, 1, 20241227144608.796705
397267, 1, 20241227144609.796730
397327, 1, 20241227144610.796776
397387, 1, 20241227144611.796796
397447, 1, 20241227144612.796819
397507, 1, 20241227144613.796852
397567, 1, 20241227144614.796873
397627, 1, 20241227144615.796932
397687, 1, 20241227144616.796957
397747, 1, 20241227144617.797005
397807, 1, 20241227144618.797003
397867, 1, 20241227144619.797032
397927, 1, 20241227144620.797059
397987, 1, 20241227144621.797071
398047, 1, 20241227144622.797097
398107, 1, 20241227144623.797135
398167, 1, 20241227144624.797171
398227, 1, 20241227144625.797203
398287, 1, 20241227144626.797223
398347, 1, 20241227144627.797246
398407, 1, 20241227144628.797277
398467, 1, 20241227144629.797317
398527, 1, 20241227144630.797329
398587, 1, 20241227144631.797362
398647, 1, 20241227144632.797393
398707, 1, 20241227144633.797411
398767, 1, 20241227144634.797445
398827, 1, 20241227144635.797487
398887, 1, 20241227144636.797497
398947, 1, 20241227144637.797540
399007, 1, 20241227144638.797552
399067, 1, 20241227144639.797598
399127, 1, 20241227144640.797627
399187, 1, 20241227144641.797645
399247, 1, 20241227144642.797688
399307, 1, 20241227144643.797720
399367, 1, 20241227144644.797754
399427, 1, 20241227144645.797782
399487, 1, 20241227144646.797780
399547, 1, 20241227144647.797821
399607, 1, 20241227144648.797849
399667, 1, 20241227144649.797871
399727, 1, 20241227144650.797902
399787, 1, 20241227144651.797935
399847, 1, 20241227144652.797970
399907, 1, 20241227144653.797986
399967, 1, 20241227144654.798039
400027, 1, 20241227144655.798048
400087, 1, 20241227144656.798070
400147, 1, 20241227144657.798104
400207, 1, 20241227144658.798127
400267, 1, 20241227144659.798157
400327, 1, 20241227144700.798188
400387, 1, 20241227144701.798223
400447, 1, 20241227144702.798248
400507, 1, 20241227144703.798278
400567, 1, 20241227144704.798302
400627, 1, 20241227144705.798330
400687, 1, 20241227144706.798347
400747, 1, 20241227144707.798397
400807, 1, 20241227144708.798423
400867, 1, 20241227144709.798441
400927, 1, 20241227144710.798455
400987, 1, 20241227144711.798497
401047, 1, 20241227144712.798525
401107, 1, 20241227144713.798566
401167, 1, 20241227144714.798610
401227, 1, 20241227144715.798631
401287, 1, 20241227144716.798629
401347, 1, 20241227144717.798668
401407, 1, 20241227144718.798702
401467, 1, 20241227144719.798722
401527, 1, 20241227144720.798747
401587, 1, 20241227144721.798775
401647, 1, 20241227144722.798820
401707, 1, 20241227144723.798861
401767, 1, 20241227144724.798876
401827, 1, 20241227144725.798914
401887, 1, 20241227144726.798932
401947, 1, 20241227144727.798938
402007, 1, 20241227144728.798990
402067, 1, 20241227144729.799020
402127, 1, 20241227144730.799030
402187, 1, 20241227144731.799073
402247, 1, 20241227144732.799110
402307, 1, 20241227144733.799113
402367, 1, 20241227144734.799147
402427, 1, 20241227144735.799190
402487, 1, 20241227144736.799223
402547, 1, 20241227144737.799251
402607, 1, 20241227144738.799262
402667, 1, 20241227144739.799312
402727, 1, 20241227144740.799334
402787, 1, 20241227144741.799361
402847, 1, 20241227144742.799393
402907, 1, 20241227144743.799427
402967, 1, 20241227144744.799447
403027, 1, 20241227144745.799474
403087, 1, 20241227144746.799518
403147, 1, 20241227144747.799511
403207, 1, 20241227144748.799549
403267, 1, 20241227144749.799580
403327, 1, 20241227144750.799596
403387, 1, 20241227144751.799633
403447, 1, 20241227144752.799685
403507, 1, 20241227144753.799695
403567, 1, 20241227144754.799712
403627, 1, 20241227144755.799737
403687, 1, 20241227144756.799762
403747, 1, 20241227144757.799792
403807, 1, 20241227144758.799823
403867, 1, 20241227144759.799862
403927, 1, 20241227144800.799884
403987, 1, 20241227144801.799884
404047, 1, 20241227144802.799951
404107, 1, 20241227144803.799994
404167, 1, 20241227144804.799987
404227, 1, 20241227144805.800013
404287, 1, 20241227144806.800038
