202359, 1, 20250111202550.199152
202419, 1, 20250111202551.199181
202479, 1, 20250111202552.199224
202539, 1, 20250111202553.199233
202599, 1, 20250111202554.199127
202659, 1, 20250111202555.199147
202719, 1, 20250111202556.199176
202779, 1, 20250111202557.199218
202839, 1, 20250111202558.199245
202899, 1, 20250111202559.199254
202959, 1, 20250111202600.199296
203019, 1, 20250111202601.199323
203079, 1, 20250111202602.199369
203139, 1, 20250111202603.199387
203199, 1, 20250111202604.199408
203259, 1, 20250111202605.199435
203319, 1, 20250111202606.199460
203379, 1, 20250111202607.199497
203439, 1, 20250111202608.199529
203499, 1, 20250111202609.199561
203559, 1, 20250111202610.199579
203619, 1, 20250111202611.199571
203679, 1, 20250111202612.199621
203739, 1, 20250111202613.199822
203799, 1, 20250111202614.199830
203859, 1, 20250111202615.199716
203919, 1, 20250111202616.199755
203979, 1, 20250111202617.199776
204039, 1, 20250111202618.199811
204099, 1, 20250111202619.199839
204159, 1, 20250111202620.199853
204219, 1, 20250111202621.199891
204279, 1, 20250111202622.200077
204339, 1, 20250111202623.200082
204399, 1, 20250111202624.200126
204459, 1, 20250111202625.200012
204519, 1, 20250111202626.200037
204579, 1, 20250111202627.200072
204639, 1, 20250111202628.200088
204699, 1, 20250111202629.200130
204759, 1, 20250111202630.200143
204819, 1, 20250111202631.200177
204879, 1, 20250111202632.200203
204939, 1, 20250111202633.200238
204999, 1, 20250111202634.200280
205059, 1, 20250111202635.200299
205119, 1, 20250111202636.200321
205179, 1, 20250111202637.200360
205239, 1, 20250111202638.200387
205299, 1, 20250111202639.200419
205359, 1, 20250111202640.200445
205419, 1, 20250111202641.200486
205479, 1, 20250111202642.200529
205539, 1, 20250111202643.200525
205599, 1, 20250111202644.200557
205659, 1, 20250111202645.200591
205719, 1, 20250111202646.200752
205779, 1, 20250111202647.200786
205839, 1, 20250111202648.200814
205899, 1, 20250111202649.200843
205959, 1, 20250111202650.200856
206019, 1, 20250111202651.200921
206079, 1, 20250111202652.200936
206139, 1, 20250111202653.200956
206199, 1, 20250111202654.200989
206259, 1, 20250111202655.201000
206319, 1, 20250111202656.201018
206379, 1, 20250111202657.201049
206439, 1, 20250111202658.201092
