56199, 1, 20250115182532.587360
56259, 1, 20250115182533.587378
56319, 1, 20250115182534.587419
56379, 1, 20250115182535.587443
56439, 1, 20250115182536.587478
56499, 1, 20250115182537.587508
56559, 1, 20250115182538.587547
56619, 1, 20250115182539.587568
56679, 1, 20250115182540.587590
56739, 1, 20250115182541.587620
56799, 1, 20250115182542.587644
56859, 1, 20250115182543.587683
56919, 1, 20250115182544.587717
56979, 1, 20250115182545.587739
57039, 1, 20250115182546.587758
57099, 1, 20250115182547.587796
57159, 1, 20250115182548.587822
57219, 1, 20250115182549.587846
57279, 1, 20250115182550.587886
57339, 1, 20250115182551.587913
57399, 1, 20250115182552.587944
57459, 1, 20250115182553.587960
