128105, 1, 20250112204908.169485
128165, 1, 20250112204909.169434
128225, 1, 20250112204910.169457
128285, 1, 20250112204911.169490
128345, 1, 20250112204912.169523
128405, 1, 20250112204913.169529
128465, 1, 20250112204914.169606
128525, 1, 20250112204915.169591
128585, 1, 20250112204916.169633
128645, 1, 20250112204917.169667
128705, 1, 20250112204918.169698
128765, 1, 20250112204919.169729
128825, 1, 20250112204920.169754
128885, 1, 20250112204921.169785
128945, 1, 20250112204922.169886
129005, 1, 20250112204923.169928
129065, 1, 20250112204924.169890
129125, 1, 20250112204925.169894
129185, 1, 20250112204926.169914
129245, 1, 20250112204927.169963
129305, 1, 20250112204928.170028
129365, 1, 20250112204929.170008
129425, 1, 20250112204930.170046
129485, 1, 20250112204931.170075
129545, 1, 20250112204932.169965
129605, 1, 20250112204933.170046
129665, 1, 20250112204934.170052
129725, 1, 20250112204935.170097
129785, 1, 20250112204936.170223
129845, 1, 20250112204937.170248
129905, 1, 20250112204938.170142
129965, 1, 20250112204939.170289
130025, 1, 20250112204940.170337
130085, 1, 20250112204941.170369
130145, 1, 20250112204942.170342
130205, 1, 20250112204943.170310
130265, 1, 20250112204944.170362
130325, 1, 20250112204945.170351
130385, 1, 20250112204946.170588
130445, 1, 20250112204947.170541
130505, 1, 20250112204948.170630
130565, 1, 20250112204949.170573
130625, 1, 20250112204950.170629
130685, 1, 20250112204951.170676
130745, 1, 20250112204952.170764
