539597, 1, 20250121154838.095237
539657, 1, 20250121154839.095237
539717, 1, 20250121154840.095286
539777, 1, 20250121154841.095297
539837, 1, 20250121154842.095341
539897, 1, 20250121154843.095358
539957, 1, 20250121154844.095397
540017, 1, 20250121154845.095414
540077, 1, 20250121154846.095459
540137, 1, 20250121154847.095495
540197, 1, 20250121154848.095527
540257, 1, 20250121154849.095534
540317, 1, 20250121154850.095577
540377, 1, 20250121154851.095588
540437, 1, 20250121154852.095627
540497, 1, 20250121154853.095655
540557, 1, 20250121154854.095693
540617, 1, 20250121154855.095709
540677, 1, 20250121154856.095755
540737, 1, 20250121154857.095772
540797, 1, 20250121154858.095809
540857, 1, 20250121154859.095833
540917, 1, 20250121154900.095862
540977, 1, 20250121154901.095883
541037, 1, 20250121154902.095922
541097, 1, 20250121154903.095949
541157, 1, 20250121154904.095994
541217, 1, 20250121154905.096004
541277, 1, 20250121154906.096065
541337, 1, 20250121154907.096077
541397, 1, 20250121154908.096086
541457, 1, 20250121154909.096110
541517, 1, 20250121154910.096153
541577, 1, 20250121154911.096189
541637, 1, 20250121154912.096215
541697, 1, 20250121154913.096247
541757, 1, 20250121154914.096283
541817, 1, 20250121154915.096297
541877, 1, 20250121154916.096342
541937, 1, 20250121154917.096379
541997, 1, 20250121154918.096389
542057, 1, 20250121154919.096417
542117, 1, 20250121154920.096457
542177, 1, 20250121154921.096481
542237, 1, 20250121154922.096499
542297, 1, 20250121154923.096542
542357, 1, 20250121154924.096569
542417, 1, 20250121154925.096587
542477, 1, 20250121154926.096643
542537, 1, 20250121154927.096651
542597, 1, 20250121154928.096691
542657, 1, 20250121154929.096713
542717, 1, 20250121154930.096752
542777, 1, 20250121154931.096775
542837, 1, 20250121154932.096798
542897, 1, 20250121154933.096827
542957, 1, 20250121154934.096860
543017, 1, 20250121154935.096898
543077, 1, 20250121154936.096921
543137, 1, 20250121154937.096941
543197, 1, 20250121154938.096983
543257, 1, 20250121154939.097008
543317, 1, 20250121154940.097035
543377, 1, 20250121154941.097063
543437, 1, 20250121154942.097111
543497, 1, 20250121154943.097129
543557, 1, 20250121154944.097160
543617, 1, 20250121154945.097196
543677, 1, 20250121154946.097223
543737, 1, 20250121154947.097245
543797, 1, 20250121154948.097270
543857, 1, 20250121154949.097296
543917, 1, 20250121154950.097331
543977, 1, 20250121154951.097355
544037, 1, 20250121154952.097392
544097, 1, 20250121154953.097410
544157, 1, 20250121154954.097449
544217, 1, 20250121154955.097496
544277, 1, 20250121154956.097538
544337, 1, 20250121154957.097534
544397, 1, 20250121154958.097566
544457, 1, 20250121154959.097592
544517, 1, 20250121155000.097636
544577, 1, 20250121155001.097650
544637, 1, 20250121155002.097678
544697, 1, 20250121155003.097709
544757, 1, 20250121155004.097737
544817, 1, 20250121155005.097792
544877, 1, 20250121155006.097799
544937, 1, 20250121155007.097827
544997, 1, 20250121155008.097876
545057, 1, 20250121155009.097896
545117, 1, 20250121155010.097917
545177, 1, 20250121155011.097945
545237, 1, 20250121155012.097984
545297, 1, 20250121155013.098004
545357, 1, 20250121155014.098048
545417, 1, 20250121155015.098070
545477, 1, 20250121155016.098092
545537, 1, 20250121155017.098129
545597, 1, 20250121155018.098153
545657, 1, 20250121155019.098185
545717, 1, 20250121155020.098221
545777, 1, 20250121155021.098241
545837, 1, 20250121155022.098279
545897, 1, 20250121155023.098294
545957, 1, 20250121155024.098349
546017, 1, 20250121155025.098377
546077, 1, 20250121155026.098396
546137, 1, 20250121155027.098416
546197, 1, 20250121155028.098458
546257, 1, 20250121155029.098479
546317, 1, 20250121155030.098512
546377, 1, 20250121155031.098528
546437, 1, 20250121155032.098573
546497, 1, 20250121155033.098598
546557, 1, 20250121155034.098649
546617, 1, 20250121155035.098668
546677, 1, 20250121155036.098688
546737, 1, 20250121155037.098704
546797, 1, 20250121155038.098747
546857, 1, 20250121155039.098763
546917, 1, 20250121155040.098809
546977, 1, 20250121155041.098822
547037, 1, 20250121155042.098861
547097, 1, 20250121155043.098908
547157, 1, 20250121155044.098932
547217, 1, 20250121155045.098938
547277, 1, 20250121155046.098987
547337, 1, 20250121155047.099014
547397, 1, 20250121155048.099040
547457, 1, 20250121155049.099057
547517, 1, 20250121155050.099100
547577, 1, 20250121155051.099123
547637, 1, 20250121155052.099160
547697, 1, 20250121155053.099181
547757, 1, 20250121155054.099209
547817, 1, 20250121155055.099229
547877, 1, 20250121155056.099272
547937, 1, 20250121155057.099313
547997, 1, 20250121155058.099343
548057, 1, 20250121155059.099371
548117, 1, 20250121155100.099407
548177, 1, 20250121155101.099422
548237, 1, 20250121155102.099458
548297, 1, 20250121155103.099499
548357, 1, 20250121155104.099535
548417, 1, 20250121155105.099548
548477, 1, 20250121155106.099574
548537, 1, 20250121155107.099601
548597, 1, 20250121155108.099638
548657, 1, 20250121155109.099653
548717, 1, 20250121155110.099695
548777, 1, 20250121155111.099715
548837, 1, 20250121155112.099750
548897, 1, 20250121155113.099795
548957, 1, 20250121155114.099827
549017, 1, 20250121155115.099832
549077, 1, 20250121155116.099870
549137, 1, 20250121155117.099892
549197, 1, 20250121155118.099934
549257, 1, 20250121155119.099952
549317, 1, 20250121155120.099992
549377, 1, 20250121155121.100020
549437, 1, 20250121155122.100047
549497, 1, 20250121155123.100065
549557, 1, 20250121155124.100116
549617, 1, 20250121155125.100150
549677, 1, 20250121155126.100171
549737, 1, 20250121155127.100189
549797, 1, 20250121155128.100236
549857, 1, 20250121155129.100244
549917, 1, 20250121155130.100275
549977, 1, 20250121155131.100312
550037, 1, 20250121155132.100347
550097, 1, 20250121155133.100371
550157, 1, 20250121155134.100406
550217, 1, 20250121155135.100423
550277, 1, 20250121155136.100456
