339139, 1, 20241222125449.015469
339199, 1, 20241222125450.015492
339259, 1, 20241222125451.015543
339319, 1, 20241222125452.015580
339379, 1, 20241222125453.015589
339439, 1, 20241222125454.015616
339499, 1, 20241222125455.015649
339559, 1, 20241222125456.015683
339619, 1, 20241222125457.015714
339679, 1, 20241222125458.015732
339739, 1, 20241222125459.015762
339799, 1, 20241222125500.015798
339859, 1, 20241222125501.015834
339919, 1, 20241222125502.015868
339979, 1, 20241222125503.015886
340039, 1, 20241222125504.015906
340099, 1, 20241222125505.015939
340159, 1, 20241222125506.015968
340219, 1, 20241222125507.016004
340279, 1, 20241222125508.016030
340339, 1, 20241222125509.016058
340399, 1, 20241222125510.016076
340459, 1, 20241222125511.016134
340519, 1, 20241222125512.016156
340579, 1, 20241222125513.016174
340639, 1, 20241222125514.016210
340699, 1, 20241222125515.016233
340759, 1, 20241222125516.016259
340819, 1, 20241222125517.016294
340879, 1, 20241222125518.016320
340939, 1, 20241222125519.016356
340999, 1, 20241222125520.016379
341059, 1, 20241222125521.016398
341119, 1, 20241222125522.016441
341179, 1, 20241222125523.016460
341239, 1, 20241222125524.016493
341299, 1, 20241222125525.016526
341359, 1, 20241222125526.016557
341419, 1, 20241222125527.016588
341479, 1, 20241222125528.016611
341539, 1, 20241222125529.016634
341599, 1, 20241222125530.016679
341659, 1, 20241222125531.016717
341719, 1, 20241222125532.016712
341779, 1, 20241222125533.016748
341839, 1, 20241222125534.016794
341899, 1, 20241222125535.016825
341959, 1, 20241222125536.016849
342019, 1, 20241222125537.016876
342079, 1, 20241222125538.016904
342139, 1, 20241222125539.016922
342199, 1, 20241222125540.016977
342259, 1, 20241222125541.017007
342319, 1, 20241222125542.017019
342379, 1, 20241222125543.017050
342439, 1, 20241222125544.017079
342499, 1, 20241222125545.017112
342559, 1, 20241222125546.017136
342619, 1, 20241222125547.017157
342679, 1, 20241222125548.017196
342739, 1, 20241222125549.017244
342799, 1, 20241222125550.017261
342859, 1, 20241222125551.017286
342919, 1, 20241222125552.017317
342979, 1, 20241222125553.017352
343039, 1, 20241222125554.017370
343099, 1, 20241222125555.017412
343159, 1, 20241222125556.017430
343219, 1, 20241222125557.017469
343279, 1, 20241222125558.017487
343339, 1, 20241222125559.017518
343399, 1, 20241222125600.017551
343459, 1, 20241222125601.017579
343519, 1, 20241222125602.017612
343579, 1, 20241222125603.017640
343639, 1, 20241222125604.017649
343699, 1, 20241222125605.017688
343759, 1, 20241222125606.017720
343819, 1, 20241222125607.017748
343879, 1, 20241222125608.017782
343939, 1, 20241222125609.017828
343999, 1, 20241222125610.017854
344059, 1, 20241222125611.017856
344119, 1, 20241222125612.017894
344179, 1, 20241222125613.017922
344239, 1, 20241222125614.017955
344299, 1, 20241222125615.017990
344359, 1, 20241222125616.018012
344419, 1, 20241222125617.018038
344479, 1, 20241222125618.018076
344539, 1, 20241222125619.018126
344599, 1, 20241222125620.018151
344659, 1, 20241222125621.018151
344719, 1, 20241222125622.018192
344779, 1, 20241222125623.018212
