230527, 1, 20250122123903.518932
230587, 1, 20250122123904.518948
230647, 1, 20250122123905.518991
230707, 1, 20250122123906.519013
230767, 1, 20250122123907.519046
230827, 1, 20250122123908.519074
230887, 1, 20250122123909.519105
230947, 1, 20250122123910.519126
231007, 1, 20250122123911.519175
231067, 1, 20250122123912.519207
231127, 1, 20250122123913.519203
231187, 1, 20250122123914.519243
231247, 1, 20250122123915.519258
231307, 1, 20250122123916.519300
231367, 1, 20250122123917.519341
231427, 1, 20250122123918.519356
231487, 1, 20250122123919.519386
231547, 1, 20250122123920.519408
231607, 1, 20250122123921.519468
231667, 1, 20250122123922.519462
231727, 1, 20250122123923.519495
231787, 1, 20250122123924.519546
231847, 1, 20250122123925.519568
231907, 1, 20250122123926.519591
231967, 1, 20250122123927.519614
232027, 1, 20250122123928.519655
232087, 1, 20250122123929.519684
232147, 1, 20250122123930.519702
232207, 1, 20250122123931.519727
232267, 1, 20250122123932.519763
232327, 1, 20250122123933.519800
232387, 1, 20250122123934.519813
232447, 1, 20250122123935.519855
232507, 1, 20250122123936.519886
232567, 1, 20250122123937.519913
232627, 1, 20250122123938.519936
232687, 1, 20250122123939.519965
232747, 1, 20250122123940.520023
232807, 1, 20250122123941.520050
232867, 1, 20250122123942.520059
232927, 1, 20250122123943.520088
232987, 1, 20250122123944.520113
233047, 1, 20250122123945.520144
233107, 1, 20250122123946.520175
233167, 1, 20250122123947.520169
233227, 1, 20250122123948.520198
233287, 1, 20250122123949.520226
233347, 1, 20250122123950.520263
233407, 1, 20250122123951.520286
233467, 1, 20250122123952.520332
233527, 1, 20250122123953.520369
233587, 1, 20250122123954.520406
233647, 1, 20250122123955.520420
233707, 1, 20250122123956.520453
233767, 1, 20250122123957.520482
233827, 1, 20250122123958.520504
233887, 1, 20250122123959.520544
233947, 1, 20250122124000.520576
234007, 1, 20250122124001.520602
234067, 1, 20250122124002.520626
234127, 1, 20250122124003.520660
234187, 1, 20250122124004.520678
234247, 1, 20250122124005.520718
234307, 1, 20250122124006.520744
234367, 1, 20250122124007.520765
234427, 1, 20250122124008.520803
234487, 1, 20250122124009.520847
234547, 1, 20250122124010.520881
234607, 1, 20250122124011.520893
234667, 1, 20250122124012.520920
234727, 1, 20250122124013.520953
234787, 1, 20250122124014.520976
234847, 1, 20250122124015.521017
234907, 1, 20250122124016.521049
234967, 1, 20250122124017.521070
235027, 1, 20250122124018.521102
235087, 1, 20250122124019.521140
235147, 1, 20250122124020.521177
235207, 1, 20250122124021.521178
235267, 1, 20250122124022.521213
235327, 1, 20250122124023.521236
235387, 1, 20250122124024.521262
235447, 1, 20250122124025.521303
235507, 1, 20250122124026.521331
235567, 1, 20250122124027.521356
235627, 1, 20250122124028.521379
235687, 1, 20250122124029.521438
235747, 1, 20250122124030.521437
235807, 1, 20250122124031.521477
235867, 1, 20250122124032.521508
235927, 1, 20250122124033.521528
235987, 1, 20250122124034.521563
236047, 1, 20250122124035.521584
236107, 1, 20250122124036.521622
236167, 1, 20250122124037.521645
236227, 1, 20250122124038.521680
236287, 1, 20250122124039.521692
236347, 1, 20250122124040.521730
236407, 1, 20250122124041.521760
236467, 1, 20250122124042.521790
236527, 1, 20250122124043.521820
236587, 1, 20250122124044.521858
236647, 1, 20250122124045.521895
236707, 1, 20250122124046.521903
236767, 1, 20250122124047.521940
236827, 1, 20250122124048.521987
236887, 1, 20250122124049.522022
236947, 1, 20250122124050.522039
237007, 1, 20250122124051.522056
237067, 1, 20250122124052.522094
237127, 1, 20250122124053.522110
237187, 1, 20250122124054.522150
237247, 1, 20250122124055.522162
237307, 1, 20250122124056.522214
237367, 1, 20250122124057.522237
237427, 1, 20250122124058.522283
237487, 1, 20250122124059.522301
237547, 1, 20250122124100.522321
237607, 1, 20250122124101.522347
237667, 1, 20250122124102.522373
237727, 1, 20250122124103.522398
237787, 1, 20250122124104.522438
237847, 1, 20250122124105.522480
237907, 1, 20250122124106.522496
237967, 1, 20250122124107.522525
238027, 1, 20250122124108.522563
238087, 1, 20250122124109.522573
238147, 1, 20250122124110.522598
238207, 1, 20250122124111.522630
238267, 1, 20250122124112.522663
238327, 1, 20250122124113.522695
238387, 1, 20250122124114.522723
238447, 1, 20250122124115.522749
238507, 1, 20250122124116.522785
238567, 1, 20250122124117.522828
238627, 1, 20250122124118.522860
238687, 1, 20250122124119.522860
238747, 1, 20250122124120.522906
238807, 1, 20250122124121.522924
238867, 1, 20250122124122.522953
238927, 1, 20250122124123.522980
238987, 1, 20250122124124.523014
239047, 1, 20250122124125.523041
239107, 1, 20250122124126.523078
239167, 1, 20250122124127.523111
239227, 1, 20250122124128.523147
239287, 1, 20250122124129.523169
239347, 1, 20250122124130.523184
239407, 1, 20250122124131.523219
239467, 1, 20250122124132.523244
239527, 1, 20250122124133.523271
239587, 1, 20250122124134.523307
239647, 1, 20250122124135.523340
239707, 1, 20250122124136.523372
239767, 1, 20250122124137.523411
239827, 1, 20250122124138.523431
239887, 1, 20250122124139.523444
239947, 1, 20250122124140.523473
240007, 1, 20250122124141.523513
240067, 1, 20250122124142.523533
240127, 1, 20250122124143.523566
240187, 1, 20250122124144.523600
240247, 1, 20250122124145.523622
240307, 1, 20250122124146.523650
240367, 1, 20250122124147.523674
240427, 1, 20250122124148.523716
240487, 1, 20250122124149.523740
240547, 1, 20250122124150.523782
240607, 1, 20250122124151.523799
240667, 1, 20250122124152.523827
240727, 1, 20250122124153.523863
240787, 1, 20250122124154.523889
240847, 1, 20250122124155.523911
240907, 1, 20250122124156.523964
240967, 1, 20250122124157.523992
241027, 1, 20250122124158.524008
241087, 1, 20250122124159.524043
241147, 1, 20250122124200.524061
241207, 1, 20250122124201.524094
241267, 1, 20250122124202.524122
