256883, 1, 20250115140215.451719
256943, 1, 20250115140216.451745
257003, 1, 20250115140217.451771
257063, 1, 20250115140218.451813
257123, 1, 20250115140219.451837
257183, 1, 20250115140220.451874
257243, 1, 20250115140221.451917
257303, 1, 20250115140222.451992
257363, 1, 20250115140223.451976
257423, 1, 20250115140224.452027
257483, 1, 20250115140225.452069
257543, 1, 20250115140226.451890
257603, 1, 20250115140227.451930
257663, 1, 20250115140228.451951
257723, 1, 20250115140229.451990
257783, 1, 20250115140230.452019
257843, 1, 20250115140231.452231
257903, 1, 20250115140232.452275
257963, 1, 20250115140233.452382
258023, 1, 20250115140234.452372
258083, 1, 20250115140235.452413
258143, 1, 20250115140236.452434
258203, 1, 20250115140237.452513
258263, 1, 20250115140238.452545
258323, 1, 20250115140239.452532
258383, 1, 20250115140240.452572
258443, 1, 20250115140241.452663
258503, 1, 20250115140242.452531
258563, 1, 20250115140243.452570
258623, 1, 20250115140244.452593
258683, 1, 20250115140245.452608
258743, 1, 20250115140246.452608
258803, 1, 20250115140247.452655
258863, 1, 20250115140248.452677
258923, 1, 20250115140249.452698
258983, 1, 20250115140250.452759
259043, 1, 20250115140251.452801
259103, 1, 20250115140252.452786
259163, 1, 20250115140253.452816
259223, 1, 20250115140254.452856
259283, 1, 20250115140255.452899
259343, 1, 20250115140256.452898
259403, 1, 20250115140257.452939
259463, 1, 20250115140258.452976
259523, 1, 20250115140259.453022
259583, 1, 20250115140300.453010
259643, 1, 20250115140301.453051
259703, 1, 20250115140302.453095
259763, 1, 20250115140303.453114
259823, 1, 20250115140304.453140
259883, 1, 20250115140305.453156
259943, 1, 20250115140306.453207
260003, 1, 20250115140307.453222
260063, 1, 20250115140308.453259
260123, 1, 20250115140309.453288
260183, 1, 20250115140310.453319
260243, 1, 20250115140311.453347
260303, 1, 20250115140312.453377
260363, 1, 20250115140313.453402
260423, 1, 20250115140314.453433
260483, 1, 20250115140315.453472
260543, 1, 20250115140316.453489
260603, 1, 20250115140317.453521
260663, 1, 20250115140318.453548
260723, 1, 20250115140319.453597
260783, 1, 20250115140320.453622
260843, 1, 20250115140321.453628
260903, 1, 20250115140322.453671
260963, 1, 20250115140323.453699
261023, 1, 20250115140324.453731
261083, 1, 20250115140325.453754
261143, 1, 20250115140326.453769
261203, 1, 20250115140327.453819
261263, 1, 20250115140328.453852
261323, 1, 20250115140329.453881
261383, 1, 20250115140330.453895
261443, 1, 20250115140331.453922
261503, 1, 20250115140332.453957
261563, 1, 20250115140333.453980
261623, 1, 20250115140334.454017
261683, 1, 20250115140335.454034
261743, 1, 20250115140336.454063
261803, 1, 20250115140337.454097
261863, 1, 20250115140338.454128
261923, 1, 20250115140339.454155
261983, 1, 20250115140340.454180
262043, 1, 20250115140341.454215
262103, 1, 20250115140342.454246
262163, 1, 20250115140343.454256
262223, 1, 20250115140344.454291
262283, 1, 20250115140345.454333
262343, 1, 20250115140346.454364
262403, 1, 20250115140347.454380
262463, 1, 20250115140348.454440
262523, 1, 20250115140349.454467
262583, 1, 20250115140350.454468
262643, 1, 20250115140351.454497
262703, 1, 20250115140352.454544
262763, 1, 20250115140353.454572
262823, 1, 20250115140354.454596
262883, 1, 20250115140355.454617
262943, 1, 20250115140356.454652
263003, 1, 20250115140357.454683
263063, 1, 20250115140358.454726
263123, 1, 20250115140359.454749
263183, 1, 20250115140400.454765
263243, 1, 20250115140401.454785
263303, 1, 20250115140402.454823
263363, 1, 20250115140403.454853
263423, 1, 20250115140404.454891
263483, 1, 20250115140405.454900
263543, 1, 20250115140406.454946
263603, 1, 20250115140407.454966
263663, 1, 20250115140408.454983
263723, 1, 20250115140409.455022
263783, 1, 20250115140410.455062
263843, 1, 20250115140411.455085
263903, 1, 20250115140412.455117
263963, 1, 20250115140413.455141
264023, 1, 20250115140414.455171
264083, 1, 20250115140415.455205
264143, 1, 20250115140416.455215
264203, 1, 20250115140417.455250
264263, 1, 20250115140418.455296
264323, 1, 20250115140419.455322
264383, 1, 20250115140420.455337
264443, 1, 20250115140421.455369
264503, 1, 20250115140422.455410
264563, 1, 20250115140423.455270
264623, 1, 20250115140424.455310
264683, 1, 20250115140425.455353
264743, 1, 20250115140426.455364
264803, 1, 20250115140427.455419
264863, 1, 20250115140428.455451
264923, 1, 20250115140429.455467
264983, 1, 20250115140430.455482
265043, 1, 20250115140431.455516
265103, 1, 20250115140432.455553
265163, 1, 20250115140433.455705
265223, 1, 20250115140434.455735
265283, 1, 20250115140435.455761
265343, 1, 20250115140436.455792
