266131, 1, 20241221121223.786507
266191, 1, 20241221121224.786555
266251, 1, 20241221121225.786586
266311, 1, 20241221121226.786590
266371, 1, 20241221121227.786617
266431, 1, 20241221121228.786659
266491, 1, 20241221121229.786679
266551, 1, 20241221121230.786700
266611, 1, 20241221121231.786731
266671, 1, 20241221121232.786760
266731, 1, 20241221121233.786795
266791, 1, 20241221121234.786842
266851, 1, 20241221121235.786851
266911, 1, 20241221121236.786873
266971, 1, 20241221121237.786923
267031, 1, 20241221121238.786940
267091, 1, 20241221121239.786973
267151, 1, 20241221121240.787004
267211, 1, 20241221121241.786968
267271, 1, 20241221121242.786973
267331, 1, 20241221121243.786996
267391, 1, 20241221121244.787020
267451, 1, 20241221121245.787045
267511, 1, 20241221121246.787085
267571, 1, 20241221121247.787098
267631, 1, 20241221121248.787168
267691, 1, 20241221121249.787275
267751, 1, 20241221121250.787292
267811, 1, 20241221121251.787333
267871, 1, 20241221121252.787357
267931, 1, 20241221121253.787419
267991, 1, 20241221121254.787427
268051, 1, 20241221121255.787447
268111, 1, 20241221121256.787458
268171, 1, 20241221121257.787503
268231, 1, 20241221121258.787543
268291, 1, 20241221121259.787561
268351, 1, 20241221121300.787580
268411, 1, 20241221121301.787532
268471, 1, 20241221121302.787572
268531, 1, 20241221121303.787707
268591, 1, 20241221121304.787635
268651, 1, 20241221121305.787653
268711, 1, 20241221121306.787671
268771, 1, 20241221121307.787697
268831, 1, 20241221121308.787795
268891, 1, 20241221121309.787764
268951, 1, 20241221121310.787894
269011, 1, 20241221121311.787902
269071, 1, 20241221121312.787933
269131, 1, 20241221121313.787950
269191, 1, 20241221121314.787982
269251, 1, 20241221121315.788008
