623501, 1, 20250116103729.260931
623561, 1, 20250116103730.260994
623621, 1, 20250116103731.261030
623681, 1, 20250116103732.261051
623741, 1, 20250116103733.261084
623801, 1, 20250116103734.261115
623861, 1, 20250116103735.261154
623921, 1, 20250116103736.261136
623981, 1, 20250116103737.261199
624041, 1, 20250116103738.261245
624101, 1, 20250116103739.261257
624161, 1, 20250116103740.261305
624221, 1, 20250116103741.261326
624281, 1, 20250116103742.261344
624341, 1, 20250116103743.261393
624401, 1, 20250116103744.261410
624461, 1, 20250116103745.261436
624521, 1, 20250116103746.261457
624581, 1, 20250116103747.261491
624641, 1, 20250116103748.261531
624701, 1, 20250116103749.261560
624761, 1, 20250116103750.261559
624821, 1, 20250116103751.261626
624881, 1, 20250116103752.261650
624941, 1, 20250116103753.261668
625001, 1, 20250116103754.261707
625061, 1, 20250116103755.261735
625121, 1, 20250116103756.261758
625181, 1, 20250116103757.261787
625241, 1, 20250116103758.261815
625301, 1, 20250116103759.261861
625361, 1, 20250116103800.261890
625421, 1, 20250116103801.261902
625481, 1, 20250116103802.261934
625541, 1, 20250116103803.261959
625601, 1, 20250116103804.261972
625661, 1, 20250116103805.262012
625721, 1, 20250116103806.262043
625781, 1, 20250116103807.262098
625841, 1, 20250116103808.262096
625901, 1, 20250116103809.262141
625961, 1, 20250116103810.262160
626021, 1, 20250116103811.262200
626081, 1, 20250116103812.262238
626141, 1, 20250116103813.262258
626201, 1, 20250116103814.262284
626261, 1, 20250116103815.262310
626321, 1, 20250116103816.262326
626381, 1, 20250116103817.262379
626441, 1, 20250116103818.262391
626501, 1, 20250116103819.262438
626561, 1, 20250116103820.262469
626621, 1, 20250116103821.262481
626681, 1, 20250116103822.262510
626741, 1, 20250116103823.262553
626801, 1, 20250116103824.262574
626861, 1, 20250116103825.262601
626921, 1, 20250116103826.262628
626981, 1, 20250116103827.262660
627041, 1, 20250116103828.262689
627101, 1, 20250116103829.262725
627161, 1, 20250116103830.262761
627221, 1, 20250116103831.262778
627281, 1, 20250116103832.262798
627341, 1, 20250116103833.262837
627401, 1, 20250116103834.262851
627461, 1, 20250116103835.262891
627521, 1, 20250116103836.262906
627581, 1, 20250116103837.262960
627641, 1, 20250116103838.262980
627701, 1, 20250116103839.262996
627761, 1, 20250116103840.263024
627821, 1, 20250116103841.263065
627881, 1, 20250116103842.263091
627941, 1, 20250116103843.263132
628001, 1, 20250116103844.263142
628061, 1, 20250116103845.263195
628121, 1, 20250116103846.263204
628181, 1, 20250116103847.263244
628241, 1, 20250116103848.263289
628301, 1, 20250116103849.263325
628361, 1, 20250116103850.263343
628421, 1, 20250116103851.263371
628481, 1, 20250116103852.263390
628541, 1, 20250116103853.263415
628601, 1, 20250116103854.263441
628661, 1, 20250116103855.263473
628721, 1, 20250116103856.263495
628781, 1, 20250116103857.263537
628841, 1, 20250116103858.263587
628901, 1, 20250116103859.263619
628961, 1, 20250116103900.263631
629021, 1, 20250116103901.263659
629081, 1, 20250116103902.263688
629141, 1, 20250116103903.263706
629201, 1, 20250116103904.263736
629261, 1, 20250116103905.263768
629321, 1, 20250116103906.263793
629381, 1, 20250116103907.263860
629441, 1, 20250116103908.263889
629501, 1, 20250116103909.263895
629561, 1, 20250116103910.263910
629621, 1, 20250116103911.263948
629681, 1, 20250116103912.263971
629741, 1, 20250116103913.264012
629801, 1, 20250116103914.264039
629861, 1, 20250116103915.264066
629921, 1, 20250116103916.264098
629981, 1, 20250116103917.264132
630041, 1, 20250116103918.264141
630101, 1, 20250116103919.264214
630161, 1, 20250116103920.264209
630221, 1, 20250116103921.264247
630281, 1, 20250116103922.264272
630341, 1, 20250116103923.264314
630401, 1, 20250116103924.264324
630461, 1, 20250116103925.264368
630521, 1, 20250116103926.264410
630581, 1, 20250116103927.264441
630641, 1, 20250116103928.264473
630701, 1, 20250116103929.264483
630761, 1, 20250116103930.264507
630821, 1, 20250116103931.264556
630881, 1, 20250116103932.264578
630941, 1, 20250116103933.264620
631001, 1, 20250116103934.264632
631061, 1, 20250116103935.264655
