36773, 1, 20250112153231.587126
36833, 1, 20250112153232.587145
36893, 1, 20250112153233.587184
36953, 1, 20250112153234.587223
37013, 1, 20250112153235.587246
37073, 1, 20250112153236.587263
37133, 1, 20250112153237.587301
37193, 1, 20250112153238.587320
37253, 1, 20250112153239.587366
37313, 1, 20250112153240.587377
37373, 1, 20250112153241.587424
37433, 1, 20250112153242.587450
37493, 1, 20250112153243.587486
37553, 1, 20250112153244.587505
37613, 1, 20250112153245.587542
37673, 1, 20250112153246.587568
37733, 1, 20250112153247.587606
37793, 1, 20250112153248.587627
37853, 1, 20250112153249.587657
37913, 1, 20250112153250.587685
37973, 1, 20250112153251.587716
38033, 1, 20250112153252.587724
38093, 1, 20250112153253.587785
38153, 1, 20250112153254.587815
38213, 1, 20250112153255.587842
38273, 1, 20250112153256.587860
38333, 1, 20250112153257.587899
38393, 1, 20250112153258.587913
38453, 1, 20250112153259.587953
38513, 1, 20250112153300.587979
38573, 1, 20250112153301.588011
38633, 1, 20250112153302.588035
38693, 1, 20250112153303.588099
38753, 1, 20250112153304.588114
38813, 1, 20250112153305.588116
38873, 1, 20250112153306.588158
38933, 1, 20250112153307.588197
38993, 1, 20250112153308.588201
39053, 1, 20250112153309.588246
39113, 1, 20250112153310.588270
39173, 1, 20250112153311.588310
