159221, 1, 20250112160632.464009
159281, 1, 20250112160633.464052
159341, 1, 20250112160634.464081
159401, 1, 20250112160635.464102
159461, 1, 20250112160636.464139
159521, 1, 20250112160637.464161
159581, 1, 20250112160638.464199
159641, 1, 20250112160639.464211
159701, 1, 20250112160640.464253
159761, 1, 20250112160641.464284
159821, 1, 20250112160642.464313
159881, 1, 20250112160643.464348
159941, 1, 20250112160644.464386
160001, 1, 20250112160645.464395
160061, 1, 20250112160646.464413
160121, 1, 20250112160647.464456
160181, 1, 20250112160648.464480
160241, 1, 20250112160649.464518
160301, 1, 20250112160650.464544
160361, 1, 20250112160651.464566
160421, 1, 20250112160652.464593
160481, 1, 20250112160653.464644
160541, 1, 20250112160654.464642
160601, 1, 20250112160655.464677
160661, 1, 20250112160656.464716
160721, 1, 20250112160657.464749
160781, 1, 20250112160658.464777
160841, 1, 20250112160659.464796
160901, 1, 20250112160700.464829
160961, 1, 20250112160701.464850
161021, 1, 20250112160702.464886
161081, 1, 20250112160703.464922
161141, 1, 20250112160704.464945
161201, 1, 20250112160705.464966
161261, 1, 20250112160706.465008
161321, 1, 20250112160707.465027
161381, 1, 20250112160708.465059
161441, 1, 20250112160709.465091
161501, 1, 20250112160710.465123
161561, 1, 20250112160711.465129
161621, 1, 20250112160712.465186
