1081093, 1, 20250112122211.322686
1081153, 1, 20250112122212.322712
1081213, 1, 20250112122213.322735
1081273, 1, 20250112122214.322781
1081333, 1, 20250112122215.322823
1081393, 1, 20250112122216.322845
1081453, 1, 20250112122217.322854
1081513, 1, 20250112122218.322885
1081573, 1, 20250112122219.322920
1081633, 1, 20250112122220.322948
1081693, 1, 20250112122221.322979
1081753, 1, 20250112122222.323007
1081813, 1, 20250112122223.323028
1081873, 1, 20250112122224.323055
1081933, 1, 20250112122225.323112
1081993, 1, 20250112122226.323148
1082053, 1, 20250112122227.323145
1082113, 1, 20250112122228.323169
1082173, 1, 20250112122229.323209
1082233, 1, 20250112122230.323235
1082293, 1, 20250112122231.323265
1082353, 1, 20250112122232.323288
1082413, 1, 20250112122233.323330
1082473, 1, 20250112122234.323374
1082533, 1, 20250112122235.323403
1082593, 1, 20250112122236.323405
1082653, 1, 20250112122237.323441
1082713, 1, 20250112122238.323468
1082773, 1, 20250112122239.323504
1082833, 1, 20250112122240.323527
1082893, 1, 20250112122241.323554
1082953, 1, 20250112122242.323579
1083013, 1, 20250112122243.323621
1083073, 1, 20250112122244.323642
1083133, 1, 20250112122245.323672
1083193, 1, 20250112122246.323698
1083253, 1, 20250112122247.323720
1083313, 1, 20250112122248.323757
1083373, 1, 20250112122249.323784
1083433, 1, 20250112122250.323816
