451771, 1, 20250121152414.272792
451831, 1, 20250121152415.272832
451891, 1, 20250121152416.272849
451951, 1, 20250121152417.272877
452011, 1, 20250121152418.272914
452071, 1, 20250121152419.272942
452131, 1, 20250121152420.272972
452191, 1, 20250121152421.273009
452251, 1, 20250121152422.273051
452311, 1, 20250121152423.273047
452371, 1, 20250121152424.273079
452431, 1, 20250121152425.273118
452491, 1, 20250121152426.273138
452551, 1, 20250121152427.273176
452611, 1, 20250121152428.273200
452671, 1, 20250121152429.273231
452731, 1, 20250121152430.273271
452791, 1, 20250121152431.273304
452851, 1, 20250121152432.273345
452911, 1, 20250121152433.273344
452971, 1, 20250121152434.273384
453031, 1, 20250121152435.273396
453091, 1, 20250121152436.273446
453151, 1, 20250121152437.273467
453211, 1, 20250121152438.273500
453271, 1, 20250121152439.273519
453331, 1, 20250121152440.273551
453391, 1, 20250121152441.273601
453451, 1, 20250121152442.273616
453511, 1, 20250121152443.273648
453571, 1, 20250121152444.273677
453631, 1, 20250121152445.273693
453691, 1, 20250121152446.273735
453751, 1, 20250121152447.273762
453811, 1, 20250121152448.273788
453871, 1, 20250121152449.273816
453931, 1, 20250121152450.273840
453991, 1, 20250121152451.273876
454051, 1, 20250121152452.273908
454111, 1, 20250121152453.273916
454171, 1, 20250121152454.273960
454231, 1, 20250121152455.273986
454291, 1, 20250121152456.274034
454351, 1, 20250121152457.274055
454411, 1, 20250121152458.274089
454471, 1, 20250121152459.274105
454531, 1, 20250121152500.274167
454591, 1, 20250121152501.274195
454651, 1, 20250121152502.274209
454711, 1, 20250121152503.274221
454771, 1, 20250121152504.274265
454831, 1, 20250121152505.274288
454891, 1, 20250121152506.274316
454951, 1, 20250121152507.274349
455011, 1, 20250121152508.274384
455071, 1, 20250121152509.274403
455131, 1, 20250121152510.274466
455191, 1, 20250121152511.274488
455251, 1, 20250121152512.274496
455311, 1, 20250121152513.274518
455371, 1, 20250121152514.274547
455431, 1, 20250121152515.274580
455491, 1, 20250121152516.274611
455551, 1, 20250121152517.274633
455611, 1, 20250121152518.274678
455671, 1, 20250121152519.274699
