88051, 1, 20250117204831.676654
88111, 1, 20250117204832.676570
88171, 1, 20250117204833.676599
88231, 1, 20250117204834.676673
88291, 1, 20250117204835.676656
88351, 1, 20250117204836.676695
88411, 1, 20250117204837.676700
88471, 1, 20250117204838.676748
88531, 1, 20250117204839.676785
88591, 1, 20250117204840.676822
88651, 1, 20250117204841.676840
88711, 1, 20250117204842.676860
88771, 1, 20250117204843.676899
88831, 1, 20250117204844.676916
88891, 1, 20250117204845.676954
88951, 1, 20250117204846.676985
