32961, 1, 20250112153128.051224
33021, 1, 20250112153129.051251
33081, 1, 20250112153130.051276
33141, 1, 20250112153131.051335
33201, 1, 20250112153132.051433
33261, 1, 20250112153133.051357
33321, 1, 20250112153134.051464
33381, 1, 20250112153135.051426
33441, 1, 20250112153136.051502
33501, 1, 20250112153137.051505
33561, 1, 20250112153138.051526
33621, 1, 20250112153139.051614
33681, 1, 20250112153140.051571
33741, 1, 20250112153141.051589
33801, 1, 20250112153142.051635
33861, 1, 20250112153143.051639
33921, 1, 20250112153144.051785
33981, 1, 20250112153145.051791
34041, 1, 20250112153146.051817
34101, 1, 20250112153147.051789
34161, 1, 20250112153148.051894
34221, 1, 20250112153149.051842
34281, 1, 20250112153150.051877
34341, 1, 20250112153151.051905
34401, 1, 20250112153152.051926
34461, 1, 20250112153153.052006
34521, 1, 20250112153154.052051
34581, 1, 20250112153155.052087
34641, 1, 20250112153156.052037
34701, 1, 20250112153157.052089
34761, 1, 20250112153158.052113
34821, 1, 20250112153159.052143
34881, 1, 20250112153200.052175
34941, 1, 20250112153201.052278
35001, 1, 20250112153202.052222
35061, 1, 20250112153203.052258
35121, 1, 20250112153204.052366
35181, 1, 20250112153205.052400
35241, 1, 20250112153206.052357
35301, 1, 20250112153207.052373
35361, 1, 20250112153208.052413
