166501, 1, 20241227134203.551006
166561, 1, 20241227134204.551023
166621, 1, 20241227134205.551069
166681, 1, 20241227134206.551105
166741, 1, 20241227134207.551145
166801, 1, 20241227134208.551190
166861, 1, 20241227134209.551183
166921, 1, 20241227134210.551211
166981, 1, 20241227134211.551242
167041, 1, 20241227134212.551262
167101, 1, 20241227134213.551300
167161, 1, 20241227134214.551321
167221, 1, 20241227134215.551369
167281, 1, 20241227134216.551384
167341, 1, 20241227134217.551408
167401, 1, 20241227134218.551441
167461, 1, 20241227134219.551476
167521, 1, 20241227134220.551497
167581, 1, 20241227134221.551534
167641, 1, 20241227134222.551567
167701, 1, 20241227134223.551601
167761, 1, 20241227134224.551610
167821, 1, 20241227134225.551652
167881, 1, 20241227134226.551700
167941, 1, 20241227134227.551734
168001, 1, 20241227134228.551739
168061, 1, 20241227134229.551776
168121, 1, 20241227134230.551793
168181, 1, 20241227134231.551830
168241, 1, 20241227134232.551853
168301, 1, 20241227134233.551894
168361, 1, 20241227134234.551915
168421, 1, 20241227134235.551942
168481, 1, 20241227134236.551981
168541, 1, 20241227134237.552007
168601, 1, 20241227134238.552017
168661, 1, 20241227134239.552054
168721, 1, 20241227134240.552077
168781, 1, 20241227134241.552129
168841, 1, 20241227134242.552150
168901, 1, 20241227134243.552180
168961, 1, 20241227134244.552203
169021, 1, 20241227134245.552241
169081, 1, 20241227134246.552288
169141, 1, 20241227134247.552297
169201, 1, 20241227134248.552324
169261, 1, 20241227134249.552350
169321, 1, 20241227134250.552380
169381, 1, 20241227134251.552413
169441, 1, 20241227134252.552436
169501, 1, 20241227134253.552478
169561, 1, 20241227134254.552502
169621, 1, 20241227134255.552534
169681, 1, 20241227134256.552562
169741, 1, 20241227134257.552592
169801, 1, 20241227134258.552628
169861, 1, 20241227134259.552648
169921, 1, 20241227134300.552681
169981, 1, 20241227134301.552710
170041, 1, 20241227134302.552724
170101, 1, 20241227134303.552771
170161, 1, 20241227134304.552786
170221, 1, 20241227134305.552839
170281, 1, 20241227134306.552867
170341, 1, 20241227134307.552877
170401, 1, 20241227134308.552901
170461, 1, 20241227134309.552948
170521, 1, 20241227134310.552958
170581, 1, 20241227134311.552998
170641, 1, 20241227134312.553019
170701, 1, 20241227134313.553064
170761, 1, 20241227134314.553080
170821, 1, 20241227134315.553121
170881, 1, 20241227134316.553155
170941, 1, 20241227134317.553170
171001, 1, 20241227134318.553203
171061, 1, 20241227134319.553229
171121, 1, 20241227134320.553267
171181, 1, 20241227134321.553284
171241, 1, 20241227134322.553321
171301, 1, 20241227134323.553350
171361, 1, 20241227134324.553380
171421, 1, 20241227134325.553436
171481, 1, 20241227134326.553432
171541, 1, 20241227134327.553457
171601, 1, 20241227134328.553483
171661, 1, 20241227134329.553527
171721, 1, 20241227134330.553558
171781, 1, 20241227134331.553585
171841, 1, 20241227134332.553608
171901, 1, 20241227134333.553643
171961, 1, 20241227134334.553664
172021, 1, 20241227134335.553711
172081, 1, 20241227134336.553705
172141, 1, 20241227134337.553769
172201, 1, 20241227134338.553786
172261, 1, 20241227134339.553808
172321, 1, 20241227134340.553835
172381, 1, 20241227134341.553873
172441, 1, 20241227134342.553911
172501, 1, 20241227134343.553936
172561, 1, 20241227134344.553970
172621, 1, 20241227134345.554006
172681, 1, 20241227134346.554009
172741, 1, 20241227134347.554056
172801, 1, 20241227134348.554080
172861, 1, 20241227134349.554106
172921, 1, 20241227134350.554137
172981, 1, 20241227134351.554168
173041, 1, 20241227134352.554183
173101, 1, 20241227134353.554224
173161, 1, 20241227134354.554274
173221, 1, 20241227134355.554295
173281, 1, 20241227134356.554296
173341, 1, 20241227134357.554342
173401, 1, 20241227134358.554371
173461, 1, 20241227134359.554397
173521, 1, 20241227134400.554434
173581, 1, 20241227134401.554452
173641, 1, 20241227134402.554477
173701, 1, 20241227134403.554539
173761, 1, 20241227134404.554536
173821, 1, 20241227134405.554571
173881, 1, 20241227134406.554594
173941, 1, 20241227134407.554630
174001, 1, 20241227134408.554647
174061, 1, 20241227134409.554682
174121, 1, 20241227134410.554725
174181, 1, 20241227134411.554749
174241, 1, 20241227134412.554790
174301, 1, 20241227134413.554806
174361, 1, 20241227134414.554831
174421, 1, 20241227134415.554864
174481, 1, 20241227134416.554892
174541, 1, 20241227134417.554917
174601, 1, 20241227134418.554963
174661, 1, 20241227134419.554981
174721, 1, 20241227134420.555002
174781, 1, 20241227134421.555041
174841, 1, 20241227134422.555057
174901, 1, 20241227134423.555108
174961, 1, 20241227134424.555133
175021, 1, 20241227134425.555169
175081, 1, 20241227134426.555191
175141, 1, 20241227134427.555217
175201, 1, 20241227134428.555246
175261, 1, 20241227134429.555279
175321, 1, 20241227134430.555289
175381, 1, 20241227134431.555326
175441, 1, 20241227134432.555356
175501, 1, 20241227134433.555401
175561, 1, 20241227134434.555435
175621, 1, 20241227134435.555449
175681, 1, 20241227134436.555474
175741, 1, 20241227134437.555505
175801, 1, 20241227134438.555527
175861, 1, 20241227134439.555560
175921, 1, 20241227134440.555588
175981, 1, 20241227134441.555619
176041, 1, 20241227134442.555641
176101, 1, 20241227134443.555680
176161, 1, 20241227134444.555699
176221, 1, 20241227134445.555744
176281, 1, 20241227134446.555768
176341, 1, 20241227134447.555789
176401, 1, 20241227134448.555823
176461, 1, 20241227134449.555856
176521, 1, 20241227134450.555872
176581, 1, 20241227134451.555913
176641, 1, 20241227134452.555949
176701, 1, 20241227134453.555986
176761, 1, 20241227134454.556003
176821, 1, 20241227134455.556033
176881, 1, 20241227134456.556045
176941, 1, 20241227134457.556084
177001, 1, 20241227134458.556124
177061, 1, 20241227134459.556135
177121, 1, 20241227134500.556173
177181, 1, 20241227134501.556220
