816343, 1, 20241226154305.266977
816403, 1, 20241226154306.267004
816463, 1, 20241226154307.267065
816523, 1, 20241226154308.267065
816583, 1, 20241226154309.267097
816643, 1, 20241226154310.267115
816703, 1, 20241226154311.267141
816763, 1, 20241226154312.267184
816823, 1, 20241226154313.267215
816883, 1, 20241226154314.267246
816943, 1, 20241226154315.267267
817003, 1, 20241226154316.267293
817063, 1, 20241226154317.267336
817123, 1, 20241226154318.267357
817183, 1, 20241226154319.267378
817243, 1, 20241226154320.267407
817303, 1, 20241226154321.267438
