224831, 1, 20250112162446.004262
224891, 1, 20250112162447.004272
224951, 1, 20250112162448.004304
225011, 1, 20250112162449.004340
225071, 1, 20250112162450.004367
225131, 1, 20250112162451.004396
225191, 1, 20250112162452.004430
225251, 1, 20250112162453.004461
225311, 1, 20250112162454.004483
225371, 1, 20250112162455.004514
225431, 1, 20250112162456.004549
225491, 1, 20250112162457.004599
225551, 1, 20250112162458.004594
225611, 1, 20250112162459.004636
225671, 1, 20250112162500.004652
225731, 1, 20250112162501.004690
225791, 1, 20250112162502.004785
225851, 1, 20250112162503.004744
225911, 1, 20250112162504.004774
225971, 1, 20250112162505.004806
226031, 1, 20250112162506.004852
226091, 1, 20250112162507.004884
226151, 1, 20250112162508.004892
226211, 1, 20250112162509.004916
226271, 1, 20250112162510.004952
226331, 1, 20250112162511.004972
226391, 1, 20250112162512.005009
226451, 1, 20250112162513.005038
226511, 1, 20250112162514.005070
226571, 1, 20250112162515.005101
226631, 1, 20250112162516.005115
226691, 1, 20250112162517.005155
226751, 1, 20250112162518.005178
226811, 1, 20250112162519.005209
226871, 1, 20250112162520.005238
226931, 1, 20250112162521.005266
226991, 1, 20250112162522.005295
227051, 1, 20250112162523.005336
227111, 1, 20250112162524.005359
227171, 1, 20250112162525.005410
227231, 1, 20250112162526.005438
227291, 1, 20250112162527.005453
227351, 1, 20250112162528.005476
227411, 1, 20250112162529.005518
227471, 1, 20250112162530.005530
227531, 1, 20250112162531.005562
227591, 1, 20250112162532.005593
227651, 1, 20250112162533.005630
227711, 1, 20250112162534.005656
227771, 1, 20250112162535.005701
227831, 1, 20250112162536.005732
227891, 1, 20250112162537.005742
