25665, 1, 20250115111605.306510
25725, 1, 20250115111606.306534
25785, 1, 20250115111607.306580
25845, 1, 20250115111608.306617
25905, 1, 20250115111609.306629
25965, 1, 20250115111610.306656
26025, 1, 20250115111611.306713
26085, 1, 20250115111612.306718
26145, 1, 20250115111613.306778
26205, 1, 20250115111614.306807
26265, 1, 20250115111615.306846
26325, 1, 20250115111616.306871
26385, 1, 20250115111617.306910
26445, 1, 20250115111618.306961
26505, 1, 20250115111619.306963
26565, 1, 20250115111620.306977
26625, 1, 20250115111621.307032
26685, 1, 20250115111622.307060
26745, 1, 20250115111623.307089
26805, 1, 20250115111624.308320
26865, 1, 20250115111625.307156
26925, 1, 20250115111626.307172
26985, 1, 20250115111627.307214
27045, 1, 20250115111628.307256
27105, 1, 20250115111629.307301
27165, 1, 20250115111630.307401
27225, 1, 20250115111631.307421
27285, 1, 20250115111632.307475
27345, 1, 20250115111633.307429
27405, 1, 20250115111634.307527
27465, 1, 20250115111635.307360
27525, 1, 20250115111636.307398
27585, 1, 20250115111637.307414
27645, 1, 20250115111638.307441
27705, 1, 20250115111639.307485
27765, 1, 20250115111640.307513
27825, 1, 20250115111641.307540
27885, 1, 20250115111642.307566
27945, 1, 20250115111643.307595
28005, 1, 20250115111644.307653
28065, 1, 20250115111645.307663
28125, 1, 20250115111646.307708
28185, 1, 20250115111647.307732
28245, 1, 20250115111648.307758
28305, 1, 20250115111649.307777
28365, 1, 20250115111650.307815
28425, 1, 20250115111651.307825
28485, 1, 20250115111652.307869
28545, 1, 20250115111653.307891
28605, 1, 20250115111654.307937
28665, 1, 20250115111655.307952
28725, 1, 20250115111656.308000
28785, 1, 20250115111657.308016
28845, 1, 20250115111658.308038
28905, 1, 20250115111659.308072
28965, 1, 20250115111700.308105
29025, 1, 20250115111701.308123
29085, 1, 20250115111702.308159
29145, 1, 20250115111703.308186
29205, 1, 20250115111704.308221
29265, 1, 20250115111705.308233
