381327, 1, 20250121150440.163952
381387, 1, 20250121150441.163915
381447, 1, 20250121150442.164026
381507, 1, 20250121150443.164007
381567, 1, 20250121150444.164019
381627, 1, 20250121150445.164109
381687, 1, 20250121150446.164123
381747, 1, 20250121150447.164166
381807, 1, 20250121150448.164105
381867, 1, 20250121150449.164150
381927, 1, 20250121150450.164177
381987, 1, 20250121150451.164203
382047, 1, 20250121150452.164231
382107, 1, 20250121150453.164311
382167, 1, 20250121150454.164325
382227, 1, 20250121150455.164320
382287, 1, 20250121150456.164346
382347, 1, 20250121150457.164384
382407, 1, 20250121150458.164452
382467, 1, 20250121150459.164544
382527, 1, 20250121150500.164475
382587, 1, 20250121150501.164547
382647, 1, 20250121150502.164596
382707, 1, 20250121150503.164516
382767, 1, 20250121150504.164598
382827, 1, 20250121150505.164659
382887, 1, 20250121150506.164658
382947, 1, 20250121150507.164764
383007, 1, 20250121150508.164717
383067, 1, 20250121150509.164738
383127, 1, 20250121150510.164845
383187, 1, 20250121150511.164804
383247, 1, 20250121150512.164825
383307, 1, 20250121150513.164855
383367, 1, 20250121150514.164942
383427, 1, 20250121150515.164913
383487, 1, 20250121150516.164900
383547, 1, 20250121150517.165061
383607, 1, 20250121150518.165003
383667, 1, 20250121150519.165026
383727, 1, 20250121150520.165067
383787, 1, 20250121150521.165091
383847, 1, 20250121150522.165149
383907, 1, 20250121150523.165240
383967, 1, 20250121150524.165172
384027, 1, 20250121150525.165206
384087, 1, 20250121150526.165314
384147, 1, 20250121150527.165262
384207, 1, 20250121150528.165287
384267, 1, 20250121150529.165390
384327, 1, 20250121150530.165344
384387, 1, 20250121150531.165381
384447, 1, 20250121150532.165416
384507, 1, 20250121150533.165541
384567, 1, 20250121150534.165536
384627, 1, 20250121150535.165581
384687, 1, 20250121150536.165522
384747, 1, 20250121150537.165564
384807, 1, 20250121150538.165590
384867, 1, 20250121150539.165654
384927, 1, 20250121150540.165640
384987, 1, 20250121150541.165713
385047, 1, 20250121150542.165702
385107, 1, 20250121150543.165800
385167, 1, 20250121150544.165769
385227, 1, 20250121150545.165863
385287, 1, 20250121150546.165828
385347, 1, 20250121150547.165849
385407, 1, 20250121150548.165955
385467, 1, 20250121150549.165904
385527, 1, 20250121150550.166012
385587, 1, 20250121150551.165961
385647, 1, 20250121150552.166004
385707, 1, 20250121150553.166110
385767, 1, 20250121150554.166043
385827, 1, 20250121150555.166083
385887, 1, 20250121150556.166188
385947, 1, 20250121150557.166146
386007, 1, 20250121150558.166164
386067, 1, 20250121150559.166286
386127, 1, 20250121150600.166233
386187, 1, 20250121150601.166317
386247, 1, 20250121150602.166310
386307, 1, 20250121150603.166321
386367, 1, 20250121150604.166348
386427, 1, 20250121150605.166385
386487, 1, 20250121150606.166404
386547, 1, 20250121150607.166420
386607, 1, 20250121150608.166537
386667, 1, 20250121150609.166498
386727, 1, 20250121150610.166523
386787, 1, 20250121150611.166616
386847, 1, 20250121150612.166678
386907, 1, 20250121150613.166609
386967, 1, 20250121150614.166641
387027, 1, 20250121150615.166706
387087, 1, 20250121150616.166793
387147, 1, 20250121150617.166731
387207, 1, 20250121150618.166768
387267, 1, 20250121150619.166791
387327, 1, 20250121150620.166800
387387, 1, 20250121150621.166851
387447, 1, 20250121150622.166949
387507, 1, 20250121150623.166984
387567, 1, 20250121150624.166949
387627, 1, 20250121150625.166971
387687, 1, 20250121150626.166990
387747, 1, 20250121150627.167020
387807, 1, 20250121150628.167067
387867, 1, 20250121150629.167090
387927, 1, 20250121150630.167164
387987, 1, 20250121150631.167232
388047, 1, 20250121150632.167247
388107, 1, 20250121150633.167273
388167, 1, 20250121150634.167310
388227, 1, 20250121150635.167268
388287, 1, 20250121150636.167288
388347, 1, 20250121150637.167328
388407, 1, 20250121150638.167352
388467, 1, 20250121150639.167411
388527, 1, 20250121150640.167459
388587, 1, 20250121150641.167459
388647, 1, 20250121150642.167470
388707, 1, 20250121150643.167508
388767, 1, 20250121150644.167589
388827, 1, 20250121150645.167640
388887, 1, 20250121150646.167538
388947, 1, 20250121150647.167688
389007, 1, 20250121150648.167649
389067, 1, 20250121150649.167756
389127, 1, 20250121150650.167723
389187, 1, 20250121150651.167778
389247, 1, 20250121150652.167764
389307, 1, 20250121150653.167870
389367, 1, 20250121150654.167831
389427, 1, 20250121150655.167855
389487, 1, 20250121150656.167889
389547, 1, 20250121150657.167912
389607, 1, 20250121150658.168005
389667, 1, 20250121150659.167979
389727, 1, 20250121150700.168000
389787, 1, 20250121150701.168028
389847, 1, 20250121150702.168066
389907, 1, 20250121150703.168088
389967, 1, 20250121150704.168126
390027, 1, 20250121150705.168150
390087, 1, 20250121150706.168182
390147, 1, 20250121150707.168209
390207, 1, 20250121150708.168248
390267, 1, 20250121150709.168320
390327, 1, 20250121150710.168318
390387, 1, 20250121150711.168402
390447, 1, 20250121150712.168352
390507, 1, 20250121150713.168406
390567, 1, 20250121150714.168421
390627, 1, 20250121150715.168445
390687, 1, 20250121150716.168480
390747, 1, 20250121150717.168590
390807, 1, 20250121150718.168544
390867, 1, 20250121150719.168656
390927, 1, 20250121150720.168610
390987, 1, 20250121150721.168641
391047, 1, 20250121150722.168651
391107, 1, 20250121150723.168744
391167, 1, 20250121150724.168713
391227, 1, 20250121150725.168734
391287, 1, 20250121150726.168775
391347, 1, 20250121150727.168802
391407, 1, 20250121150728.168848
391467, 1, 20250121150729.168878
391527, 1, 20250121150730.168890
391587, 1, 20250121150731.168971
391647, 1, 20250121150732.168960
391707, 1, 20250121150733.168989
391767, 1, 20250121150734.169018
391827, 1, 20250121150735.169112
391887, 1, 20250121150736.169131
391947, 1, 20250121150737.169089
392007, 1, 20250121150738.169133
