274217, 1, 20241224133627.045326
274277, 1, 20241224133628.045364
274337, 1, 20241224133629.045396
274397, 1, 20241224133630.045402
274457, 1, 20241224133631.045432
274517, 1, 20241224133632.045468
274577, 1, 20241224133633.045489
274637, 1, 20241224133634.045523
274697, 1, 20241224133635.045543
274757, 1, 20241224133636.045586
274817, 1, 20241224133637.045605
274877, 1, 20241224133638.045652
274937, 1, 20241224133639.045676
274997, 1, 20241224133640.045690
275057, 1, 20241224133641.045737
275117, 1, 20241224133642.045754
275177, 1, 20241224133643.045779
275237, 1, 20241224133644.045819
275297, 1, 20241224133645.045839
275357, 1, 20241224133646.045857
275417, 1, 20241224133647.045907
275477, 1, 20241224133648.045940
275537, 1, 20241224133649.045945
275597, 1, 20241224133650.045995
275657, 1, 20241224133651.046027
275717, 1, 20241224133652.046038
275777, 1, 20241224133653.046086
275837, 1, 20241224133654.046106
