184707, 1, 20241220162940.020098
184767, 1, 20241220162941.020171
184827, 1, 20241220162942.020210
184887, 1, 20241220162943.020227
184947, 1, 20241220162944.020349
185007, 1, 20241220162945.020303
185067, 1, 20241220162946.020390
185127, 1, 20241220162947.020348
185187, 1, 20241220162948.020376
185247, 1, 20241220162949.020404
185307, 1, 20241220162950.020435
185367, 1, 20241220162951.020532
185427, 1, 20241220162952.020473
185487, 1, 20241220162953.020591
185547, 1, 20241220162954.020640
185607, 1, 20241220162955.020571
185667, 1, 20241220162956.020677
185727, 1, 20241220162957.020640
185787, 1, 20241220162958.020670
185847, 1, 20241220162959.020771
185907, 1, 20241220163000.020718
185967, 1, 20241220163001.020756
186027, 1, 20241220163002.020783
186087, 1, 20241220163003.020804
186147, 1, 20241220163004.020845
186207, 1, 20241220163005.020855
186267, 1, 20241220163006.020899
186327, 1, 20241220163007.020945
186387, 1, 20241220163008.020957
186447, 1, 20241220163009.021017
186507, 1, 20241220163010.021086
186567, 1, 20241220163011.021112
186627, 1, 20241220163012.021081
186687, 1, 20241220163013.021115
186747, 1, 20241220163014.021147
186807, 1, 20241220163015.021171
186867, 1, 20241220163016.021266
186927, 1, 20241220163017.021171
186987, 1, 20241220163018.021251
187047, 1, 20241220163019.021271
187107, 1, 20241220163020.021307
187167, 1, 20241220163021.021404
187227, 1, 20241220163022.021365
187287, 1, 20241220163023.021502
187347, 1, 20241220163024.021449
187407, 1, 20241220163025.021454
187467, 1, 20241220163026.021478
187527, 1, 20241220163027.021570
187587, 1, 20241220163028.021542
187647, 1, 20241220163029.021544
187707, 1, 20241220163030.021584
187767, 1, 20241220163031.021620
187827, 1, 20241220163032.021704
187887, 1, 20241220163033.021686
187947, 1, 20241220163034.021782
188007, 1, 20241220163035.021743
188067, 1, 20241220163036.021772
188127, 1, 20241220163037.021789
188187, 1, 20241220163038.021890
188247, 1, 20241220163039.021852
188307, 1, 20241220163040.021914
188367, 1, 20241220163041.021905
188427, 1, 20241220163042.021931
188487, 1, 20241220163043.021966
188547, 1, 20241220163044.022001
188607, 1, 20241220163045.022100
188667, 1, 20241220163046.022060
188727, 1, 20241220163047.022087
188787, 1, 20241220163048.022200
188847, 1, 20241220163049.022144
188907, 1, 20241220163050.022242
188967, 1, 20241220163051.022200
189027, 1, 20241220163052.022330
189087, 1, 20241220163053.022363
189147, 1, 20241220163054.022254
189207, 1, 20241220163055.022323
189267, 1, 20241220163056.022348
189327, 1, 20241220163057.022372
189387, 1, 20241220163058.022412
189447, 1, 20241220163059.022435
189507, 1, 20241220163100.022452
189567, 1, 20241220163101.022497
189627, 1, 20241220163102.022589
189687, 1, 20241220163103.022560
189747, 1, 20241220163104.022653
189807, 1, 20241220163105.022598
189867, 1, 20241220163106.022684
189927, 1, 20241220163107.022643
189987, 1, 20241220163108.022706
190047, 1, 20241220163109.022731
190107, 1, 20241220163110.022749
190167, 1, 20241220163111.022777
190227, 1, 20241220163112.022799
190287, 1, 20241220163113.022835
190347, 1, 20241220163114.022862
190407, 1, 20241220163115.022963
190467, 1, 20241220163116.022993
190527, 1, 20241220163117.022952
190587, 1, 20241220163118.022974
190647, 1, 20241220163119.022979
190707, 1, 20241220163120.023035
190767, 1, 20241220163121.023150
190827, 1, 20241220163122.023171
190887, 1, 20241220163123.023130
190947, 1, 20241220163124.023143
191007, 1, 20241220163125.023179
191067, 1, 20241220163126.023209
191127, 1, 20241220163127.023245
191187, 1, 20241220163128.023268
191247, 1, 20241220163129.023315
191307, 1, 20241220163130.023320
191367, 1, 20241220163131.023374
191427, 1, 20241220163132.023410
191487, 1, 20241220163133.023403
191547, 1, 20241220163134.023516
191607, 1, 20241220163135.023542
191667, 1, 20241220163136.023567
191727, 1, 20241220163137.023576
191787, 1, 20241220163138.023550
191847, 1, 20241220163139.023580
191907, 1, 20241220163140.023611
191967, 1, 20241220163141.023691
192027, 1, 20241220163142.023667
192087, 1, 20241220163143.023696
192147, 1, 20241220163144.023736
192207, 1, 20241220163145.023840
192267, 1, 20241220163146.023794
192327, 1, 20241220163147.023821
192387, 1, 20241220163148.023847
192447, 1, 20241220163149.023872
192507, 1, 20241220163150.023896
192567, 1, 20241220163151.023924
192627, 1, 20241220163152.023963
192687, 1, 20241220163153.023994
192747, 1, 20241220163154.024022
192807, 1, 20241220163155.024038
192867, 1, 20241220163156.024015
192927, 1, 20241220163157.024205
192987, 1, 20241220163158.024129
193047, 1, 20241220163159.024160
193107, 1, 20241220163200.024199
193167, 1, 20241220163201.024230
193227, 1, 20241220163202.024307
193287, 1, 20241220163203.024276
193347, 1, 20241220163204.024350
193407, 1, 20241220163205.024339
193467, 1, 20241220163206.024364
193527, 1, 20241220163207.024392
193587, 1, 20241220163208.024398
193647, 1, 20241220163209.024445
193707, 1, 20241220163210.024491
193767, 1, 20241220163211.024521
193827, 1, 20241220163212.024545
193887, 1, 20241220163213.024563
193947, 1, 20241220163214.024673
194007, 1, 20241220163215.024701
194067, 1, 20241220163216.024698
194127, 1, 20241220163217.024689
194187, 1, 20241220163218.024707
194247, 1, 20241220163219.024729
194307, 1, 20241220163220.024815
194367, 1, 20241220163221.024880
194427, 1, 20241220163222.024825
194487, 1, 20241220163223.024844
194547, 1, 20241220163224.024960
194607, 1, 20241220163225.024904
194667, 1, 20241220163226.024935
194727, 1, 20241220163227.024965
194787, 1, 20241220163228.025003
194847, 1, 20241220163229.025024
194907, 1, 20241220163230.025058
194967, 1, 20241220163231.025083
195027, 1, 20241220163232.025170
195087, 1, 20241220163233.025104
195147, 1, 20241220163234.025170
195207, 1, 20241220163235.025192
195267, 1, 20241220163236.025228
195327, 1, 20241220163237.025259
195387, 1, 20241220163238.025285
