158073, 1, 20241223155013.182588
158133, 1, 20241223155014.182617
158193, 1, 20241223155015.182641
158253, 1, 20241223155016.182670
158313, 1, 20241223155017.182722
158373, 1, 20241223155018.182742
158433, 1, 20241223155019.182780
158493, 1, 20241223155020.182825
158553, 1, 20241223155021.182825
158613, 1, 20241223155022.182859
158673, 1, 20241223155023.182881
158733, 1, 20241223155024.182913
158793, 1, 20241223155025.182940
158853, 1, 20241223155026.182961
158913, 1, 20241223155027.183010
158973, 1, 20241223155028.183038
159033, 1, 20241223155029.183069
159093, 1, 20241223155030.183111
159153, 1, 20241223155031.183110
159213, 1, 20241223155032.183145
159273, 1, 20241223155033.183170
159333, 1, 20241223155034.183204
159393, 1, 20241223155035.183234
159453, 1, 20241223155036.183262
159513, 1, 20241223155037.183288
159573, 1, 20241223155038.183335
159633, 1, 20241223155039.183377
159693, 1, 20241223155040.183387
159753, 1, 20241223155041.183418
159813, 1, 20241223155042.183450
159873, 1, 20241223155043.183471
159933, 1, 20241223155044.183497
159993, 1, 20241223155045.183517
160053, 1, 20241223155046.183567
160113, 1, 20241223155047.183578
160173, 1, 20241223155048.183619
160233, 1, 20241223155049.183649
160293, 1, 20241223155050.183680
160353, 1, 20241223155051.183684
160413, 1, 20241223155052.183737
160473, 1, 20241223155053.183764
160533, 1, 20241223155054.183776
160593, 1, 20241223155055.183805
160653, 1, 20241223155056.183840
160713, 1, 20241223155057.183897
160773, 1, 20241223155058.183926
160833, 1, 20241223155059.183949
160893, 1, 20241223155100.183955
160953, 1, 20241223155101.183986
161013, 1, 20241223155102.184022
161073, 1, 20241223155103.184039
161133, 1, 20241223155104.184087
161193, 1, 20241223155105.184109
161253, 1, 20241223155106.184132
161313, 1, 20241223155107.184172
161373, 1, 20241223155108.184211
161433, 1, 20241223155109.184241
161493, 1, 20241223155110.184248
161553, 1, 20241223155111.184269
161613, 1, 20241223155112.184304
161673, 1, 20241223155113.184335
161733, 1, 20241223155114.184367
161793, 1, 20241223155115.184390
161853, 1, 20241223155116.184435
161913, 1, 20241223155117.184451
161973, 1, 20241223155118.184481
162033, 1, 20241223155119.184497
162093, 1, 20241223155120.184540
162153, 1, 20241223155121.184560
162213, 1, 20241223155122.184595
162273, 1, 20241223155123.184689
162333, 1, 20241223155124.184664
162393, 1, 20241223155125.184696
162453, 1, 20241223155126.184727
162513, 1, 20241223155127.184755
