1510069, 1, 20250117194445.224023
1510129, 1, 20250117194446.224050
1510189, 1, 20250117194447.224080
1510249, 1, 20250117194448.224114
1510309, 1, 20250117194449.224195
1510369, 1, 20250117194450.224189
1510429, 1, 20250117194451.224195
1510489, 1, 20250117194452.224261
1510549, 1, 20250117194453.224329
1510609, 1, 20250117194454.224283
1510669, 1, 20250117194455.224322
1510729, 1, 20250117194456.224317
1510789, 1, 20250117194457.224374
1510849, 1, 20250117194458.224399
1510909, 1, 20250117194459.224471
1510969, 1, 20250117194500.224493
1511029, 1, 20250117194501.224484
1511089, 1, 20250117194502.224518
1511149, 1, 20250117194503.224549
1511209, 1, 20250117194504.224659
1511269, 1, 20250117194505.224610
1511329, 1, 20250117194506.224683
1511389, 1, 20250117194507.224667
1511449, 1, 20250117194508.224669
1511509, 1, 20250117194509.224806
1511569, 1, 20250117194510.224751
1511629, 1, 20250117194511.224785
1511689, 1, 20250117194512.224891
1511749, 1, 20250117194513.224850
1511809, 1, 20250117194514.224879
1511869, 1, 20250117194515.224978
1511929, 1, 20250117194516.224945
1511989, 1, 20250117194517.225036
1512049, 1, 20250117194518.225006
1512109, 1, 20250117194519.225094
1512169, 1, 20250117194520.225014
1512229, 1, 20250117194521.225083
1512289, 1, 20250117194522.225110
1512349, 1, 20250117194523.225143
1512409, 1, 20250117194524.225181
1512469, 1, 20250117194525.225195
1512529, 1, 20250117194526.225302
1512589, 1, 20250117194527.225330
1512649, 1, 20250117194528.225302
1512709, 1, 20250117194529.225413
1512769, 1, 20250117194530.225344
1512829, 1, 20250117194531.225372
1512889, 1, 20250117194532.225395
1512949, 1, 20250117194533.225438
1513009, 1, 20250117194534.225532
1513069, 1, 20250117194535.225501
1513129, 1, 20250117194536.225518
1513189, 1, 20250117194537.225541
1513249, 1, 20250117194538.225632
1513309, 1, 20250117194539.225605
1513369, 1, 20250117194540.225645
1513429, 1, 20250117194541.225671
1513489, 1, 20250117194542.225709
1513549, 1, 20250117194543.225719
1513609, 1, 20250117194544.225719
1513669, 1, 20250117194545.225780
1513729, 1, 20250117194546.225807
1513789, 1, 20250117194547.225852
1513849, 1, 20250117194548.225871
1513909, 1, 20250117194549.225900
1513969, 1, 20250117194550.225929
1514029, 1, 20250117194551.225963
1514089, 1, 20250117194552.225991
1514149, 1, 20250117194553.226021
1514209, 1, 20250117194554.226059
1514269, 1, 20250117194555.226075
1514329, 1, 20250117194556.226082
1514389, 1, 20250117194557.226150
1514449, 1, 20250117194558.226188
1514509, 1, 20250117194559.226196
1514569, 1, 20250117194600.226226
1514629, 1, 20250117194601.226254
1514689, 1, 20250117194602.226292
1514749, 1, 20250117194603.226319
1514809, 1, 20250117194604.226340
1514869, 1, 20250117194605.226365
1514929, 1, 20250117194606.226409
1514989, 1, 20250117194607.226511
1515049, 1, 20250117194608.226480
1515109, 1, 20250117194609.226563
1515169, 1, 20250117194610.226526
1515229, 1, 20250117194611.226552
1515289, 1, 20250117194612.226656
1515349, 1, 20250117194613.226605
1515409, 1, 20250117194614.226716
1515469, 1, 20250117194615.226681
1515529, 1, 20250117194616.226747
1515589, 1, 20250117194617.226726
1515649, 1, 20250117194618.226836
1515709, 1, 20250117194619.226824
1515769, 1, 20250117194620.226868
1515829, 1, 20250117194621.226882
1515889, 1, 20250117194622.226910
1515949, 1, 20250117194623.226973
1516009, 1, 20250117194624.227000
1516069, 1, 20250117194625.226964
1516129, 1, 20250117194626.227066
1516189, 1, 20250117194627.227101
1516249, 1, 20250117194628.227052
1516309, 1, 20250117194629.227148
1516369, 1, 20250117194630.227108
1516429, 1, 20250117194631.227160
1516489, 1, 20250117194632.227184
1516549, 1, 20250117194633.227188
1516609, 1, 20250117194634.227238
1516669, 1, 20250117194635.227323
1516729, 1, 20250117194636.227304
1516789, 1, 20250117194637.227333
1516849, 1, 20250117194638.227348
1516909, 1, 20250117194639.227386
1516969, 1, 20250117194640.227406
1517029, 1, 20250117194641.227446
1517089, 1, 20250117194642.227538
1517149, 1, 20250117194643.227490
1517209, 1, 20250117194644.227521
1517269, 1, 20250117194645.227525
1517329, 1, 20250117194646.227665
1517389, 1, 20250117194647.227621
1517449, 1, 20250117194648.227641
1517509, 1, 20250117194649.227675
1517569, 1, 20250117194650.227695
1517629, 1, 20250117194651.227720
1517689, 1, 20250117194652.227830
1517749, 1, 20250117194653.227788
1517809, 1, 20250117194654.227878
1517869, 1, 20250117194655.227880
1517929, 1, 20250117194656.227879
1517989, 1, 20250117194657.227895
1518049, 1, 20250117194658.227931
1518109, 1, 20250117194659.227956
1518169, 1, 20250117194700.227987
1518229, 1, 20250117194701.228014
1518289, 1, 20250117194702.228122
1518349, 1, 20250117194703.228080
1518409, 1, 20250117194704.228102
1518469, 1, 20250117194705.228225
1518529, 1, 20250117194706.228254
1518589, 1, 20250117194707.228183
1518649, 1, 20250117194708.228222
1518709, 1, 20250117194709.228323
1518769, 1, 20250117194710.228281
1518829, 1, 20250117194711.228313
1518889, 1, 20250117194712.228346
1518949, 1, 20250117194713.228452
1519009, 1, 20250117194714.228486
1519069, 1, 20250117194715.228476
1519129, 1, 20250117194716.228483
1519189, 1, 20250117194717.228486
1519249, 1, 20250117194718.228523
1519309, 1, 20250117194719.228590
1519369, 1, 20250117194720.228643
1519429, 1, 20250117194721.228552
1519489, 1, 20250117194722.228634
1519549, 1, 20250117194723.228653
1519609, 1, 20250117194724.228782
1519669, 1, 20250117194725.228739
1519729, 1, 20250117194726.228832
1519789, 1, 20250117194727.228858
1519849, 1, 20250117194728.228892
1519909, 1, 20250117194729.228903
1519969, 1, 20250117194730.228878
1520029, 1, 20250117194731.228890
1520089, 1, 20250117194732.228925
1520149, 1, 20250117194733.228937
1520209, 1, 20250117194734.228985
1520269, 1, 20250117194735.229005
1520329, 1, 20250117194736.229111
1520389, 1, 20250117194737.229076
1520449, 1, 20250117194738.229104
1520509, 1, 20250117194739.229123
1520569, 1, 20250117194740.229170
1520629, 1, 20250117194741.229219
1520689, 1, 20250117194742.229281
1520749, 1, 20250117194743.229243
1520809, 1, 20250117194744.229356
