116791, 1, 20241222115303.073167
116851, 1, 20241222115304.073170
116911, 1, 20241222115305.073218
116971, 1, 20241222115306.073246
117031, 1, 20241222115307.073273
117091, 1, 20241222115308.073288
117151, 1, 20241222115309.073318
117211, 1, 20241222115310.073356
117271, 1, 20241222115311.073393
117331, 1, 20241222115312.073440
117391, 1, 20241222115313.073456
117451, 1, 20241222115314.073484
117511, 1, 20241222115315.073510
117571, 1, 20241222115316.073529
117631, 1, 20241222115317.073571
117691, 1, 20241222115318.073591
117751, 1, 20241222115319.073604
117811, 1, 20241222115320.073662
117871, 1, 20241222115321.073693
117931, 1, 20241222115322.073714
117991, 1, 20241222115323.073736
118051, 1, 20241222115324.073772
118111, 1, 20241222115325.073796
118171, 1, 20241222115326.073824
118231, 1, 20241222115327.073847
118291, 1, 20241222115328.073890
118351, 1, 20241222115329.073901
118411, 1, 20241222115330.073954
118471, 1, 20241222115331.073987
118531, 1, 20241222115332.074024
118591, 1, 20241222115333.074040
118651, 1, 20241222115334.074063
118711, 1, 20241222115335.074096
118771, 1, 20241222115336.074120
118831, 1, 20241222115337.074148
118891, 1, 20241222115338.074182
118951, 1, 20241222115339.074213
119011, 1, 20241222115340.074243
119071, 1, 20241222115341.074269
119131, 1, 20241222115342.074310
119191, 1, 20241222115343.074331
119251, 1, 20241222115344.074350
119311, 1, 20241222115345.074387
119371, 1, 20241222115346.074402
119431, 1, 20241222115347.074443
119491, 1, 20241222115348.074465
119551, 1, 20241222115349.074508
119611, 1, 20241222115350.074520
119671, 1, 20241222115351.074580
119731, 1, 20241222115352.074585
119791, 1, 20241222115353.074619
119851, 1, 20241222115354.074650
119911, 1, 20241222115355.074680
119971, 1, 20241222115356.074702
120031, 1, 20241222115357.074733
120091, 1, 20241222115358.074758
120151, 1, 20241222115359.074779
120211, 1, 20241222115400.074822
120271, 1, 20241222115401.074856
120331, 1, 20241222115402.074886
120391, 1, 20241222115403.074917
120451, 1, 20241222115404.074939
120511, 1, 20241222115405.074966
120571, 1, 20241222115406.075004
120631, 1, 20241222115407.075022
120691, 1, 20241222115408.075051
120751, 1, 20241222115409.075094
120811, 1, 20241222115410.075126
120871, 1, 20241222115411.075149
120931, 1, 20241222115412.075165
120991, 1, 20241222115413.075196
121051, 1, 20241222115414.075227
121111, 1, 20241222115415.075268
121171, 1, 20241222115416.075290
121231, 1, 20241222115417.075324
121291, 1, 20241222115418.075355
121351, 1, 20241222115419.075373
121411, 1, 20241222115420.075428
121471, 1, 20241222115421.075467
121531, 1, 20241222115422.075468
121591, 1, 20241222115423.075497
121651, 1, 20241222115424.075521
121711, 1, 20241222115425.075563
121771, 1, 20241222115426.075581
121831, 1, 20241222115427.075620
121891, 1, 20241222115428.075643
121951, 1, 20241222115429.075700
122011, 1, 20241222115430.075713
122071, 1, 20241222115431.075727
122131, 1, 20241222115432.075761
122191, 1, 20241222115433.075803
122251, 1, 20241222115434.075825
122311, 1, 20241222115435.075851
122371, 1, 20241222115436.075884
122431, 1, 20241222115437.075907
122491, 1, 20241222115438.075938
122551, 1, 20241222115439.075980
122611, 1, 20241222115440.075995
122671, 1, 20241222115441.076034
122731, 1, 20241222115442.076057
122791, 1, 20241222115443.076080
122851, 1, 20241222115444.076109
122911, 1, 20241222115445.076150
122971, 1, 20241222115446.076180
123031, 1, 20241222115447.076209
123091, 1, 20241222115448.076224
123151, 1, 20241222115449.076284
123211, 1, 20241222115450.076308
123271, 1, 20241222115451.076324
123331, 1, 20241222115452.076347
123391, 1, 20241222115453.076369
123451, 1, 20241222115454.076409
123511, 1, 20241222115455.076438
123571, 1, 20241222115456.076466
123631, 1, 20241222115457.076505
123691, 1, 20241222115458.076531
123751, 1, 20241222115459.076588
123811, 1, 20241222115500.076603
123871, 1, 20241222115501.076620
123931, 1, 20241222115502.076646
123991, 1, 20241222115503.076685
124051, 1, 20241222115504.076704
124111, 1, 20241222115505.076730
124171, 1, 20241222115506.076771
124231, 1, 20241222115507.076803
124291, 1, 20241222115508.076819
124351, 1, 20241222115509.076855
124411, 1, 20241222115510.076888
124471, 1, 20241222115511.076913
124531, 1, 20241222115512.076952
124591, 1, 20241222115513.076960
124651, 1, 20241222115514.076983
124711, 1, 20241222115515.077022
124771, 1, 20241222115516.077058
124831, 1, 20241222115517.077094
124891, 1, 20241222115518.077105
124951, 1, 20241222115519.077167
125011, 1, 20241222115520.077166
125071, 1, 20241222115521.077195
125131, 1, 20241222115522.077228
125191, 1, 20241222115523.077270
125251, 1, 20241222115524.077300
125311, 1, 20241222115525.077313
125371, 1, 20241222115526.077339
125431, 1, 20241222115527.077388
125491, 1, 20241222115528.077428
125551, 1, 20241222115529.077466
125611, 1, 20241222115530.077466
125671, 1, 20241222115531.077498
125731, 1, 20241222115532.077521
125791, 1, 20241222115533.077547
125851, 1, 20241222115534.077590
125911, 1, 20241222115535.077629
125971, 1, 20241222115536.077665
126031, 1, 20241222115537.077681
126091, 1, 20241222115538.077732
126151, 1, 20241222115539.077748
126211, 1, 20241222115540.077776
126271, 1, 20241222115541.077795
126331, 1, 20241222115542.077830
126391, 1, 20241222115543.077855
126451, 1, 20241222115544.077876
126511, 1, 20241222115545.077913
126571, 1, 20241222115546.077950
126631, 1, 20241222115547.077963
126691, 1, 20241222115548.077987
126751, 1, 20241222115549.078028
126811, 1, 20241222115550.078066
126871, 1, 20241222115551.078095
126931, 1, 20241222115552.078115
126991, 1, 20241222115553.078160
127051, 1, 20241222115554.078183
127111, 1, 20241222115555.078209
127171, 1, 20241222115556.078240
127231, 1, 20241222115557.078284
127291, 1, 20241222115558.078321
127351, 1, 20241222115559.078330
127411, 1, 20241222115600.078351
127471, 1, 20241222115601.078380
127531, 1, 20241222115602.078419
