411731, 1, 20250106183821.569082
411791, 1, 20250106183822.569092
411851, 1, 20250106183823.569120
411911, 1, 20250106183824.569160
411971, 1, 20250106183825.569179
412031, 1, 20250106183826.569217
412091, 1, 20250106183827.569246
412151, 1, 20250106183828.569262
412211, 1, 20250106183829.569299
412271, 1, 20250106183830.569321
412331, 1, 20250106183831.569360
412391, 1, 20250106183832.569398
412451, 1, 20250106183833.569420
412511, 1, 20250106183834.569441
412571, 1, 20250106183835.569484
412631, 1, 20250106183836.569508
412691, 1, 20250106183837.569531
412751, 1, 20250106183838.569568
412811, 1, 20250106183839.569598
412871, 1, 20250106183840.569655
412931, 1, 20250106183841.569689
412991, 1, 20250106183842.569677
413051, 1, 20250106183843.569720
413111, 1, 20250106183844.569750
413171, 1, 20250106183845.569783
413231, 1, 20250106183846.569809
413291, 1, 20250106183847.569828
413351, 1, 20250106183848.569849
413411, 1, 20250106183849.569884
413471, 1, 20250106183850.569950
413531, 1, 20250106183851.569974
413591, 1, 20250106183852.569979
413651, 1, 20250106183853.570010
413711, 1, 20250106183854.570041
413771, 1, 20250106183855.570074
413831, 1, 20250106183856.570106
413891, 1, 20250106183857.570135
413951, 1, 20250106183858.570168
414011, 1, 20250106183859.570200
414071, 1, 20250106183900.570214
414131, 1, 20250106183901.570235
414191, 1, 20250106183902.570277
414251, 1, 20250106183903.570308
414311, 1, 20250106183904.570336
414371, 1, 20250106183905.570364
414431, 1, 20250106183906.570401
414491, 1, 20250106183907.570419
414551, 1, 20250106183908.570445
414611, 1, 20250106183909.570492
414671, 1, 20250106183910.570509
414731, 1, 20250106183911.570543
414791, 1, 20250106183912.570569
414851, 1, 20250106183913.570596
414911, 1, 20250106183914.570626
414971, 1, 20250106183915.570651
415031, 1, 20250106183916.570705
415091, 1, 20250106183917.570718
415151, 1, 20250106183918.570746
415211, 1, 20250106183919.570799
415271, 1, 20250106183920.570828
415331, 1, 20250106183921.570848
415391, 1, 20250106183922.570872
415451, 1, 20250106183923.570907
415511, 1, 20250106183924.570925
415571, 1, 20250106183925.570962
415631, 1, 20250106183926.570985
415691, 1, 20250106183927.571021
415751, 1, 20250106183928.571113
415811, 1, 20250106183929.571088
415871, 1, 20250106183930.571126
415931, 1, 20250106183931.571130
415991, 1, 20250106183932.571152
416051, 1, 20250106183933.571190
416111, 1, 20250106183934.571213
416171, 1, 20250106183935.571240
416231, 1, 20250106183936.571275
416291, 1, 20250106183937.571309
416351, 1, 20250106183938.571330
416411, 1, 20250106183939.571369
416471, 1, 20250106183940.571397
416531, 1, 20250106183941.571428
416591, 1, 20250106183942.571458
416651, 1, 20250106183943.571478
416711, 1, 20250106183944.571525
416771, 1, 20250106183945.571508
416831, 1, 20250106183946.571575
416891, 1, 20250106183947.571576
416951, 1, 20250106183948.571650
417011, 1, 20250106183949.571680
417071, 1, 20250106183950.571693
417131, 1, 20250106183951.571714
417191, 1, 20250106183952.571763
417251, 1, 20250106183953.571746
417311, 1, 20250106183954.571814
417371, 1, 20250106183955.571834
417431, 1, 20250106183956.571873
417491, 1, 20250106183957.571911
417551, 1, 20250106183958.571940
417611, 1, 20250106183959.571952
417671, 1, 20250106184000.571953
417731, 1, 20250106184001.571985
417791, 1, 20250106184002.572045
417851, 1, 20250106184003.572041
417911, 1, 20250106184004.572071
417971, 1, 20250106184005.572107
418031, 1, 20250106184006.572161
418091, 1, 20250106184007.572189
418151, 1, 20250106184008.572199
418211, 1, 20250106184009.572262
418271, 1, 20250106184010.572259
418331, 1, 20250106184011.572290
418391, 1, 20250106184012.572344
418451, 1, 20250106184013.572372
418511, 1, 20250106184014.572397
418571, 1, 20250106184015.572422
418631, 1, 20250106184016.572455
418691, 1, 20250106184017.572496
418751, 1, 20250106184018.572506
418811, 1, 20250106184019.572527
418871, 1, 20250106184020.572573
418931, 1, 20250106184021.572570
418991, 1, 20250106184022.572634
419051, 1, 20250106184023.572663
419111, 1, 20250106184024.572698
419171, 1, 20250106184025.572717
419231, 1, 20250106184026.572744
419291, 1, 20250106184027.572801
419351, 1, 20250106184028.572827
419411, 1, 20250106184029.572849
419471, 1, 20250106184030.572869
419531, 1, 20250106184031.572901
419591, 1, 20250106184032.572920
419651, 1, 20250106184033.572967
419711, 1, 20250106184034.572993
419771, 1, 20250106184035.573020
419831, 1, 20250106184036.573048
419891, 1, 20250106184037.573088
419951, 1, 20250106184038.573120
420011, 1, 20250106184039.573144
420071, 1, 20250106184040.573165
420131, 1, 20250106184041.573203
420191, 1, 20250106184042.573229
420251, 1, 20250106184043.573255
420311, 1, 20250106184044.573278
420371, 1, 20250106184045.573314
420431, 1, 20250106184046.573366
420491, 1, 20250106184047.573376
420551, 1, 20250106184048.573406
420611, 1, 20250106184049.573435
420671, 1, 20250106184050.573467
420731, 1, 20250106184051.573501
420791, 1, 20250106184052.573522
420851, 1, 20250106184053.573551
420911, 1, 20250106184054.573571
420971, 1, 20250106184055.573605
421031, 1, 20250106184056.573636
421091, 1, 20250106184057.573657
421151, 1, 20250106184058.573689
421211, 1, 20250106184059.573719
421271, 1, 20250106184100.573753
421331, 1, 20250106184101.573800
421391, 1, 20250106184102.573810
421451, 1, 20250106184103.573853
421511, 1, 20250106184104.573869
421571, 1, 20250106184105.573908
421631, 1, 20250106184106.573954
421691, 1, 20250106184107.573980
421751, 1, 20250106184108.573999
421811, 1, 20250106184109.574008
421871, 1, 20250106184110.574038
421931, 1, 20250106184111.574074
421991, 1, 20250106184112.574112
422051, 1, 20250106184113.574135
422111, 1, 20250106184114.574168
422171, 1, 20250106184115.574203
422231, 1, 20250106184116.574243
422291, 1, 20250106184117.574275
422351, 1, 20250106184118.574307
422411, 1, 20250106184119.574324
