778199, 1, 20241226153229.509934
778259, 1, 20241226153230.509943
778319, 1, 20241226153231.509965
778379, 1, 20241226153232.509963
778439, 1, 20241226153233.510008
778499, 1, 20241226153234.510117
778559, 1, 20241226153235.510078
778619, 1, 20241226153236.510145
778679, 1, 20241226153237.510134
778739, 1, 20241226153238.510150
778799, 1, 20241226153239.510178
778859, 1, 20241226153240.510258
778919, 1, 20241226153241.510283
778979, 1, 20241226153242.510274
779039, 1, 20241226153243.510308
779099, 1, 20241226153244.510333
