242405, 1, 20250109110452.014707
242465, 1, 20250109110453.014728
242525, 1, 20250109110454.014753
242585, 1, 20250109110455.014785
242645, 1, 20250109110456.014812
242705, 1, 20250109110457.014842
242765, 1, 20250109110458.014882
242825, 1, 20250109110459.014894
242885, 1, 20250109110500.014919
242945, 1, 20250109110501.014961
243005, 1, 20250109110502.014990
243065, 1, 20250109110503.015044
243125, 1, 20250109110504.015069
243185, 1, 20250109110505.015079
243245, 1, 20250109110506.015109
243305, 1, 20250109110507.015137
243365, 1, 20250109110508.015168
243425, 1, 20250109110509.015191
243485, 1, 20250109110510.015224
243545, 1, 20250109110511.015249
243605, 1, 20250109110512.015290
243665, 1, 20250109110513.015325
243725, 1, 20250109110514.015336
243785, 1, 20250109110515.015361
243845, 1, 20250109110516.015388
243905, 1, 20250109110517.015449
243965, 1, 20250109110518.015470
244025, 1, 20250109110519.015492
244085, 1, 20250109110520.015516
244145, 1, 20250109110521.015557
244205, 1, 20250109110522.015574
244265, 1, 20250109110523.015609
244325, 1, 20250109110524.015627
244385, 1, 20250109110525.015657
244445, 1, 20250109110526.015685
244505, 1, 20250109110527.015714
244565, 1, 20250109110528.015748
244625, 1, 20250109110529.015779
244685, 1, 20250109110530.015813
244745, 1, 20250109110531.015831
244805, 1, 20250109110532.015894
244865, 1, 20250109110533.015939
244925, 1, 20250109110534.015933
244985, 1, 20250109110535.015953
245045, 1, 20250109110536.015986
245105, 1, 20250109110537.016025
245165, 1, 20250109110538.016040
245225, 1, 20250109110539.016082
245285, 1, 20250109110540.016109
245345, 1, 20250109110541.016129
245405, 1, 20250109110542.016177
245465, 1, 20250109110543.016207
245525, 1, 20250109110544.016215
245585, 1, 20250109110545.016247
245645, 1, 20250109110546.016274
245705, 1, 20250109110547.016311
245765, 1, 20250109110548.016344
245825, 1, 20250109110549.016375
245885, 1, 20250109110550.016390
245945, 1, 20250109110551.016439
246005, 1, 20250109110552.016446
246065, 1, 20250109110553.016496
246125, 1, 20250109110554.016505
246185, 1, 20250109110555.016540
246245, 1, 20250109110556.016567
246305, 1, 20250109110557.016603
246365, 1, 20250109110558.016634
246425, 1, 20250109110559.016657
246485, 1, 20250109110600.016673
246545, 1, 20250109110601.016710
246605, 1, 20250109110602.016761
246665, 1, 20250109110603.016776
246725, 1, 20250109110604.016797
246785, 1, 20250109110605.016825
246845, 1, 20250109110606.016851
246905, 1, 20250109110607.016904
246965, 1, 20250109110608.016911
247025, 1, 20250109110609.016942
247085, 1, 20250109110610.016977
247145, 1, 20250109110611.017026
247205, 1, 20250109110612.017054
