300395, 1, 20250122151032.297538
300455, 1, 20250122151033.297561
300515, 1, 20250122151034.297585
300575, 1, 20250122151035.297630
300635, 1, 20250122151036.297654
300695, 1, 20250122151037.297689
300755, 1, 20250122151038.297710
300815, 1, 20250122151039.297719
300875, 1, 20250122151040.297758
300935, 1, 20250122151041.297786
300995, 1, 20250122151042.297811
301055, 1, 20250122151043.297856
301115, 1, 20250122151044.297868
301175, 1, 20250122151045.297914
301235, 1, 20250122151046.297943
301295, 1, 20250122151047.297955
301355, 1, 20250122151048.297993
301415, 1, 20250122151049.298011
301475, 1, 20250122151050.298065
301535, 1, 20250122151051.298088
301595, 1, 20250122151052.298119
301655, 1, 20250122151053.298149
301715, 1, 20250122151054.298198
301775, 1, 20250122151055.298223
301835, 1, 20250122151056.298234
