50941, 1, 20250119170440.508257
51001, 1, 20250119170441.508294
51061, 1, 20250119170442.508311
51121, 1, 20250119170443.508344
51181, 1, 20250119170444.508361
51241, 1, 20250119170445.508400
51301, 1, 20250119170446.508421
51361, 1, 20250119170447.508450
51421, 1, 20250119170448.508503
51481, 1, 20250119170449.508510
51541, 1, 20250119170450.508527
51601, 1, 20250119170451.508563
51661, 1, 20250119170452.508584
51721, 1, 20250119170453.508493
51781, 1, 20250119170454.508524
51841, 1, 20250119170455.508558
