27673, 1, 20250121085137.540306
27733, 1, 20250121085138.540352
27793, 1, 20250121085139.540358
27853, 1, 20250121085140.540399
27913, 1, 20250121085141.540431
27973, 1, 20250121085142.540452
28033, 1, 20250121085143.540478
28093, 1, 20250121085144.540521
28153, 1, 20250121085145.540567
28213, 1, 20250121085146.540599
28273, 1, 20250121085147.540606
28333, 1, 20250121085148.540636
28393, 1, 20250121085149.540658
28453, 1, 20250121085150.540685
28513, 1, 20250121085151.540720
28573, 1, 20250121085152.540751
28633, 1, 20250121085153.540785
28693, 1, 20250121085154.540801
28753, 1, 20250121085155.540855
28813, 1, 20250121085156.540862
28873, 1, 20250121085157.540908
28933, 1, 20250121085158.540924
28993, 1, 20250121085159.540950
29053, 1, 20250121085200.540987
29113, 1, 20250121085201.541027
29173, 1, 20250121085202.541050
29233, 1, 20250121085203.541075
29293, 1, 20250121085204.541094
29353, 1, 20250121085205.541138
29413, 1, 20250121085206.541152
29473, 1, 20250121085207.541188
29533, 1, 20250121085208.541220
29593, 1, 20250121085209.541265
29653, 1, 20250121085210.541287
29713, 1, 20250121085211.541316
29773, 1, 20250121085212.541344
29833, 1, 20250121085213.541361
29893, 1, 20250121085214.541413
29953, 1, 20250121085215.541445
30013, 1, 20250121085216.541460
30073, 1, 20250121085217.541488
30133, 1, 20250121085218.541516
30193, 1, 20250121085219.541541
30253, 1, 20250121085220.541584
30313, 1, 20250121085221.541615
30373, 1, 20250121085222.541629
30433, 1, 20250121085223.541672
30493, 1, 20250121085224.541698
30553, 1, 20250121085225.541733
30613, 1, 20250121085226.541742
30673, 1, 20250121085227.541792
30733, 1, 20250121085228.541792
30793, 1, 20250121085229.541844
30853, 1, 20250121085230.541865
30913, 1, 20250121085231.541945
30973, 1, 20250121085232.541922
31033, 1, 20250121085233.541956
31093, 1, 20250121085234.541982
31153, 1, 20250121085235.542020
31213, 1, 20250121085236.542040
31273, 1, 20250121085237.542076
31333, 1, 20250121085238.542099
31393, 1, 20250121085239.542136
31453, 1, 20250121085240.542146
31513, 1, 20250121085241.542195
31573, 1, 20250121085242.542206
31633, 1, 20250121085243.542257
31693, 1, 20250121085244.542309
31753, 1, 20250121085245.542309
31813, 1, 20250121085246.542337
31873, 1, 20250121085247.542363
31933, 1, 20250121085248.542403
31993, 1, 20250121085249.542413
32053, 1, 20250121085250.542460
32113, 1, 20250121085251.542476
32173, 1, 20250121085252.542504
32233, 1, 20250121085253.542571
32293, 1, 20250121085254.542590
32353, 1, 20250121085255.542588
32413, 1, 20250121085256.542632
32473, 1, 20250121085257.542657
32533, 1, 20250121085258.542681
32593, 1, 20250121085259.542725
32653, 1, 20250121085300.542737
32713, 1, 20250121085301.542760
32773, 1, 20250121085302.542823
32833, 1, 20250121085303.542867
32893, 1, 20250121085304.542864
32953, 1, 20250121085305.542898
33013, 1, 20250121085306.542916
33073, 1, 20250121085307.542947
33133, 1, 20250121085308.542983
33193, 1, 20250121085309.543000
33253, 1, 20250121085310.543025
33313, 1, 20250121085311.543060
33373, 1, 20250121085312.543090
33433, 1, 20250121085313.543133
33493, 1, 20250121085314.543159
33553, 1, 20250121085315.543170
33613, 1, 20250121085316.543202
33673, 1, 20250121085317.543257
33733, 1, 20250121085318.543265
33793, 1, 20250121085319.543296
33853, 1, 20250121085320.543324
33913, 1, 20250121085321.543351
33973, 1, 20250121085322.543407
34033, 1, 20250121085323.543432
34093, 1, 20250121085324.543446
34153, 1, 20250121085325.543476
34213, 1, 20250121085326.543500
34273, 1, 20250121085327.543531
34333, 1, 20250121085328.543564
34393, 1, 20250121085329.543601
34453, 1, 20250121085330.543623
34513, 1, 20250121085331.543656
34573, 1, 20250121085332.543708
34633, 1, 20250121085333.543736
34693, 1, 20250121085334.543745
34753, 1, 20250121085335.543781
34813, 1, 20250121085336.543792
34873, 1, 20250121085337.543833
34933, 1, 20250121085338.543860
34993, 1, 20250121085339.543889
35053, 1, 20250121085340.543903
35113, 1, 20250121085341.543951
35173, 1, 20250121085342.543963
35233, 1, 20250121085343.543996
35293, 1, 20250121085344.544030
35353, 1, 20250121085345.544061
35413, 1, 20250121085346.544101
35473, 1, 20250121085347.544126
35533, 1, 20250121085348.544152
35593, 1, 20250121085349.544174
35653, 1, 20250121085350.544198
35713, 1, 20250121085351.544254
35773, 1, 20250121085352.544288
35833, 1, 20250121085353.544292
35893, 1, 20250121085354.544315
35953, 1, 20250121085355.544347
36013, 1, 20250121085356.544378
36073, 1, 20250121085357.544408
36133, 1, 20250121085358.544437
36193, 1, 20250121085359.544465
36253, 1, 20250121085400.544483
36313, 1, 20250121085401.544545
36373, 1, 20250121085402.544583
36433, 1, 20250121085403.544580
36493, 1, 20250121085404.544614
36553, 1, 20250121085405.544640
36613, 1, 20250121085406.544676
36673, 1, 20250121085407.544692
36733, 1, 20250121085408.544732
36793, 1, 20250121085409.544749
36853, 1, 20250121085410.544812
36913, 1, 20250121085411.544819
36973, 1, 20250121085412.544819
37033, 1, 20250121085413.544871
37093, 1, 20250121085414.544913
37153, 1, 20250121085415.544926
37213, 1, 20250121085416.544965
37273, 1, 20250121085417.545007
37333, 1, 20250121085418.545001
37393, 1, 20250121085419.545051
37453, 1, 20250121085420.545059
37513, 1, 20250121085421.545083
37573, 1, 20250121085422.545108
37633, 1, 20250121085423.545155
37693, 1, 20250121085424.545191
37753, 1, 20250121085425.545219
37813, 1, 20250121085426.545265
37873, 1, 20250121085427.545281
37933, 1, 20250121085428.545324
37993, 1, 20250121085429.545341
38053, 1, 20250121085430.545382
38113, 1, 20250121085431.545413
38173, 1, 20250121085432.545432
38233, 1, 20250121085433.545454
