154911, 1, 20241223202428.351921
154971, 1, 20241223202429.351948
155031, 1, 20241223202430.351984
155091, 1, 20241223202431.352024
155151, 1, 20241223202432.352027
155211, 1, 20241223202433.352073
155271, 1, 20241223202434.352119
155331, 1, 20241223202435.352150
155391, 1, 20241223202436.352161
155451, 1, 20241223202437.352205
155511, 1, 20241223202438.352219
155571, 1, 20241223202439.352262
155631, 1, 20241223202440.352197
155691, 1, 20241223202441.352312
155751, 1, 20241223202442.352327
155811, 1, 20241223202443.352359
155871, 1, 20241223202444.352404
155931, 1, 20241223202445.352414
155991, 1, 20241223202446.352442
156051, 1, 20241223202447.352484
156111, 1, 20241223202448.352516
156171, 1, 20241223202449.352544
156231, 1, 20241223202450.352578
156291, 1, 20241223202451.352611
156351, 1, 20241223202452.352616
156411, 1, 20241223202453.352672
156471, 1, 20241223202454.352696
156531, 1, 20241223202455.352715
156591, 1, 20241223202456.352745
156651, 1, 20241223202457.352772
156711, 1, 20241223202458.352803
156771, 1, 20241223202459.352839
156831, 1, 20241223202500.352868
156891, 1, 20241223202501.352897
156951, 1, 20241223202502.352915
157011, 1, 20241223202503.352974
157071, 1, 20241223202504.352999
157131, 1, 20241223202505.353017
157191, 1, 20241223202506.353039
157251, 1, 20241223202507.353068
157311, 1, 20241223202508.353105
157371, 1, 20241223202509.353132
157431, 1, 20241223202510.353150
157491, 1, 20241223202511.353195
157551, 1, 20241223202512.353206
157611, 1, 20241223202513.353259
157671, 1, 20241223202514.353270
157731, 1, 20241223202515.353317
157791, 1, 20241223202516.353327
157851, 1, 20241223202517.353364
157911, 1, 20241223202518.353379
157971, 1, 20241223202519.353420
158031, 1, 20241223202520.353444
158091, 1, 20241223202521.353484
158151, 1, 20241223202522.353504
158211, 1, 20241223202523.353524
158271, 1, 20241223202524.353570
158331, 1, 20241223202525.353594
158391, 1, 20241223202526.353624
158451, 1, 20241223202527.353650
158511, 1, 20241223202528.353672
158571, 1, 20241223202529.353709
158631, 1, 20241223202530.353729
158691, 1, 20241223202531.353768
158751, 1, 20241223202532.353824
158811, 1, 20241223202533.353849
158871, 1, 20241223202534.353851
158931, 1, 20241223202535.353885
158991, 1, 20241223202536.353923
159051, 1, 20241223202537.353952
159111, 1, 20241223202538.353970
159171, 1, 20241223202539.354013
159231, 1, 20241223202540.354033
159291, 1, 20241223202541.354072
159351, 1, 20241223202542.354108
159411, 1, 20241223202543.354136
159471, 1, 20241223202544.354147
159531, 1, 20241223202545.354182
159591, 1, 20241223202546.354203
159651, 1, 20241223202547.354242
159711, 1, 20241223202548.354258
159771, 1, 20241223202549.354279
159831, 1, 20241223202550.354311
159891, 1, 20241223202551.354373
159951, 1, 20241223202552.354382
160011, 1, 20241223202553.354407
160071, 1, 20241223202554.354438
160131, 1, 20241223202555.354465
160191, 1, 20241223202556.354500
160251, 1, 20241223202557.354525
160311, 1, 20241223202558.354551
160371, 1, 20241223202559.354580
160431, 1, 20241223202600.354604
160491, 1, 20241223202601.354639
160551, 1, 20241223202602.354661
160611, 1, 20241223202603.354705
160671, 1, 20241223202604.354724
160731, 1, 20241223202605.354759
160791, 1, 20241223202606.354769
160851, 1, 20241223202607.354820
160911, 1, 20241223202608.354840
160971, 1, 20241223202609.354877
161031, 1, 20241223202610.354907
161091, 1, 20241223202611.354945
161151, 1, 20241223202612.354983
161211, 1, 20241223202613.354988
161271, 1, 20241223202614.355021
161331, 1, 20241223202615.355043
161391, 1, 20241223202616.355077
161451, 1, 20241223202617.355102
161511, 1, 20241223202618.355130
161571, 1, 20241223202619.355159
161631, 1, 20241223202620.355188
161691, 1, 20241223202621.355247
161751, 1, 20241223202622.355278
161811, 1, 20241223202623.355279
161871, 1, 20241223202624.355293
161931, 1, 20241223202625.355341
161991, 1, 20241223202626.355366
162051, 1, 20241223202627.355393
162111, 1, 20241223202628.355427
162171, 1, 20241223202629.355457
162231, 1, 20241223202630.355472
162291, 1, 20241223202631.355511
162351, 1, 20241223202632.355525
162411, 1, 20241223202633.355575
162471, 1, 20241223202634.355580
162531, 1, 20241223202635.355629
162591, 1, 20241223202636.355654
162651, 1, 20241223202637.355678
162711, 1, 20241223202638.355712
162771, 1, 20241223202639.355745
162831, 1, 20241223202640.355791
162891, 1, 20241223202641.355810
162951, 1, 20241223202642.355823
163011, 1, 20241223202643.355858
163071, 1, 20241223202644.355881
163131, 1, 20241223202645.355928
163191, 1, 20241223202646.355954
163251, 1, 20241223202647.355971
163311, 1, 20241223202648.355997
163371, 1, 20241223202649.356028
163431, 1, 20241223202650.356059
163491, 1, 20241223202651.356105
163551, 1, 20241223202652.356115
163611, 1, 20241223202653.356136
163671, 1, 20241223202654.356157
163731, 1, 20241223202655.356201
163791, 1, 20241223202656.356230
163851, 1, 20241223202657.356257
163911, 1, 20241223202658.356290
163971, 1, 20241223202659.356324
164031, 1, 20241223202700.356372
164091, 1, 20241223202701.356386
164151, 1, 20241223202702.356396
164211, 1, 20241223202703.356434
164271, 1, 20241223202704.356468
164331, 1, 20241223202705.356503
164391, 1, 20241223202706.356518
164451, 1, 20241223202707.356544
164511, 1, 20241223202708.356578
164571, 1, 20241223202709.356600
164631, 1, 20241223202710.356636
164691, 1, 20241223202711.356667
164751, 1, 20241223202712.356687
164811, 1, 20241223202713.356730
164871, 1, 20241223202714.356739
164931, 1, 20241223202715.356786
164991, 1, 20241223202716.356802
165051, 1, 20241223202717.356844
165111, 1, 20241223202718.356865
165171, 1, 20241223202719.356923
165231, 1, 20241223202720.356934
165291, 1, 20241223202721.356966
165351, 1, 20241223202722.356990
165411, 1, 20241223202723.357014
165471, 1, 20241223202724.357035
165531, 1, 20241223202725.357079
165591, 1, 20241223202726.357091
165651, 1, 20241223202727.357153
