337965, 1, 20241224113031.767026
338025, 1, 20241224113032.767051
338085, 1, 20241224113033.767081
338145, 1, 20241224113034.767104
338205, 1, 20241224113035.767145
338265, 1, 20241224113036.767166
338325, 1, 20241224113037.767185
338385, 1, 20241224113038.767229
338445, 1, 20241224113039.767247
338505, 1, 20241224113040.767287
338565, 1, 20241224113041.767311
338625, 1, 20241224113042.767354
338685, 1, 20241224113043.767380
338745, 1, 20241224113044.767398
338805, 1, 20241224113045.767419
338865, 1, 20241224113046.767461
338925, 1, 20241224113047.767482
338985, 1, 20241224113048.767531
339045, 1, 20241224113049.767540
339105, 1, 20241224113050.767580
339165, 1, 20241224113051.767607
339225, 1, 20241224113052.767657
339285, 1, 20241224113053.767671
339345, 1, 20241224113054.767697
339405, 1, 20241224113055.767714
339465, 1, 20241224113056.767746
339525, 1, 20241224113057.767784
339585, 1, 20241224113058.767798
339645, 1, 20241224113059.767833
339705, 1, 20241224113100.767865
339765, 1, 20241224113101.767895
339825, 1, 20241224113102.767924
339885, 1, 20241224113103.767942
339945, 1, 20241224113104.767986
340005, 1, 20241224113105.768016
340065, 1, 20241224113106.768024
340125, 1, 20241224113107.768052
340185, 1, 20241224113108.768112
340245, 1, 20241224113109.768111
340305, 1, 20241224113110.768142
340365, 1, 20241224113111.768199
340425, 1, 20241224113112.768228
340485, 1, 20241224113113.768224
340545, 1, 20241224113114.768256
340605, 1, 20241224113115.768286
340665, 1, 20241224113116.768325
340725, 1, 20241224113117.768333
340785, 1, 20241224113118.768361
340845, 1, 20241224113119.768402
340905, 1, 20241224113120.768428
340965, 1, 20241224113121.768467
341025, 1, 20241224113122.768491
341085, 1, 20241224113123.768510
341145, 1, 20241224113124.768549
341205, 1, 20241224113125.768572
341265, 1, 20241224113126.768604
341325, 1, 20241224113127.768638
