390113, 1, 20250106183221.255016
390173, 1, 20250106183222.255074
390233, 1, 20250106183223.255089
390293, 1, 20250106183224.255119
390353, 1, 20250106183225.255141
390413, 1, 20250106183226.255190
390473, 1, 20250106183227.255225
390533, 1, 20250106183228.255245
390593, 1, 20250106183229.255261
390653, 1, 20250106183230.255290
390713, 1, 20250106183231.255325
390773, 1, 20250106183232.255360
390833, 1, 20250106183233.255387
390893, 1, 20250106183234.255412
390953, 1, 20250106183235.255467
391013, 1, 20250106183236.255478
391073, 1, 20250106183237.255503
391133, 1, 20250106183238.255536
391193, 1, 20250106183239.255556
391253, 1, 20250106183240.255585
391313, 1, 20250106183241.255631
391373, 1, 20250106183242.255660
391433, 1, 20250106183243.255686
391493, 1, 20250106183244.255714
391553, 1, 20250106183245.255740
391613, 1, 20250106183246.255773
391673, 1, 20250106183247.255794
391733, 1, 20250106183248.255835
391793, 1, 20250106183249.255870
391853, 1, 20250106183250.255892
391913, 1, 20250106183251.255919
391973, 1, 20250106183252.255951
392033, 1, 20250106183253.255976
392093, 1, 20250106183254.256006
392153, 1, 20250106183255.256050
392213, 1, 20250106183256.256072
392273, 1, 20250106183257.256107
392333, 1, 20250106183258.256122
392393, 1, 20250106183259.256158
392453, 1, 20250106183300.256186
392513, 1, 20250106183301.256217
392573, 1, 20250106183302.256248
392633, 1, 20250106183303.256270
392693, 1, 20250106183304.256305
392753, 1, 20250106183305.256355
392813, 1, 20250106183306.256373
392873, 1, 20250106183307.256396
392933, 1, 20250106183308.256432
392993, 1, 20250106183309.256454
393053, 1, 20250106183310.256491
393113, 1, 20250106183311.256505
393173, 1, 20250106183312.256536
393233, 1, 20250106183313.256567
393293, 1, 20250106183314.256613
393353, 1, 20250106183315.256637
393413, 1, 20250106183316.256668
393473, 1, 20250106183317.256696
393533, 1, 20250106183318.256716
393593, 1, 20250106183319.256751
393653, 1, 20250106183320.256791
393713, 1, 20250106183321.256812
393773, 1, 20250106183322.256851
393833, 1, 20250106183323.256871
393893, 1, 20250106183324.256923
393953, 1, 20250106183325.256957
394013, 1, 20250106183326.256960
394073, 1, 20250106183327.256982
394133, 1, 20250106183328.257040
394193, 1, 20250106183329.257056
394253, 1, 20250106183330.257082
394313, 1, 20250106183331.257113
394373, 1, 20250106183332.257137
394433, 1, 20250106183333.257179
394493, 1, 20250106183334.257220
394553, 1, 20250106183335.257239
394613, 1, 20250106183336.257252
394673, 1, 20250106183337.257276
394733, 1, 20250106183338.257308
394793, 1, 20250106183339.257353
394853, 1, 20250106183340.257347
394913, 1, 20250106183341.257395
394973, 1, 20250106183342.257442
395033, 1, 20250106183343.257470
395093, 1, 20250106183344.257488
395153, 1, 20250106183345.257517
395213, 1, 20250106183346.257560
395273, 1, 20250106183347.257599
395333, 1, 20250106183348.257625
395393, 1, 20250106183349.257658
395453, 1, 20250106183350.257675
395513, 1, 20250106183351.257698
395573, 1, 20250106183352.257738
395633, 1, 20250106183353.257772
395693, 1, 20250106183354.257805
395753, 1, 20250106183355.257828
395813, 1, 20250106183356.257864
395873, 1, 20250106183357.257886
395933, 1, 20250106183358.257924
395993, 1, 20250106183359.257952
396053, 1, 20250106183400.257971
396113, 1, 20250106183401.258009
396173, 1, 20250106183402.258035
396233, 1, 20250106183403.258071
396293, 1, 20250106183404.258106
396353, 1, 20250106183405.258123
396413, 1, 20250106183406.258167
396473, 1, 20250106183407.258183
396533, 1, 20250106183408.258209
396593, 1, 20250106183409.258236
396653, 1, 20250106183410.258269
396713, 1, 20250106183411.258302
396773, 1, 20250106183412.258337
396833, 1, 20250106183413.258377
396893, 1, 20250106183414.258411
396953, 1, 20250106183415.258415
397013, 1, 20250106183416.258444
397073, 1, 20250106183417.258476
397133, 1, 20250106183418.258519
397193, 1, 20250106183419.258534
397253, 1, 20250106183420.258565
397313, 1, 20250106183421.258590
397373, 1, 20250106183422.258647
397433, 1, 20250106183423.258656
397493, 1, 20250106183424.258680
397553, 1, 20250106183425.258708
397613, 1, 20250106183426.258747
397673, 1, 20250106183427.258774
397733, 1, 20250106183428.258800
397793, 1, 20250106183429.258842
