148103, 1, 20250111213604.007542
148163, 1, 20250111213605.007576
148223, 1, 20250111213606.007599
148283, 1, 20250111213607.007627
148343, 1, 20250111213608.007651
148403, 1, 20250111213609.007709
148463, 1, 20250111213610.007730
148523, 1, 20250111213611.007741
148583, 1, 20250111213612.007774
148643, 1, 20250111213613.007814
148703, 1, 20250111213614.007833
148763, 1, 20250111213615.007864
148823, 1, 20250111213616.007890
148883, 1, 20250111213617.007930
148943, 1, 20250111213618.007953
149003, 1, 20250111213619.007993
